data_building\cam1_pose\cam1_20241214_171222_0000.png [[221, 63], [228, 57], [214, 57], [238, 62], [202, 63], [259, 113], [187, 117], [291, 167], [163, 174], [322, 212], [123, 225], [257, 231], [210, 234], [265, 314], [213, 320], [275, 392], [211, 399]]
data_building\cam1_pose\cam1_20241214_171222_0001.png [[221, 63], [228, 57], [214, 57], [238, 62], [202, 63], [260, 113], [187, 117], [291, 168], [162, 174], [324, 214], [123, 225], [257, 233], [210, 234], [265, 315], [214, 320], [275, 392], [210, 399]]
data_building\cam1_pose\cam1_20241214_171222_0002.png [[221, 63], [229, 57], [214, 57], [238, 62], [202, 63], [260, 113], [187, 117], [291, 167], [163, 173], [324, 213], [123, 225], [257, 233], [210, 235], [265, 315], [214, 321], [275, 392], [210, 399]]
data_building\cam1_pose\cam1_20241214_171222_0003.png [[223, 63], [230, 56], [216, 56], [239, 62], [204, 62], [261, 112], [188, 116], [293, 167], [163, 171], [325, 211], [125, 224], [260, 230], [213, 233], [268, 312], [215, 318], [276, 392], [210, 399]]
data_building\cam1_pose\cam1_20241214_171222_0004.png [[224, 62], [232, 56], [217, 56], [240, 62], [205, 62], [262, 112], [189, 116], [294, 167], [164, 171], [328, 212], [125, 224], [262, 232], [214, 236], [269, 314], [215, 319], [276, 392], [210, 399]]
data_building\cam1_pose\cam1_20241214_171222_0005.png [[232, 63], [239, 56], [225, 56], [247, 62], [212, 61], [268, 112], [195, 116], [299, 166], [170, 171], [331, 210], [127, 226], [267, 228], [219, 232], [272, 312], [220, 318], [277, 393], [211, 400]]
data_building\cam1_pose\cam1_20241214_171222_0006.png [[241, 63], [247, 57], [233, 57], [255, 62], [220, 61], [275, 113], [202, 116], [305, 167], [176, 169], [338, 212], [137, 222], [274, 230], [226, 232], [276, 312], [223, 317], [277, 393], [211, 399]]
data_building\cam1_pose\cam1_20241214_171223_0007.png [[248, 63], [254, 57], [241, 57], [262, 62], [227, 61], [281, 113], [208, 115], [311, 168], [182, 167], [346, 213], [142, 219], [278, 230], [230, 232], [279, 314], [225, 317], [277, 393], [211, 399]]
data_building\cam1_pose\cam1_20241214_171223_0008.png [[251, 62], [258, 56], [244, 55], [265, 61], [230, 59], [285, 112], [211, 114], [315, 167], [184, 165], [353, 218], [148, 215], [280, 233], [232, 233], [279, 316], [224, 317], [277, 394], [210, 397]]
data_building\cam1_pose\cam1_20241214_171223_0009.png [[250, 61], [257, 55], [243, 54], [264, 60], [229, 59], [283, 111], [209, 113], [313, 167], [181, 165], [348, 212], [142, 217], [279, 233], [229, 234], [278, 316], [220, 317], [277, 394], [205, 399]]
data_building\cam1_pose\cam1_20241214_171223_0010.png [[249, 61], [256, 55], [242, 54], [263, 60], [227, 59], [281, 111], [207, 114], [312, 168], [180, 165], [347, 212], [140, 219], [278, 233], [229, 234], [278, 316], [220, 317], [277, 394], [205, 400]]
data_building\cam1_pose\cam1_20241214_171223_0011.png [[242, 61], [249, 56], [235, 55], [256, 61], [220, 59], [275, 112], [201, 113], [304, 166], [172, 167], [348, 220], [133, 221], [272, 233], [223, 233], [275, 315], [218, 318], [277, 393], [207, 402]]
data_building\cam1_pose\cam1_20241214_171223_0012.png [[233, 61], [239, 55], [226, 54], [245, 60], [210, 58], [265, 112], [190, 113], [297, 168], [160, 170], [345, 225], [124, 220], [264, 232], [215, 235], [270, 319], [213, 320], [276, 393], [206, 403]]
data_building\cam1_pose\cam1_20241214_171223_0013.png [[231, 60], [237, 54], [223, 54], [208, 58], [262, 112], [187, 113], [294, 168], [157, 171], [343, 225], [119, 222], [262, 233], [212, 234], [269, 319], [211, 319], [276, 393], [206, 402]]
data_building\cam1_pose\cam1_20241214_171223_0014.png [[223, 60], [229, 54], [215, 53], [235, 60], [199, 57], [254, 112], [178, 111], [285, 166], [152, 167], [334, 225], [117, 215], [252, 234], [203, 237], [263, 318], [205, 321], [275, 393], [206, 402]]
data_building\cam1_pose\cam1_20241214_171223_0015.png [[217, 60], [223, 54], [209, 53], [193, 57], [247, 112], [170, 110], [279, 166], [143, 168], [328, 225], [106, 220], [244, 234], [196, 235], [260, 320], [201, 324], [275, 393], [205, 403]]
data_building\cam1_pose\cam1_20241214_171224_0016.png [[214, 59], [220, 53], [206, 52], [189, 56], [243, 111], [166, 110], [275, 165], [137, 167], [325, 226], [103, 219], [245, 234], [196, 237], [258, 316], [202, 326], [269, 391], [206, 403]]
data_building\cam1_pose\cam1_20241214_171224_0017.png [[214, 59], [220, 53], [206, 51], [189, 56], [242, 110], [166, 110], [274, 165], [137, 167], [324, 226], [101, 220], [246, 234], [197, 237], [257, 317], [203, 326], [267, 392], [206, 403]]
data_building\cam1_pose\cam1_20241214_171224_0018.png [[217, 59], [223, 53], [209, 52], [191, 56], [245, 111], [169, 110], [276, 165], [141, 167], [324, 223], [106, 221], [249, 236], [201, 239], [256, 321], [205, 326], [262, 393], [206, 403]]
data_building\cam1_pose\cam1_20241214_171224_0019.png [[224, 60], [230, 54], [216, 53], [198, 57], [252, 112], [178, 110], [282, 167], [150, 168], [331, 225], [116, 225], [254, 231], [208, 234], [258, 321], [207, 325], [262, 394], [206, 403]]
data_building\cam1_pose\cam1_20241214_171224_0020.png [[231, 61], [237, 56], [224, 54], [206, 58], [259, 113], [184, 111], [287, 167], [159, 167], [320, 207], [132, 220], [260, 230], [213, 233], [261, 320], [212, 323], [262, 395], [206, 403]]
data_building\cam1_pose\cam1_20241214_171224_0021.png [[233, 62], [238, 56], [225, 54], [207, 58], [260, 114], [187, 111], [290, 167], [161, 166], [321, 207], [133, 220], [261, 233], [214, 235], [262, 321], [213, 326], [263, 395], [206, 403]]
data_building\cam1_pose\cam1_20241214_171224_0022.png [[238, 62], [244, 57], [230, 55], [212, 59], [263, 114], [190, 110], [292, 168], [166, 165], [325, 208], [135, 220], [265, 230], [218, 233], [263, 321], [215, 325], [263, 395], [206, 403]]
data_building\cam1_pose\cam1_20241214_171224_0023.png [[241, 63], [246, 57], [233, 56], [215, 59], [265, 114], [193, 110], [294, 168], [167, 164], [326, 208], [136, 219], [267, 230], [221, 232], [264, 321], [216, 325], [263, 395], [206, 403]]
data_building\cam1_pose\cam1_20241214_171224_0024.png [[244, 63], [250, 57], [238, 56], [219, 59], [268, 114], [197, 110], [296, 169], [170, 163], [328, 209], [139, 217], [268, 234], [222, 234], [265, 322], [216, 325], [262, 395], [205, 401]]
data_building\cam1_pose\cam1_20241214_171224_0025.png [[244, 63], [250, 57], [238, 55], [219, 58], [267, 114], [196, 109], [294, 168], [169, 163], [326, 207], [137, 217], [267, 231], [220, 231], [264, 321], [214, 325], [263, 395], [206, 400]]
data_building\cam1_pose\cam1_20241214_171225_0026.png [[240, 63], [245, 57], [233, 56], [214, 59], [262, 115], [191, 110], [290, 169], [162, 164], [322, 209], [129, 219], [264, 233], [218, 235], [263, 322], [215, 327], [262, 395], [208, 402]]
data_building\cam1_pose\cam1_20241214_171225_0027.png [[238, 63], [243, 58], [231, 56], [212, 58], [260, 114], [189, 110], [287, 169], [160, 164], [320, 209], [127, 219], [263, 234], [216, 237], [262, 323], [214, 327], [262, 395], [208, 402]]
data_building\cam1_pose\cam1_20241214_171225_0028.png [[236, 63], [241, 57], [229, 55], [210, 58], [259, 115], [186, 110], [286, 169], [158, 164], [321, 211], [127, 218], [261, 231], [214, 234], [262, 322], [212, 327], [262, 395], [207, 402]]
data_building\cam1_pose\cam1_20241214_171225_0029.png [[227, 62], [232, 56], [220, 54], [201, 57], [250, 114], [178, 110], [278, 167], [150, 167], [313, 211], [118, 223], [254, 229], [208, 234], [258, 321], [208, 329], [262, 395], [207, 402]]
data_building\cam1_pose\cam1_20241214_171225_0030.png [[221, 61], [226, 55], [214, 54], [194, 57], [244, 113], [171, 109], [272, 167], [145, 166], [305, 207], [115, 220], [249, 229], [202, 234], [255, 321], [205, 326], [262, 394], [206, 402]]
data_building\cam1_pose\cam1_20241214_171225_0031.png [[220, 61], [225, 55], [212, 54], [192, 57], [242, 113], [168, 110], [271, 167], [142, 167], [304, 207], [112, 221], [247, 232], [200, 237], [255, 321], [203, 328], [262, 394], [206, 402]]
data_building\cam1_pose\cam1_20241214_171225_0032.png [[214, 60], [218, 54], [206, 53], [185, 55], [235, 111], [162, 108], [263, 166], [136, 165], [298, 208], [107, 221], [243, 232], [196, 238], [252, 320], [202, 329], [261, 391], [206, 402]]
data_building\cam1_pose\cam1_20241214_171225_0033.png [[213, 60], [218, 54], [206, 52], [185, 54], [233, 111], [161, 107], [262, 166], [134, 167], [295, 208], [107, 225], [243, 231], [196, 237], [251, 319], [202, 328], [258, 392], [206, 402]]
data_building\cam1_pose\cam1_20241214_171225_0034.png [[213, 60], [218, 54], [206, 52], [185, 54], [233, 111], [161, 108], [261, 166], [135, 165], [294, 207], [109, 224], [242, 230], [196, 236], [250, 321], [202, 329], [258, 392], [206, 402]]
data_building\cam1_pose\cam1_20241214_171225_0035.png [[219, 61], [223, 56], [212, 53], [190, 55], [236, 113], [165, 107], [264, 169], [141, 167], [296, 210], [116, 223], [245, 233], [199, 238], [249, 319], [202, 327], [255, 393], [206, 402]]
data_building\cam1_pose\cam1_20241214_171226_0036.png [[224, 63], [229, 57], [217, 54], [196, 56], [240, 114], [170, 108], [266, 170], [146, 168], [298, 211], [121, 225], [247, 234], [201, 238], [251, 323], [205, 332], [255, 394], [206, 403]]
data_building\cam1_pose\cam1_20241214_171226_0037.png [[232, 64], [237, 59], [226, 56], [204, 57], [247, 116], [178, 108], [272, 170], [154, 164], [302, 213], [133, 218], [253, 234], [208, 237], [254, 324], [208, 332], [255, 394], [207, 403]]
data_building\cam1_pose\cam1_20241214_171226_0038.png [[235, 65], [239, 60], [228, 57], [206, 58], [248, 116], [180, 108], [274, 171], [157, 163], [302, 212], [135, 219], [255, 236], [209, 239], [255, 324], [209, 331], [255, 394], [207, 403]]
data_building\cam1_pose\cam1_20241214_171226_0039.png [[243, 66], [247, 60], [236, 58], [215, 59], [256, 116], [189, 108], [281, 170], [166, 162], [310, 211], [148, 215], [260, 234], [215, 235], [258, 320], [214, 326], [255, 394], [208, 402]]
data_building\cam1_pose\cam1_20241214_171226_0040.png [[244, 66], [247, 60], [236, 58], [215, 59], [256, 116], [190, 108], [281, 170], [166, 161], [308, 210], [148, 215], [260, 233], [216, 233], [258, 319], [214, 326], [256, 394], [208, 402]]
data_building\cam1_pose\cam1_20241214_171226_0041.png [[242, 65], [245, 60], [235, 57], [213, 58], [254, 116], [187, 108], [278, 170], [165, 164], [306, 211], [145, 217], [260, 230], [216, 231], [257, 316], [213, 324], [255, 394], [207, 403]]
data_building\cam1_pose\cam1_20241214_171226_0042.png [[236, 64], [240, 60], [230, 56], [208, 57], [248, 116], [181, 109], [273, 172], [160, 164], [301, 212], [140, 219], [257, 230], [213, 234], [256, 317], [214, 326], [255, 394], [208, 408]]
data_building\cam1_pose\cam1_20241214_171226_0043.png [[235, 64], [238, 59], [228, 56], [206, 57], [246, 116], [178, 109], [272, 172], [158, 166], [300, 212], [139, 220], [255, 229], [212, 233], [256, 316], [213, 326], [255, 394], [208, 407]]
data_building\cam1_pose\cam1_20241214_171226_0044.png [[226, 62], [230, 57], [220, 53], [197, 55], [237, 113], [170, 107], [264, 170], [149, 165], [292, 211], [132, 220], [248, 229], [203, 233], [252, 315], [208, 327], [255, 393], [207, 407]]
data_building\cam1_pose\cam1_20241214_171227_0045.png [[219, 60], [223, 54], [211, 51], [188, 52], [229, 112], [161, 106], [257, 170], [139, 169], [287, 211], [121, 225], [242, 231], [197, 237], [249, 319], [203, 330], [254, 393], [207, 409]]
data_building\cam1_pose\cam1_20241214_171227_0046.png [[217, 59], [221, 54], [211, 51], [187, 52], [228, 111], [160, 106], [255, 168], [138, 170], [285, 211], [119, 225], [241, 228], [197, 235], [248, 317], [203, 329], [254, 393], [206, 409]]
data_building\cam1_pose\cam1_20241214_171227_0047.png [[214, 57], [218, 52], [207, 48], [183, 50], [223, 110], [155, 104], [251, 171], [136, 169], [278, 211], [118, 227], [238, 230], [194, 236], [245, 316], [202, 331], [251, 393], [206, 409]]
data_building\cam1_pose\cam1_20241214_171227_0048.png [[214, 57], [217, 52], [207, 48], [183, 49], [223, 110], [155, 103], [250, 171], [136, 168], [278, 212], [119, 225], [237, 230], [193, 236], [244, 318], [202, 332], [251, 393], [206, 409]]
data_building\cam1_pose\cam1_20241214_171227_0049.png [[213, 57], [217, 52], [206, 48], [182, 49], [222, 110], [154, 103], [248, 171], [136, 167], [276, 211], [121, 223], [235, 229], [191, 235], [241, 315], [201, 332], [247, 394], [206, 409]]
data_building\cam1_pose\cam1_20241214_171227_0050.png [[215, 57], [218, 52], [208, 48], [184, 49], [222, 110], [155, 102], [249, 172], [137, 165], [277, 210], [122, 222], [235, 228], [193, 233], [239, 312], [201, 329], [245, 394], [206, 409]]
data_building\cam1_pose\cam1_20241214_171227_0051.png [[215, 57], [218, 52], [208, 48], [185, 49], [222, 110], [156, 102], [249, 171], [138, 165], [275, 210], [124, 220], [235, 228], [193, 233], [239, 312], [202, 329], [245, 393], [206, 409]]
data_building\cam1_pose\cam1_20241214_171227_0052.png [[219, 59], [223, 54], [212, 51], [188, 50], [225, 111], [161, 102], [251, 171], [144, 165], [277, 213], [132, 220], [237, 229], [195, 233], [240, 316], [202, 331], [244, 394], [206, 409]]
data_building\cam1_pose\cam1_20241214_171227_0053.png [[225, 62], [228, 57], [218, 53], [195, 53], [229, 112], [166, 103], [254, 170], [152, 163], [277, 212], [141, 218], [241, 231], [200, 236], [242, 317], [205, 329], [244, 394], [206, 409]]
data_building\cam1_pose\cam1_20241214_171227_0054.png [[232, 65], [236, 60], [226, 56], [202, 55], [235, 115], [175, 103], [260, 173], [159, 162], [283, 215], [146, 215], [246, 230], [206, 233], [246, 317], [209, 328], [244, 395], [208, 407]]
data_building\cam1_pose\cam1_20241214_171228_0055.png [[238, 66], [241, 62], [232, 58], [209, 57], [239, 116], [181, 104], [262, 172], [164, 161], [284, 215], [151, 213], [248, 229], [211, 233], [247, 314], [212, 323], [244, 395], [208, 406]]
data_building\cam1_pose\cam1_20241214_171228_0056.png [[238, 66], [242, 62], [233, 58], [210, 57], [240, 116], [182, 104], [262, 173], [165, 162], [284, 215], [152, 214], [249, 230], [212, 234], [247, 315], [213, 324], [244, 395], [209, 406]]
data_building\cam1_pose\cam1_20241214_171228_0057.png [[241, 67], [244, 63], [235, 58], [212, 57], [241, 116], [184, 102], [263, 173], [168, 160], [285, 217], [156, 214], [250, 227], [212, 231], [248, 315], [213, 324], [244, 395], [211, 408]]
data_building\cam1_pose\cam1_20241214_171228_0058.png [[239, 65], [242, 62], [233, 57], [211, 56], [238, 115], [183, 101], [262, 171], [167, 160], [284, 216], [157, 214], [248, 226], [211, 230], [248, 315], [212, 323], [243, 395], [211, 410]]
data_building\cam1_pose\cam1_20241214_171228_0059.png [[238, 65], [241, 61], [233, 57], [210, 55], [237, 114], [182, 101], [260, 170], [167, 161], [282, 214], [156, 215], [247, 224], [211, 228], [247, 314], [212, 323], [244, 395], [209, 411]]
data_building\cam1_pose\cam1_20241214_171228_0060.png [[234, 63], [237, 59], [229, 54], [205, 54], [232, 112], [178, 100], [254, 166], [163, 161], [277, 214], [154, 215], [244, 225], [209, 228], [246, 314], [211, 324], [244, 395], [209, 411]]
data_building\cam1_pose\cam1_20241214_171228_0061.png [[229, 60], [232, 55], [223, 51], [199, 50], [223, 107], [172, 97], [249, 165], [160, 159], [271, 212], [151, 215], [240, 222], [203, 226], [243, 316], [207, 326], [244, 394], [208, 414]]
data_building\cam1_pose\cam1_20241214_171228_0062.png [[228, 58], [230, 54], [222, 50], [198, 50], [220, 103], [171, 96], [247, 165], [160, 158], [269, 211], [151, 216], [239, 221], [202, 226], [242, 315], [206, 327], [244, 394], [208, 414]]
data_building\cam1_pose\cam1_20241214_171228_0063.png [[226, 56], [227, 51], [219, 47], [194, 47], [212, 95], [169, 94], [239, 160], [159, 158], [263, 208], [155, 225], [236, 220], [203, 226], [241, 314], [206, 328], [242, 394], [209, 412]]
data_building\cam1_pose\cam1_20241214_171229_0064.png [[226, 54], [227, 49], [220, 45], [195, 45], [206, 91], [170, 91], [233, 160], [163, 160], [259, 208], [163, 231], [233, 222], [203, 225], [239, 314], [207, 326], [238, 392], [209, 413]]
data_building\cam1_pose\cam1_20241214_171229_0065.png [[227, 53], [221, 44], [197, 44], [206, 89], [173, 89], [233, 164], [170, 159], [256, 210], [172, 229], [230, 222], [203, 225], [237, 314], [209, 324], [232, 393], [208, 413]]
data_building\cam1_pose\cam1_20241214_171229_0066.png [[229, 54], [223, 45], [199, 45], [207, 89], [177, 89], [234, 165], [175, 152], [252, 209], [188, 232], [231, 224], [206, 226], [236, 321], [212, 329], [229, 393], [208, 413]]
data_building\cam1_pose\cam1_20241214_171229_0067.png [[231, 57], [225, 48], [202, 48], [202, 90], [181, 90], [185, 152], [199, 226], [229, 224], [210, 227], [236, 317], [214, 325], [226, 395], [208, 413]]
data_building\cam1_pose\cam1_20241214_171229_0068.png [[233, 60], [228, 51], [206, 51], [200, 90], [187, 92], [191, 153], [208, 225], [232, 229], [212, 231], [238, 315], [217, 323], [226, 395], [209, 411]]
data_building\cam1_pose\cam1_20241214_171229_0069.png [[234, 60], [229, 52], [207, 52], [200, 91], [188, 92], [191, 153], [211, 225], [234, 231], [215, 234], [238, 315], [218, 322], [227, 394], [209, 411]]
data_building\cam1_pose\cam1_20241214_171229_0070.png [[235, 61], [230, 52], [208, 53], [203, 91], [189, 92], [194, 156], [212, 223], [233, 227], [215, 229], [238, 311], [218, 319], [226, 394], [209, 410]]
data_building\cam1_pose\cam1_20241214_171229_0071.png [[237, 63], [231, 55], [210, 55], [205, 93], [192, 95], [199, 156], [220, 219], [236, 230], [216, 232], [239, 314], [220, 320], [227, 395], [209, 410]]
data_building\cam1_pose\cam1_20241214_171229_0072.png [[238, 65], [232, 57], [212, 57], [209, 95], [195, 96], [203, 157], [223, 223], [238, 231], [217, 232], [239, 314], [222, 321], [227, 396], [209, 411]]
data_building\cam1_pose\cam1_20241214_171230_0073.png [[238, 65], [233, 57], [212, 56], [209, 95], [196, 96], [204, 156], [224, 219], [236, 233], [216, 230], [238, 315], [222, 321], [227, 395], [212, 413]]
data_building\cam1_pose\cam1_20241214_171230_0074.png [[237, 64], [232, 56], [212, 55], [208, 95], [196, 96], [205, 158], [226, 222], [232, 233], [214, 229], [235, 313], [222, 321], [227, 394], [215, 414]]
data_building\cam1_pose\cam1_20241214_171230_0075.png [[235, 63], [231, 54], [210, 54], [209, 94], [194, 96], [205, 158], [225, 219], [226, 230], [212, 227], [233, 311], [221, 321], [227, 395], [215, 414]]
data_building\cam1_pose\cam1_20241214_171230_0076.png [[234, 60], [229, 51], [208, 51], [208, 91], [193, 94], [203, 159], [225, 220], [224, 233], [210, 230], [233, 315], [220, 322], [227, 392], [214, 414]]
data_building\cam1_pose\cam1_20241214_171230_0077.png [[233, 57], [229, 48], [208, 48], [207, 90], [192, 91], [203, 158], [226, 219], [218, 230], [208, 230], [233, 317], [218, 322], [227, 392], [215, 414]]
data_building\cam1_pose\cam1_20241214_171230_0078.png [[233, 56], [228, 47], [208, 47], [197, 89], [193, 90], [205, 159], [226, 218], [217, 228], [208, 230], [233, 320], [218, 324], [227, 392], [214, 414]]
data_building\cam1_pose\cam1_20241214_171230_0079.png [[233, 56], [228, 47], [208, 46], [198, 89], [193, 89], [205, 158], [227, 219], [217, 230], [208, 231], [233, 320], [218, 324], [226, 392], [214, 414]]
data_building\cam1_pose\cam1_20241214_171230_0080.png [[233, 56], [229, 47], [209, 46], [198, 89], [194, 89], [205, 157], [232, 218], [207, 233], [210, 232], [225, 317], [219, 327], [221, 393], [214, 415]]
data_building\cam1_pose\cam1_20241214_171230_0081.png [[233, 57], [229, 48], [209, 47], [204, 89], [194, 89], [207, 157], [233, 217], [205, 234], [210, 233], [218, 319], [219, 327], [221, 394], [214, 415]]
data_building\cam1_pose\cam1_20241214_171230_0082.png [[233, 59], [229, 50], [210, 48], [207, 90], [195, 91], [209, 158], [238, 216], [206, 233], [211, 233], [214, 318], [220, 326], [220, 397], [214, 415]]
data_building\cam1_pose\cam1_20241214_171231_0083.png [[233, 60], [229, 51], [210, 50], [207, 91], [195, 92], [211, 158], [238, 216], [206, 234], [212, 233], [214, 318], [220, 325], [221, 397], [214, 415]]
data_building\cam1_pose\cam1_20241214_171231_0084.png [[233, 66], [230, 57], [212, 55], [197, 95], [200, 95], [217, 159], [247, 214], [209, 236], [214, 236], [215, 322], [222, 326], [222, 398], [215, 414]]
data_building\cam1_pose\cam1_20241214_171231_0085.png [[235, 66], [231, 58], [214, 56], [194, 97], [203, 95], [222, 159], [250, 210], [208, 234], [215, 234], [214, 321], [224, 323], [222, 398], [215, 413]]
data_building\cam1_pose\cam1_20241214_171231_0086.png [[235, 66], [232, 58], [215, 57], [194, 97], [203, 95], [223, 159], [251, 208], [208, 233], [215, 233], [215, 321], [223, 323], [223, 399], [216, 413]]
data_building\cam1_pose\cam1_20241214_171231_0087.png [[236, 65], [233, 57], [217, 56], [197, 96], [205, 95], [227, 159], [255, 207], [205, 233], [217, 233], [211, 321], [226, 321], [217, 401], [222, 414]]
data_building\cam1_pose\cam1_20241214_171231_0088.png [[238, 65], [234, 56], [218, 55], [194, 97], [208, 95], [228, 159], [257, 207], [205, 234], [219, 234], [211, 321], [227, 323], [216, 406], [224, 417]]
data_building\cam1_pose\cam1_20241214_171231_0089.png [[238, 64], [234, 55], [219, 54], [194, 96], [208, 95], [228, 159], [258, 208], [205, 234], [219, 235], [212, 321], [227, 323], [216, 406], [224, 416]]
data_building\cam1_pose\cam1_20241214_171231_0090.png [[239, 62], [236, 52], [221, 52], [196, 95], [211, 93], [235, 160], [264, 210], [207, 231], [222, 232], [212, 320], [227, 323], [217, 406], [224, 417]]
data_building\cam1_pose\cam1_20241214_171231_0091.png [[241, 59], [238, 50], [224, 50], [197, 93], [214, 91], [236, 157], [269, 211], [208, 231], [224, 233], [212, 319], [228, 323], [217, 404], [224, 417]]
data_building\cam1_pose\cam1_20241214_171232_0092.png [[244, 57], [241, 48], [226, 47], [196, 95], [217, 89], [239, 157], [274, 210], [208, 232], [224, 233], [212, 320], [228, 324], [217, 405], [225, 418]]
data_building\cam1_pose\cam1_20241214_171232_0093.png [[245, 56], [242, 47], [227, 46], [193, 101], [218, 88], [242, 156], [277, 212], [206, 230], [224, 231], [211, 321], [228, 325], [215, 405], [225, 419]]
data_building\cam1_pose\cam1_20241214_171232_0094.png [[245, 56], [242, 47], [227, 46], [193, 101], [218, 88], [241, 156], [277, 210], [207, 230], [224, 230], [211, 321], [228, 325], [214, 405], [225, 419]]
data_building\cam1_pose\cam1_20241214_171232_0095.png [[243, 57], [240, 47], [226, 47], [192, 101], [218, 88], [241, 155], [278, 209], [205, 228], [223, 230], [209, 318], [228, 325], [211, 404], [226, 419]]
data_building\cam1_pose\cam1_20241214_171232_0096.png [[239, 59], [236, 49], [223, 48], [187, 107], [216, 90], [241, 156], [276, 207], [205, 225], [223, 228], [208, 315], [228, 323], [210, 404], [226, 419]]
data_building\cam1_pose\cam1_20241214_171232_0097.png [[235, 61], [232, 52], [218, 51], [186, 106], [212, 93], [239, 159], [272, 207], [203, 226], [221, 228], [207, 315], [229, 323], [209, 403], [226, 418]]
data_building\cam1_pose\cam1_20241214_171232_0098.png [[234, 62], [231, 53], [217, 52], [185, 105], [211, 93], [240, 159], [271, 205], [204, 229], [221, 230], [207, 317], [228, 324], [209, 403], [226, 418]]
data_building\cam1_pose\cam1_20241214_171232_0099.png [[231, 65], [227, 57], [212, 55], [187, 101], [206, 95], [234, 160], [266, 205], [200, 231], [218, 234], [206, 320], [227, 324], [209, 404], [226, 417]]
data_building\cam1_pose\cam1_20241214_171233_0100.png [[229, 66], [226, 58], [209, 57], [186, 99], [202, 95], [227, 159], [258, 203], [199, 229], [216, 232], [205, 319], [226, 323], [208, 405], [225, 416]]
data_building\cam1_pose\cam1_20241214_171233_0101.png [[228, 66], [225, 58], [208, 57], [185, 98], [200, 95], [222, 159], [254, 204], [200, 232], [215, 233], [206, 320], [226, 323], [208, 405], [224, 416]]
data_building\cam1_pose\cam1_20241214_171233_0102.png [[228, 66], [224, 57], [207, 56], [185, 98], [198, 95], [220, 160], [251, 206], [202, 233], [215, 234], [207, 322], [226, 324], [208, 405], [224, 416]]
data_building\cam1_pose\cam1_20241214_171233_0103.png [[229, 65], [226, 56], [207, 54], [195, 93], [197, 94], [217, 158], [248, 207], [206, 236], [214, 236], [208, 324], [224, 326], [209, 402], [223, 417]]
data_building\cam1_pose\cam1_20241214_171233_0104.png [[232, 61], [226, 52], [209, 52], [197, 91], [197, 92], [216, 159], [245, 211], [206, 233], [215, 233], [208, 322], [224, 325], [209, 404], [223, 417]]
data_building\cam1_pose\cam1_20241214_171233_0105.png [[235, 60], [230, 51], [211, 50], [205, 90], [199, 89], [216, 158], [245, 215], [207, 235], [215, 234], [210, 326], [225, 327], [209, 404], [223, 417]]
data_building\cam1_pose\cam1_20241214_171233_0106.png [[237, 58], [232, 49], [212, 48], [204, 88], [199, 88], [216, 156], [244, 213], [208, 234], [215, 232], [212, 324], [226, 326], [211, 404], [223, 417]]
data_building\cam1_pose\cam1_20241214_171233_0107.png [[239, 57], [234, 48], [214, 47], [203, 87], [200, 87], [215, 153], [242, 214], [208, 231], [216, 230], [216, 320], [226, 324], [223, 401], [222, 415]]
data_building\cam1_pose\cam1_20241214_171234_0108.png [[240, 58], [235, 49], [215, 48], [203, 88], [200, 88], [215, 155], [241, 216], [208, 228], [215, 227], [218, 318], [226, 323], [226, 400], [221, 415]]
data_building\cam1_pose\cam1_20241214_171234_0109.png [[240, 60], [235, 51], [215, 51], [209, 91], [200, 92], [211, 157], [234, 218], [208, 233], [214, 230], [219, 317], [226, 323], [226, 401], [221, 414]]
data_building\cam1_pose\cam1_20241214_171234_0110.png [[240, 61], [235, 53], [215, 51], [209, 91], [200, 92], [210, 156], [230, 219], [208, 231], [215, 232], [219, 316], [226, 324], [226, 401], [221, 414]]
data_building\cam1_pose\cam1_20241214_171234_0111.png [[239, 64], [235, 56], [214, 54], [208, 94], [198, 95], [205, 158], [223, 219], [209, 231], [215, 231], [218, 315], [227, 321], [224, 403], [222, 413]]
data_building\cam1_pose\cam1_20241214_171234_0112.png [[239, 64], [235, 56], [214, 55], [208, 95], [198, 96], [205, 158], [222, 220], [209, 232], [215, 231], [219, 315], [226, 321], [225, 402], [222, 413]]
data_building\cam1_pose\cam1_20241214_171234_0113.png [[239, 65], [234, 57], [213, 57], [206, 96], [196, 96], [200, 158], [215, 221], [207, 226], [215, 231], [216, 309], [225, 315], [226, 399], [221, 411]]
data_building\cam1_pose\cam1_20241214_171234_0114.png [[239, 65], [234, 57], [213, 57], [206, 96], [195, 96], [198, 156], [213, 220], [210, 233], [215, 231], [215, 309], [224, 314], [225, 400], [221, 412]]
data_building\cam1_pose\cam1_20241214_171234_0115.png [[238, 65], [234, 57], [213, 58], [209, 95], [195, 96], [197, 156], [210, 221], [226, 225], [215, 228], [218, 306], [223, 312], [225, 399], [219, 411]]
data_building\cam1_pose\cam1_20241214_171234_0116.png [[238, 65], [233, 57], [212, 57], [209, 95], [193, 96], [197, 156], [210, 219], [228, 221], [214, 225], [229, 304], [221, 312], [224, 397], [217, 410]]
data_building\cam1_pose\cam1_20241214_171234_0117.png [[238, 65], [233, 57], [211, 57], [208, 95], [193, 96], [196, 156], [211, 220], [229, 226], [212, 229], [230, 305], [221, 313], [224, 398], [217, 410]]
data_building\cam1_pose\cam1_20241214_171235_0118.png [[237, 63], [231, 55], [210, 55], [209, 95], [190, 96], [194, 157], [210, 222], [227, 232], [211, 234], [232, 309], [219, 318], [224, 398], [217, 411]]
data_building\cam1_pose\cam1_20241214_171235_0119.png [[236, 62], [231, 54], [209, 54], [205, 93], [190, 95], [193, 156], [209, 222], [226, 230], [211, 232], [232, 309], [219, 318], [224, 397], [217, 411]]
data_building\cam1_pose\cam1_20241214_171235_0120.png [[236, 60], [231, 51], [209, 52], [204, 91], [189, 92], [191, 153], [204, 222], [225, 230], [209, 232], [231, 311], [218, 321], [224, 398], [217, 412]]
data_building\cam1_pose\cam1_20241214_171235_0121.png [[236, 59], [230, 51], [208, 51], [205, 91], [188, 91], [190, 153], [203, 222], [225, 229], [209, 231], [231, 311], [218, 321], [223, 396], [217, 412]]
data_building\cam1_pose\cam1_20241214_171235_0122.png [[235, 58], [230, 49], [208, 49], [204, 89], [187, 89], [187, 148], [200, 221], [228, 226], [209, 230], [234, 322], [217, 326], [225, 395], [217, 413]]
data_building\cam1_pose\cam1_20241214_171235_0123.png [[235, 57], [230, 48], [207, 48], [203, 88], [185, 88], [186, 149], [197, 222], [230, 224], [210, 227], [238, 321], [217, 325], [230, 393], [218, 414]]
data_building\cam1_pose\cam1_20241214_171235_0124.png [[235, 57], [230, 48], [207, 48], [202, 87], [185, 87], [185, 148], [196, 221], [231, 224], [210, 227], [238, 320], [217, 323], [230, 392], [218, 413]]
data_building\cam1_pose\cam1_20241214_171235_0125.png [[236, 57], [231, 48], [208, 48], [204, 90], [186, 90], [186, 152], [194, 227], [232, 225], [211, 228], [239, 318], [217, 324], [232, 395], [218, 413]]
data_building\cam1_pose\cam1_20241214_171235_0126.png [[237, 59], [232, 50], [209, 51], [205, 92], [187, 91], [185, 152], [193, 225], [235, 227], [210, 228], [239, 314], [218, 324], [232, 395], [218, 413]]
data_building\cam1_pose\cam1_20241214_171235_0127.png [[237, 59], [232, 51], [209, 51], [208, 93], [187, 92], [186, 154], [192, 226], [236, 227], [210, 228], [239, 314], [218, 323], [233, 396], [219, 412]]
data_building\cam1_pose\cam1_20241214_171236_0128.png [[239, 62], [234, 54], [211, 54], [215, 97], [190, 96], [239, 166], [185, 156], [256, 208], [186, 221], [238, 230], [214, 232], [239, 321], [220, 324], [233, 396], [218, 412]]
data_building\cam1_pose\cam1_20241214_171236_0129.png [[240, 63], [234, 54], [212, 55], [217, 98], [190, 97], [240, 166], [186, 158], [257, 209], [185, 221], [238, 231], [215, 233], [239, 317], [220, 322], [233, 395], [218, 412]]
data_building\cam1_pose\cam1_20241214_171236_0130.png [[241, 63], [235, 55], [213, 56], [219, 99], [191, 98], [242, 165], [185, 158], [260, 210], [184, 224], [238, 230], [214, 230], [239, 314], [219, 321], [232, 393], [218, 411]]
data_building\cam1_pose\cam1_20241214_171236_0131.png [[241, 63], [235, 55], [213, 56], [220, 99], [191, 98], [243, 165], [185, 159], [261, 211], [185, 223], [239, 231], [215, 231], [239, 313], [219, 321], [232, 393], [219, 412]]
data_building\cam1_pose\cam1_20241214_171236_0132.png [[238, 62], [232, 54], [209, 56], [219, 99], [188, 98], [247, 166], [179, 159], [268, 208], [175, 228], [241, 228], [212, 229], [241, 317], [218, 324], [234, 395], [216, 410]]
data_building\cam1_pose\cam1_20241214_171236_0133.png [[236, 61], [237, 56], [230, 53], [206, 55], [217, 99], [184, 97], [248, 166], [175, 159], [269, 208], [170, 221], [240, 228], [212, 229], [242, 317], [218, 324], [234, 395], [216, 410]]
data_building\cam1_pose\cam1_20241214_171236_0134.png [[235, 60], [228, 52], [206, 55], [217, 99], [183, 97], [250, 166], [173, 160], [270, 209], [170, 226], [241, 228], [212, 229], [242, 318], [217, 325], [234, 395], [216, 410]]
data_building\cam1_pose\cam1_20241214_171236_0135.png [[231, 57], [233, 53], [225, 50], [201, 52], [220, 99], [178, 96], [249, 164], [167, 159], [270, 208], [160, 218], [240, 226], [208, 229], [241, 319], [215, 327], [234, 395], [216, 410]]
data_building\cam1_pose\cam1_20241214_171236_0136.png [[229, 56], [231, 51], [223, 48], [199, 50], [218, 99], [176, 95], [247, 161], [162, 159], [270, 208], [155, 218], [239, 224], [208, 228], [242, 318], [213, 326], [234, 395], [216, 410]]
data_building\cam1_pose\cam1_20241214_171237_0137.png [[227, 54], [230, 49], [220, 46], [197, 49], [217, 98], [173, 95], [247, 161], [159, 159], [271, 207], [147, 216], [240, 222], [206, 227], [242, 315], [212, 328], [235, 393], [216, 410]]
data_building\cam1_pose\cam1_20241214_171237_0138.png [[227, 53], [230, 48], [220, 45], [196, 48], [221, 101], [173, 94], [249, 160], [158, 158], [273, 208], [146, 216], [243, 221], [208, 226], [244, 313], [213, 326], [241, 391], [217, 409]]
data_building\cam1_pose\cam1_20241214_171237_0139.png [[229, 53], [231, 48], [221, 45], [197, 48], [226, 103], [173, 95], [252, 160], [160, 158], [277, 209], [148, 214], [244, 219], [209, 225], [248, 311], [214, 324], [247, 392], [218, 410]]
data_building\cam1_pose\cam1_20241214_171237_0140.png [[230, 54], [233, 48], [222, 45], [198, 48], [227, 103], [174, 95], [253, 160], [160, 158], [277, 208], [148, 214], [245, 221], [210, 227], [250, 313], [214, 325], [248, 392], [218, 410]]
data_building\cam1_pose\cam1_20241214_171237_0141.png [[238, 57], [241, 52], [230, 50], [208, 52], [240, 109], [185, 99], [265, 165], [167, 158], [289, 210], [153, 214], [253, 225], [217, 228], [252, 315], [218, 325], [249, 393], [219, 410]]
data_building\cam1_pose\cam1_20241214_171237_0142.png [[239, 58], [242, 53], [232, 50], [209, 53], [243, 111], [186, 100], [266, 166], [169, 158], [293, 213], [154, 213], [254, 223], [217, 228], [253, 314], [220, 324], [249, 393], [219, 410]]
data_building\cam1_pose\cam1_20241214_171237_0143.png [[248, 62], [252, 56], [241, 54], [220, 57], [254, 114], [196, 105], [278, 169], [175, 162], [304, 210], [158, 214], [262, 225], [224, 230], [257, 314], [224, 320], [249, 392], [220, 409]]
data_building\cam1_pose\cam1_20241214_171237_0144.png [[251, 63], [254, 57], [244, 54], [222, 58], [258, 114], [198, 106], [283, 169], [176, 161], [308, 208], [157, 213], [265, 227], [226, 230], [257, 314], [224, 320], [250, 393], [218, 406]]
data_building\cam1_pose\cam1_20241214_171238_0145.png [[250, 62], [254, 57], [243, 54], [222, 58], [259, 114], [198, 106], [284, 169], [175, 161], [310, 207], [154, 212], [266, 226], [226, 230], [257, 314], [223, 319], [251, 393], [213, 406]]
data_building\cam1_pose\cam1_20241214_171238_0146.png [[247, 61], [251, 55], [239, 53], [218, 57], [257, 113], [195, 106], [283, 168], [172, 161], [309, 207], [149, 212], [263, 227], [223, 231], [257, 314], [220, 321], [251, 393], [211, 406]]
data_building\cam1_pose\cam1_20241214_171238_0147.png [[241, 59], [245, 53], [233, 51], [212, 55], [253, 113], [189, 105], [279, 168], [165, 161], [309, 208], [142, 215], [259, 227], [219, 231], [254, 315], [218, 323], [251, 394], [210, 407]]
data_building\cam1_pose\cam1_20241214_171238_0148.png [[235, 57], [239, 51], [227, 48], [205, 53], [248, 111], [181, 104], [276, 168], [156, 160], [304, 207], [130, 218], [256, 232], [213, 236], [251, 316], [214, 325], [251, 393], [209, 408]]
data_building\cam1_pose\cam1_20241214_171238_0149.png [[229, 55], [233, 49], [221, 47], [199, 51], [243, 110], [175, 103], [270, 167], [148, 164], [304, 210], [118, 223], [249, 230], [206, 233], [248, 316], [208, 325], [251, 394], [209, 408]]
data_building\cam1_pose\cam1_20241214_171238_0150.png [[227, 54], [232, 48], [219, 46], [197, 51], [242, 110], [174, 103], [268, 167], [146, 164], [302, 210], [115, 224], [248, 231], [204, 235], [247, 317], [206, 326], [251, 394], [209, 408]]
data_building\cam1_pose\cam1_20241214_171238_0151.png [[226, 54], [230, 48], [218, 46], [196, 51], [241, 110], [172, 102], [268, 167], [145, 162], [299, 208], [115, 220], [248, 229], [203, 233], [247, 316], [205, 325], [251, 393], [209, 407]]
data_building\cam1_pose\cam1_20241214_171238_0152.png [[223, 52], [227, 46], [215, 44], [193, 49], [239, 108], [169, 101], [266, 167], [142, 159], [299, 209], [109, 216], [247, 233], [202, 236], [250, 320], [204, 327], [253, 393], [209, 407]]
data_building\cam1_pose\cam1_20241214_171238_0153.png [[223, 52], [228, 45], [215, 44], [194, 48], [241, 108], [169, 101], [267, 165], [141, 158], [304, 210], [110, 215], [248, 230], [202, 234], [252, 317], [205, 328], [259, 393], [209, 407]]
data_building\cam1_pose\cam1_20241214_171238_0154.png [[224, 52], [229, 46], [216, 44], [195, 48], [241, 107], [171, 100], [268, 165], [142, 159], [302, 209], [109, 218], [249, 232], [202, 236], [254, 317], [205, 329], [261, 394], [209, 408]]
data_building\cam1_pose\cam1_20241214_171239_0155.png [[225, 52], [230, 47], [217, 45], [196, 49], [242, 107], [172, 101], [269, 165], [143, 160], [301, 206], [110, 219], [250, 231], [203, 235], [255, 317], [206, 329], [263, 393], [209, 407]]
data_building\cam1_pose\cam1_20241214_171239_0156.png [[229, 54], [235, 48], [222, 46], [201, 51], [248, 110], [176, 104], [277, 167], [147, 163], [311, 210], [113, 219], [255, 231], [209, 236], [258, 321], [208, 328], [263, 395], [209, 408]]
data_building\cam1_pose\cam1_20241214_171239_0157.png [[231, 54], [236, 49], [223, 47], [203, 51], [250, 111], [178, 104], [278, 167], [148, 164], [312, 210], [113, 221], [256, 229], [211, 233], [258, 318], [209, 328], [263, 394], [209, 407]]
data_building\cam1_pose\cam1_20241214_171239_0158.png [[232, 54], [238, 49], [225, 47], [205, 52], [252, 111], [180, 104], [280, 167], [151, 164], [314, 210], [115, 220], [257, 231], [212, 234], [258, 318], [210, 328], [263, 395], [209, 407]]
data_building\cam1_pose\cam1_20241214_171239_0159.png [[240, 56], [246, 51], [233, 48], [214, 54], [260, 111], [190, 106], [288, 168], [158, 163], [322, 209], [125, 218], [265, 230], [220, 233], [262, 321], [216, 326], [263, 395], [210, 407]]
data_building\cam1_pose\cam1_20241214_171239_0160.png [[242, 57], [248, 51], [235, 49], [215, 54], [262, 112], [192, 106], [290, 168], [161, 161], [325, 209], [127, 218], [266, 231], [222, 234], [263, 321], [217, 326], [263, 395], [211, 407]]
data_building\cam1_pose\cam1_20241214_171239_0161.png [[249, 58], [254, 53], [241, 51], [223, 56], [270, 113], [200, 107], [297, 170], [171, 161], [329, 206], [136, 218], [272, 231], [226, 233], [266, 317], [220, 324], [263, 395], [211, 405]]
data_building\cam1_pose\cam1_20241214_171239_0162.png [[250, 59], [256, 53], [242, 51], [224, 56], [271, 113], [202, 107], [299, 170], [172, 161], [331, 207], [137, 218], [273, 231], [226, 233], [266, 316], [220, 323], [264, 394], [211, 405]]
data_building\cam1_pose\cam1_20241214_171239_0163.png [[252, 59], [258, 53], [245, 51], [227, 57], [274, 112], [203, 108], [302, 167], [175, 162], [332, 205], [141, 215], [275, 233], [228, 234], [266, 322], [221, 324], [264, 395], [209, 402]]
data_building\cam1_pose\cam1_20241214_171239_0164.png [[252, 59], [258, 53], [244, 51], [227, 57], [274, 112], [203, 108], [302, 167], [175, 161], [333, 204], [140, 216], [275, 234], [229, 234], [267, 321], [221, 324], [264, 395], [208, 402]]
data_building\cam1_pose\cam1_20241214_171239_0165.png [[249, 59], [255, 53], [241, 51], [224, 57], [273, 112], [202, 108], [301, 167], [173, 163], [332, 205], [135, 219], [274, 234], [227, 237], [266, 320], [220, 322], [264, 395], [207, 401]]
data_building\cam1_pose\cam1_20241214_171239_0166.png [[248, 59], [253, 53], [240, 51], [223, 57], [272, 112], [202, 108], [301, 167], [171, 162], [331, 204], [134, 217], [272, 234], [226, 236], [266, 321], [221, 323], [264, 395], [208, 402]]
data_building\cam1_pose\cam1_20241214_171240_0167.png [[241, 57], [247, 52], [233, 51], [217, 57], [266, 111], [194, 108], [295, 167], [163, 163], [327, 204], [127, 218], [268, 233], [222, 234], [263, 320], [219, 325], [263, 395], [210, 404]]
data_building\cam1_pose\cam1_20241214_171240_0168.png [[232, 56], [238, 50], [224, 49], [207, 56], [259, 111], [184, 108], [289, 165], [151, 166], [322, 204], [114, 219], [260, 234], [214, 236], [260, 321], [213, 326], [263, 395], [209, 404]]
data_building\cam1_pose\cam1_20241214_171240_0169.png [[229, 56], [235, 50], [221, 49], [205, 55], [257, 111], [182, 107], [287, 166], [151, 164], [319, 203], [110, 220], [257, 230], [211, 233], [258, 320], [211, 326], [263, 395], [208, 404]]
data_building\cam1_pose\cam1_20241214_171240_0170.png [[220, 55], [226, 49], [212, 48], [196, 54], [248, 110], [173, 107], [278, 165], [139, 163], [330, 222], [100, 218], [251, 234], [203, 239], [256, 322], [205, 329], [263, 395], [208, 403]]
data_building\cam1_pose\cam1_20241214_171240_0171.png [[218, 55], [224, 49], [209, 48], [194, 54], [247, 110], [170, 107], [277, 164], [138, 164], [325, 220], [98, 217], [250, 234], [201, 238], [255, 322], [204, 329], [263, 395], [208, 404]]
data_building\cam1_pose\cam1_20241214_171240_0172.png [[212, 54], [218, 48], [204, 47], [188, 53], [241, 108], [165, 106], [272, 163], [132, 163], [304, 205], [91, 219], [245, 231], [197, 235], [256, 321], [202, 329], [265, 393], [208, 404]]
data_building\cam1_pose\cam1_20241214_171240_0173.png [[211, 54], [218, 48], [203, 47], [187, 53], [241, 108], [164, 106], [271, 163], [132, 162], [304, 206], [92, 217], [245, 232], [196, 236], [256, 321], [202, 329], [266, 393], [208, 404]]
data_building\cam1_pose\cam1_20241214_171240_0174.png [[210, 54], [217, 47], [202, 46], [187, 52], [241, 108], [163, 106], [272, 164], [130, 163], [306, 206], [88, 219], [245, 235], [196, 239], [257, 323], [202, 330], [268, 395], [208, 404]]
data_building\cam1_pose\cam1_20241214_171240_0175.png [[214, 54], [221, 48], [206, 47], [229, 55], [191, 53], [246, 109], [168, 107], [278, 163], [135, 165], [329, 222], [94, 219], [248, 239], [200, 242], [257, 323], [203, 330], [267, 397], [208, 404]]
data_building\cam1_pose\cam1_20241214_171240_0176.png [[221, 54], [228, 48], [213, 47], [235, 56], [198, 54], [253, 109], [176, 107], [285, 165], [146, 164], [317, 204], [106, 216], [253, 236], [205, 238], [260, 324], [206, 328], [267, 397], [208, 404]]
data_building\cam1_pose\cam1_20241214_171241_0177.png [[226, 55], [233, 49], [218, 48], [241, 56], [204, 54], [260, 110], [184, 108], [292, 165], [151, 166], [325, 205], [110, 220], [258, 233], [211, 236], [263, 322], [210, 326], [267, 397], [209, 404]]
data_building\cam1_pose\cam1_20241214_171241_0178.png [[228, 55], [235, 50], [220, 49], [243, 57], [206, 55], [262, 110], [186, 108], [294, 166], [154, 166], [328, 206], [116, 216], [261, 234], [213, 237], [263, 321], [211, 325], [267, 397], [209, 403]]
data_building\cam1_pose\cam1_20241214_171241_0179.png [[236, 56], [244, 50], [229, 50], [251, 58], [215, 56], [271, 110], [196, 108], [302, 163], [163, 163], [335, 204], [124, 218], [268, 233], [220, 234], [267, 320], [216, 324], [268, 396], [209, 403]]
data_building\cam1_pose\cam1_20241214_171241_0180.png [[238, 56], [246, 50], [231, 49], [254, 57], [218, 56], [274, 109], [199, 108], [305, 163], [168, 163], [338, 203], [127, 221], [269, 232], [221, 231], [268, 318], [217, 321], [268, 396], [211, 402]]
data_building\cam1_pose\cam1_20241214_171241_0181.png [[238, 56], [245, 49], [230, 49], [254, 57], [218, 56], [274, 108], [199, 108], [306, 162], [169, 164], [340, 201], [128, 221], [269, 233], [220, 231], [267, 319], [217, 321], [268, 395], [211, 401]]
data_building\cam1_pose\cam1_20241214_171241_0182.png [[236, 56], [243, 49], [228, 49], [252, 57], [215, 56], [272, 107], [198, 108], [305, 162], [167, 165], [338, 201], [125, 222], [269, 235], [220, 234], [267, 320], [218, 322], [268, 396], [211, 402]]
data_building\cam1_pose\cam1_20241214_171241_0183.png [[229, 55], [236, 49], [221, 49], [245, 56], [209, 57], [267, 107], [191, 110], [301, 162], [160, 168], [336, 202], [120, 221], [265, 235], [217, 237], [266, 318], [216, 323], [268, 396], [211, 402]]
data_building\cam1_pose\cam1_20241214_171241_0184.png [[222, 55], [230, 48], [215, 48], [239, 56], [203, 56], [261, 107], [184, 110], [296, 162], [154, 170], [346, 214], [113, 222], [260, 236], [211, 237], [263, 320], [212, 325], [268, 396], [211, 402]]
data_building\cam1_pose\cam1_20241214_171241_0185.png [[220, 55], [227, 48], [212, 48], [238, 56], [200, 56], [259, 107], [182, 110], [296, 162], [152, 169], [332, 203], [112, 221], [258, 237], [210, 238], [262, 320], [212, 326], [268, 396], [211, 403]]
data_building\cam1_pose\cam1_20241214_171241_0186.png [[217, 55], [225, 48], [210, 48], [235, 56], [198, 56], [257, 107], [179, 110], [293, 162], [152, 170], [327, 200], [112, 220], [256, 235], [207, 237], [261, 320], [210, 325], [268, 396], [210, 403]]
data_building\cam1_pose\cam1_20241214_171242_0187.png [[203, 54], [211, 47], [196, 48], [221, 56], [184, 55], [244, 106], [166, 110], [282, 163], [137, 168], [325, 209], [97, 220], [245, 236], [196, 239], [255, 315], [203, 325], [267, 395], [209, 403]]
data_building\cam1_pose\cam1_20241214_171242_0188.png [[202, 53], [209, 47], [194, 47], [219, 55], [182, 55], [242, 105], [164, 111], [280, 162], [136, 169], [331, 216], [93, 221], [245, 236], [195, 239], [256, 316], [203, 326], [268, 394], [209, 403]]
data_building\cam1_pose\cam1_20241214_171242_0189.png [[199, 53], [207, 46], [191, 46], [217, 54], [180, 54], [241, 105], [163, 110], [280, 162], [134, 168], [327, 211], [92, 220], [244, 230], [194, 234], [256, 315], [204, 322], [269, 393], [209, 403]]
data_building\cam1_pose\cam1_20241214_171242_0190.png [[201, 53], [209, 46], [194, 46], [220, 54], [182, 54], [243, 105], [165, 111], [284, 161], [138, 170], [326, 207], [98, 221], [245, 231], [195, 233], [256, 315], [204, 322], [269, 396], [210, 403]]
data_building\cam1_pose\cam1_20241214_171242_0191.png [[202, 53], [210, 46], [194, 47], [221, 54], [184, 55], [245, 105], [166, 111], [284, 161], [140, 170], [324, 204], [98, 222], [247, 232], [196, 234], [257, 315], [205, 323], [269, 396], [210, 403]]
data_building\cam1_pose\cam1_20241214_171242_0192.png [[214, 53], [222, 46], [206, 47], [235, 54], [198, 56], [258, 105], [182, 111], [297, 162], [154, 169], [337, 205], [114, 225], [258, 234], [209, 235], [263, 317], [213, 322], [269, 398], [211, 404]]
data_building\cam1_pose\cam1_20241214_171242_0193.png [[216, 53], [224, 46], [209, 47], [237, 54], [200, 55], [260, 105], [185, 111], [299, 161], [156, 171], [339, 205], [117, 224], [260, 233], [211, 235], [264, 316], [214, 320], [269, 397], [211, 403]]
data_building\cam1_pose\cam1_20241214_171242_0194.png [[224, 53], [232, 46], [217, 47], [244, 54], [208, 55], [268, 104], [192, 111], [309, 161], [166, 168], [361, 215], [123, 225], [265, 236], [216, 236], [268, 316], [217, 320], [270, 398], [212, 404]]
data_building\cam1_pose\cam1_20241214_171242_0195.png [[229, 54], [237, 47], [221, 47], [249, 55], [212, 55], [272, 104], [197, 111], [313, 160], [171, 167], [352, 200], [131, 221], [269, 232], [218, 232], [269, 314], [218, 319], [270, 398], [211, 404]]
data_building\cam1_pose\cam1_20241214_171243_0196.png [[229, 54], [238, 47], [222, 48], [250, 54], [213, 55], [272, 104], [198, 111], [314, 161], [172, 168], [366, 213], [134, 220], [270, 233], [219, 233], [269, 316], [218, 320], [270, 398], [211, 404]]
data_building\cam1_pose\cam1_20241214_171243_0197.png [[228, 54], [236, 47], [221, 47], [248, 54], [212, 55], [271, 104], [197, 111], [313, 160], [172, 168], [366, 214], [131, 222], [269, 231], [219, 231], [269, 314], [218, 317], [270, 398], [210, 403]]
data_building\cam1_pose\cam1_20241214_171243_0198.png [[223, 54], [231, 47], [216, 48], [243, 54], [207, 56], [267, 104], [192, 113], [307, 160], [166, 168], [361, 215], [128, 224], [266, 234], [216, 234], [268, 316], [217, 320], [270, 398], [211, 404]]
data_building\cam1_pose\cam1_20241214_171243_0199.png [[221, 54], [229, 47], [214, 48], [242, 55], [205, 56], [265, 104], [190, 112], [306, 159], [166, 169], [354, 209], [127, 224], [265, 233], [215, 234], [267, 314], [217, 320], [270, 398], [211, 404]]
