data_building\cam2_pose\cam2_20241214_171222_0000.png [[336, 67], [343, 57], [332, 62], [365, 59], [385, 104], [339, 115], [403, 165], [317, 179], [416, 218], [294, 222], [372, 239], [339, 236], [380, 333], [346, 332], [390, 415], [349, 401]]
data_building\cam2_pose\cam2_20241214_171222_0001.png [[336, 67], [343, 57], [332, 62], [365, 59], [385, 104], [337, 120], [403, 165], [317, 179], [416, 218], [294, 224], [372, 238], [338, 236], [380, 334], [346, 332], [390, 414], [349, 401]]
data_building\cam2_pose\cam2_20241214_171222_0002.png [[336, 67], [343, 57], [332, 62], [365, 59], [385, 104], [337, 120], [403, 165], [317, 179], [416, 217], [294, 223], [373, 239], [339, 236], [380, 332], [346, 332], [391, 414], [349, 401]]
data_building\cam2_pose\cam2_20241214_171222_0003.png [[336, 66], [343, 57], [332, 61], [365, 58], [384, 104], [335, 120], [403, 165], [316, 180], [417, 216], [292, 225], [373, 237], [339, 235], [380, 333], [347, 331], [389, 415], [349, 401]]
data_building\cam2_pose\cam2_20241214_171222_0004.png [[339, 65], [346, 55], [334, 59], [368, 57], [389, 103], [338, 118], [409, 164], [318, 176], [424, 216], [292, 223], [374, 234], [338, 231], [382, 332], [347, 329], [389, 415], [350, 401]]
data_building\cam2_pose\cam2_20241214_171222_0005.png [[344, 63], [351, 54], [340, 58], [373, 55], [394, 102], [342, 116], [418, 164], [321, 173], [433, 217], [293, 222], [380, 237], [342, 236], [385, 333], [350, 329], [389, 415], [350, 402]]
data_building\cam2_pose\cam2_20241214_171222_0006.png [[350, 61], [357, 52], [345, 56], [379, 54], [400, 102], [346, 114], [425, 165], [325, 172], [441, 220], [293, 223], [386, 233], [347, 230], [389, 330], [353, 327], [390, 415], [349, 402]]
data_building\cam2_pose\cam2_20241214_171223_0007.png [[353, 59], [361, 50], [349, 54], [383, 52], [404, 101], [349, 113], [430, 165], [326, 170], [447, 219], [294, 219], [388, 236], [347, 231], [391, 330], [352, 326], [390, 415], [349, 401]]
data_building\cam2_pose\cam2_20241214_171223_0008.png [[355, 57], [362, 48], [350, 52], [385, 50], [405, 99], [349, 112], [432, 162], [326, 168], [450, 217], [296, 214], [387, 233], [347, 229], [389, 333], [349, 328], [389, 416], [344, 399]]
data_building\cam2_pose\cam2_20241214_171223_0009.png [[354, 57], [362, 48], [349, 51], [383, 50], [404, 98], [347, 112], [431, 162], [325, 167], [449, 216], [292, 215], [385, 232], [345, 227], [389, 332], [343, 328], [389, 416], [338, 400]]
data_building\cam2_pose\cam2_20241214_171223_0010.png [[350, 58], [358, 49], [346, 53], [380, 52], [400, 100], [342, 114], [427, 164], [321, 168], [446, 215], [288, 218], [382, 230], [341, 224], [388, 332], [340, 329], [389, 416], [336, 402]]
data_building\cam2_pose\cam2_20241214_171223_0011.png [[349, 59], [356, 50], [344, 54], [378, 53], [398, 101], [340, 115], [426, 163], [319, 170], [445, 215], [286, 219], [380, 230], [340, 226], [386, 333], [340, 327], [389, 416], [336, 403]]
data_building\cam2_pose\cam2_20241214_171223_0012.png [[342, 61], [349, 53], [337, 56], [370, 55], [390, 103], [332, 118], [419, 164], [312, 171], [437, 213], [280, 219], [374, 230], [334, 227], [382, 331], [338, 327], [389, 415], [336, 404]]
data_building\cam2_pose\cam2_20241214_171223_0013.png [[334, 63], [342, 54], [329, 58], [362, 57], [382, 106], [324, 117], [411, 164], [302, 176], [432, 213], [268, 222], [368, 232], [326, 230], [378, 333], [334, 328], [389, 415], [336, 405]]
data_building\cam2_pose\cam2_20241214_171223_0014.png [[328, 65], [335, 56], [323, 59], [355, 59], [376, 107], [317, 118], [405, 165], [296, 175], [427, 212], [266, 219], [361, 233], [322, 231], [374, 333], [332, 331], [389, 415], [335, 405]]
data_building\cam2_pose\cam2_20241214_171223_0015.png [[327, 65], [334, 57], [322, 60], [354, 60], [374, 107], [316, 119], [404, 165], [295, 175], [426, 212], [264, 221], [359, 234], [321, 233], [371, 331], [331, 328], [388, 414], [335, 405]]
data_building\cam2_pose\cam2_20241214_171224_0016.png [[324, 66], [331, 58], [319, 61], [350, 61], [371, 108], [311, 119], [401, 164], [292, 177], [424, 213], [260, 221], [358, 233], [318, 231], [371, 330], [331, 327], [388, 412], [336, 405]]
data_building\cam2_pose\cam2_20241214_171224_0017.png [[324, 65], [332, 57], [319, 60], [350, 60], [372, 108], [310, 119], [402, 164], [289, 179], [426, 213], [259, 221], [361, 231], [320, 231], [372, 327], [331, 326], [388, 410], [336, 405]]
data_building\cam2_pose\cam2_20241214_171224_0018.png [[329, 65], [336, 56], [323, 59], [355, 60], [377, 108], [314, 119], [409, 164], [294, 176], [435, 216], [261, 222], [364, 230], [322, 229], [374, 327], [332, 325], [388, 409], [335, 405]]
data_building\cam2_pose\cam2_20241214_171224_0019.png [[331, 64], [338, 56], [326, 59], [357, 60], [378, 108], [316, 119], [410, 164], [295, 177], [436, 213], [262, 223], [366, 230], [323, 228], [375, 329], [332, 326], [388, 409], [336, 404]]
data_building\cam2_pose\cam2_20241214_171224_0020.png [[336, 63], [344, 55], [331, 58], [362, 59], [384, 107], [320, 118], [417, 165], [301, 174], [445, 215], [268, 221], [370, 229], [328, 228], [377, 328], [335, 323], [388, 409], [335, 404]]
data_building\cam2_pose\cam2_20241214_171224_0021.png [[344, 62], [352, 53], [338, 56], [370, 57], [392, 106], [326, 118], [425, 163], [306, 176], [454, 214], [268, 222], [378, 230], [334, 229], [382, 327], [338, 327], [388, 409], [336, 404]]
data_building\cam2_pose\cam2_20241214_171224_0022.png [[350, 61], [358, 53], [344, 55], [376, 56], [398, 106], [330, 117], [431, 165], [308, 176], [460, 217], [265, 226], [383, 230], [337, 229], [386, 325], [338, 323], [389, 410], [336, 404]]
data_building\cam2_pose\cam2_20241214_171224_0023.png [[351, 61], [359, 52], [345, 55], [377, 56], [399, 106], [330, 117], [432, 164], [310, 176], [461, 216], [266, 225], [384, 230], [338, 230], [387, 326], [338, 325], [389, 410], [336, 404]]
data_building\cam2_pose\cam2_20241214_171224_0024.png [[353, 60], [362, 51], [348, 54], [380, 55], [401, 105], [332, 116], [435, 165], [311, 174], [465, 217], [277, 216], [385, 235], [338, 233], [386, 327], [338, 325], [389, 410], [334, 404]]
data_building\cam2_pose\cam2_20241214_171224_0025.png [[353, 60], [362, 51], [348, 54], [380, 55], [401, 105], [332, 116], [434, 165], [310, 173], [465, 217], [273, 219], [385, 231], [338, 231], [385, 327], [338, 323], [389, 410], [333, 403]]
data_building\cam2_pose\cam2_20241214_171225_0026.png [[351, 61], [359, 53], [345, 55], [376, 57], [398, 107], [328, 117], [431, 165], [306, 174], [463, 218], [268, 219], [382, 231], [335, 230], [384, 326], [337, 324], [388, 409], [334, 404]]
data_building\cam2_pose\cam2_20241214_171225_0027.png [[346, 62], [355, 54], [341, 56], [371, 58], [393, 108], [323, 117], [427, 166], [301, 176], [458, 217], [262, 220], [380, 234], [332, 234], [383, 326], [335, 326], [388, 409], [333, 404]]
data_building\cam2_pose\cam2_20241214_171225_0028.png [[344, 63], [353, 54], [339, 57], [370, 59], [391, 108], [322, 118], [425, 166], [299, 176], [456, 217], [260, 220], [378, 235], [331, 234], [382, 326], [335, 326], [388, 410], [333, 405]]
data_building\cam2_pose\cam2_20241214_171225_0029.png [[343, 63], [351, 55], [337, 57], [368, 59], [389, 109], [320, 119], [422, 166], [299, 175], [454, 216], [261, 219], [376, 234], [330, 233], [382, 326], [335, 324], [388, 410], [333, 405]]
data_building\cam2_pose\cam2_20241214_171225_0030.png [[332, 65], [341, 57], [327, 60], [357, 62], [379, 110], [311, 120], [413, 165], [289, 176], [442, 213], [248, 225], [368, 235], [322, 234], [377, 327], [331, 324], [388, 408], [332, 405]]
data_building\cam2_pose\cam2_20241214_171225_0031.png [[328, 66], [335, 58], [322, 61], [352, 63], [374, 111], [306, 121], [408, 165], [284, 176], [440, 216], [245, 225], [364, 239], [319, 239], [374, 325], [328, 323], [388, 408], [332, 405]]
data_building\cam2_pose\cam2_20241214_171225_0032.png [[324, 66], [332, 59], [318, 61], [347, 63], [370, 111], [301, 121], [404, 165], [281, 176], [437, 213], [243, 224], [363, 236], [317, 236], [374, 321], [328, 323], [389, 407], [332, 404]]
data_building\cam2_pose\cam2_20241214_171225_0033.png [[324, 66], [331, 59], [317, 60], [347, 63], [312, 66], [370, 111], [300, 121], [404, 165], [281, 175], [437, 213], [243, 223], [364, 235], [317, 237], [375, 321], [328, 324], [389, 407], [332, 404]]
data_building\cam2_pose\cam2_20241214_171225_0034.png [[327, 66], [334, 59], [320, 60], [349, 63], [314, 65], [371, 111], [301, 120], [406, 165], [281, 175], [439, 213], [242, 225], [366, 238], [318, 239], [376, 320], [328, 325], [389, 405], [332, 405]]
data_building\cam2_pose\cam2_20241214_171225_0035.png [[327, 66], [334, 59], [320, 60], [349, 63], [314, 65], [371, 111], [301, 120], [406, 165], [281, 175], [439, 213], [242, 225], [366, 238], [318, 239], [376, 320], [328, 325], [389, 405], [332, 405]]
data_building\cam2_pose\cam2_20241214_171226_0036.png [[334, 65], [341, 58], [327, 60], [356, 63], [320, 65], [377, 112], [306, 120], [411, 167], [284, 174], [444, 214], [248, 220], [370, 237], [322, 237], [376, 319], [330, 324], [388, 406], [332, 405]]
data_building\cam2_pose\cam2_20241214_171226_0037.png [[345, 64], [353, 57], [339, 58], [367, 62], [331, 63], [388, 113], [316, 119], [422, 168], [291, 174], [455, 217], [253, 221], [378, 238], [329, 236], [382, 322], [333, 324], [388, 407], [333, 405]]
data_building\cam2_pose\cam2_20241214_171226_0038.png [[352, 63], [360, 56], [345, 57], [373, 62], [337, 63], [395, 113], [321, 118], [428, 168], [296, 174], [461, 216], [261, 218], [383, 238], [334, 236], [386, 322], [336, 324], [389, 408], [333, 405]]
data_building\cam2_pose\cam2_20241214_171226_0039.png [[358, 62], [366, 55], [352, 56], [379, 60], [343, 61], [400, 111], [325, 117], [433, 167], [302, 172], [467, 217], [262, 219], [387, 237], [338, 235], [388, 322], [336, 324], [389, 408], [332, 405]]
data_building\cam2_pose\cam2_20241214_171226_0040.png [[358, 61], [367, 54], [352, 55], [379, 60], [343, 61], [401, 111], [326, 117], [433, 167], [301, 171], [467, 218], [261, 219], [387, 237], [338, 235], [388, 321], [335, 322], [389, 408], [326, 405]]
data_building\cam2_pose\cam2_20241214_171226_0041.png [[355, 62], [362, 56], [348, 56], [375, 60], [338, 62], [396, 111], [321, 118], [427, 167], [294, 174], [459, 216], [256, 221], [384, 239], [335, 236], [386, 322], [330, 322], [388, 408], [322, 405]]
data_building\cam2_pose\cam2_20241214_171226_0042.png [[353, 62], [360, 56], [346, 56], [373, 61], [337, 62], [394, 112], [319, 118], [425, 168], [293, 174], [458, 216], [254, 222], [383, 239], [333, 237], [386, 321], [329, 323], [388, 407], [322, 406]]
data_building\cam2_pose\cam2_20241214_171226_0043.png [[343, 63], [351, 57], [337, 57], [363, 63], [326, 63], [383, 113], [309, 119], [415, 168], [284, 174], [445, 213], [247, 222], [375, 237], [325, 237], [381, 326], [326, 326], [388, 407], [322, 407]]
data_building\cam2_pose\cam2_20241214_171226_0044.png [[332, 64], [340, 57], [325, 58], [351, 63], [315, 64], [372, 113], [298, 120], [405, 169], [275, 174], [438, 215], [237, 222], [365, 237], [316, 237], [374, 322], [319, 324], [387, 406], [321, 406]]
data_building\cam2_pose\cam2_20241214_171227_0045.png [[329, 64], [337, 57], [322, 58], [348, 63], [313, 65], [369, 113], [296, 120], [401, 167], [272, 175], [435, 214], [236, 221], [362, 235], [314, 235], [373, 321], [318, 324], [387, 406], [321, 406]]
data_building\cam2_pose\cam2_20241214_171227_0046.png [[326, 64], [334, 58], [320, 58], [346, 63], [310, 65], [367, 113], [294, 120], [400, 167], [269, 174], [433, 214], [234, 221], [361, 237], [313, 237], [372, 321], [317, 325], [387, 406], [321, 406]]
data_building\cam2_pose\cam2_20241214_171227_0047.png [[320, 64], [328, 57], [313, 58], [339, 63], [303, 65], [360, 113], [286, 120], [391, 168], [263, 176], [424, 213], [226, 225], [356, 233], [308, 235], [370, 318], [316, 324], [384, 404], [321, 406]]
data_building\cam2_pose\cam2_20241214_171227_0048.png [[317, 64], [325, 57], [310, 58], [335, 63], [299, 64], [356, 113], [282, 120], [387, 167], [259, 175], [420, 213], [223, 227], [355, 232], [307, 235], [366, 318], [315, 325], [382, 405], [321, 407]]
data_building\cam2_pose\cam2_20241214_171227_0049.png [[316, 64], [324, 57], [310, 58], [335, 63], [299, 63], [355, 113], [281, 120], [387, 168], [258, 175], [420, 212], [223, 226], [354, 233], [306, 234], [365, 317], [315, 324], [381, 405], [320, 407]]
data_building\cam2_pose\cam2_20241214_171227_0050.png [[317, 64], [325, 57], [310, 58], [335, 63], [299, 63], [356, 113], [281, 120], [388, 167], [256, 175], [423, 211], [218, 226], [355, 232], [307, 234], [365, 318], [315, 324], [379, 405], [320, 407]]
data_building\cam2_pose\cam2_20241214_171227_0051.png [[321, 64], [329, 57], [314, 57], [340, 63], [303, 63], [360, 113], [284, 119], [391, 168], [259, 174], [426, 212], [223, 224], [358, 235], [310, 238], [366, 319], [316, 325], [379, 406], [320, 408]]
data_building\cam2_pose\cam2_20241214_171227_0052.png [[328, 64], [336, 58], [322, 57], [347, 63], [311, 63], [366, 114], [292, 119], [398, 171], [267, 174], [434, 218], [233, 221], [361, 235], [313, 236], [368, 321], [317, 326], [379, 407], [321, 408]]
data_building\cam2_pose\cam2_20241214_171227_0053.png [[331, 64], [338, 58], [324, 58], [349, 63], [313, 63], [368, 114], [295, 118], [400, 171], [269, 173], [435, 218], [236, 219], [363, 236], [315, 237], [368, 321], [318, 325], [379, 406], [321, 408]]
data_building\cam2_pose\cam2_20241214_171227_0054.png [[342, 64], [349, 58], [335, 57], [359, 63], [324, 63], [378, 115], [303, 118], [409, 172], [276, 173], [442, 218], [238, 223], [370, 235], [322, 236], [373, 321], [323, 323], [379, 407], [322, 407]]
data_building\cam2_pose\cam2_20241214_171228_0055.png [[352, 64], [360, 58], [346, 57], [370, 65], [334, 62], [387, 116], [311, 117], [415, 173], [283, 170], [449, 219], [244, 219], [377, 237], [328, 236], [378, 323], [327, 324], [379, 407], [322, 407]]
data_building\cam2_pose\cam2_20241214_171228_0056.png [[359, 63], [367, 58], [352, 56], [375, 65], [339, 60], [391, 116], [316, 116], [419, 173], [287, 168], [460, 227], [248, 216], [379, 237], [330, 234], [379, 322], [327, 322], [379, 408], [319, 406]]
data_building\cam2_pose\cam2_20241214_171228_0057.png [[359, 63], [367, 57], [353, 56], [376, 64], [340, 60], [392, 116], [316, 115], [419, 173], [287, 168], [457, 224], [249, 216], [379, 237], [330, 235], [379, 323], [327, 322], [379, 407], [318, 406]]
data_building\cam2_pose\cam2_20241214_171228_0058.png [[358, 63], [365, 57], [351, 56], [374, 63], [338, 60], [390, 114], [314, 114], [416, 172], [284, 167], [451, 221], [245, 218], [379, 238], [329, 236], [378, 325], [323, 323], [379, 407], [314, 405]]
data_building\cam2_pose\cam2_20241214_171228_0059.png [[350, 63], [358, 57], [344, 56], [367, 63], [331, 60], [382, 115], [307, 116], [411, 173], [277, 170], [444, 218], [238, 219], [374, 239], [325, 238], [377, 326], [319, 327], [379, 408], [313, 406]]
data_building\cam2_pose\cam2_20241214_171228_0060.png [[340, 63], [348, 57], [334, 56], [355, 63], [320, 60], [372, 116], [297, 115], [401, 172], [267, 170], [439, 218], [229, 221], [367, 240], [317, 241], [371, 326], [316, 331], [379, 407], [313, 407]]
data_building\cam2_pose\cam2_20241214_171228_0061.png [[330, 61], [337, 55], [323, 54], [346, 62], [310, 60], [362, 114], [288, 114], [391, 169], [259, 170], [426, 213], [223, 220], [359, 240], [310, 241], [367, 327], [310, 332], [378, 406], [313, 408]]
data_building\cam2_pose\cam2_20241214_171228_0062.png [[328, 61], [335, 55], [322, 54], [344, 62], [308, 60], [361, 114], [286, 114], [389, 169], [257, 170], [424, 212], [220, 221], [358, 239], [309, 240], [367, 327], [309, 332], [377, 406], [312, 408]]
data_building\cam2_pose\cam2_20241214_171228_0063.png [[324, 60], [331, 53], [317, 53], [338, 60], [302, 59], [355, 113], [280, 113], [385, 170], [253, 168], [419, 212], [219, 221], [356, 237], [307, 239], [364, 327], [308, 333], [376, 405], [313, 408]]
data_building\cam2_pose\cam2_20241214_171229_0064.png [[325, 59], [332, 52], [318, 52], [301, 58], [353, 112], [278, 111], [382, 168], [252, 169], [415, 211], [218, 224], [356, 235], [307, 238], [363, 333], [309, 334], [372, 405], [313, 408]]
data_building\cam2_pose\cam2_20241214_171229_0065.png [[328, 58], [335, 52], [321, 51], [303, 57], [353, 112], [280, 110], [382, 170], [252, 167], [413, 210], [220, 223], [358, 234], [309, 238], [360, 332], [310, 333], [367, 404], [313, 409]]
data_building\cam2_pose\cam2_20241214_171229_0066.png [[335, 58], [341, 52], [328, 51], [308, 57], [357, 113], [286, 109], [384, 173], [259, 166], [415, 213], [226, 221], [359, 234], [312, 237], [359, 326], [313, 333], [364, 403], [313, 409]]
data_building\cam2_pose\cam2_20241214_171229_0067.png [[344, 60], [350, 54], [337, 52], [317, 59], [364, 116], [294, 109], [388, 175], [267, 167], [418, 215], [237, 220], [364, 238], [318, 238], [360, 327], [316, 333], [363, 405], [313, 409]]
data_building\cam2_pose\cam2_20241214_171229_0068.png [[347, 60], [352, 54], [339, 52], [319, 59], [366, 116], [296, 108], [390, 176], [269, 166], [419, 216], [240, 219], [366, 238], [320, 238], [361, 327], [317, 332], [363, 405], [314, 409]]
data_building\cam2_pose\cam2_20241214_171229_0069.png [[349, 60], [355, 55], [342, 52], [322, 59], [368, 117], [298, 108], [392, 177], [271, 167], [420, 216], [243, 217], [367, 238], [321, 239], [363, 327], [318, 333], [363, 405], [314, 409]]
data_building\cam2_pose\cam2_20241214_171229_0070.png [[358, 61], [363, 56], [350, 53], [330, 60], [374, 117], [307, 108], [398, 176], [279, 163], [425, 216], [253, 214], [373, 238], [328, 237], [365, 333], [322, 332], [363, 405], [315, 409]]
data_building\cam2_pose\cam2_20241214_171229_0071.png [[365, 62], [370, 57], [358, 54], [337, 61], [380, 118], [314, 110], [404, 178], [287, 163], [431, 217], [261, 213], [379, 239], [334, 238], [369, 332], [327, 330], [363, 405], [314, 408]]
data_building\cam2_pose\cam2_20241214_171229_0072.png [[366, 62], [371, 57], [359, 54], [338, 61], [382, 118], [316, 109], [405, 178], [289, 163], [432, 217], [263, 215], [380, 238], [335, 236], [370, 331], [327, 329], [363, 405], [314, 409]]
data_building\cam2_pose\cam2_20241214_171230_0073.png [[370, 62], [374, 57], [362, 54], [341, 60], [383, 118], [318, 108], [406, 177], [292, 164], [432, 217], [267, 216], [380, 238], [335, 236], [369, 331], [326, 329], [363, 405], [314, 408]]
data_building\cam2_pose\cam2_20241214_171230_0074.png [[369, 62], [374, 57], [362, 54], [341, 60], [382, 117], [317, 108], [406, 179], [291, 164], [432, 217], [266, 217], [379, 237], [335, 236], [369, 329], [326, 328], [363, 405], [314, 408]]
data_building\cam2_pose\cam2_20241214_171230_0075.png [[356, 61], [360, 56], [349, 53], [327, 59], [369, 117], [305, 108], [394, 177], [280, 165], [421, 215], [257, 216], [371, 237], [327, 237], [365, 333], [322, 332], [363, 405], [316, 411]]
data_building\cam2_pose\cam2_20241214_171230_0076.png [[351, 60], [354, 55], [344, 53], [321, 58], [363, 116], [299, 108], [388, 177], [274, 167], [417, 215], [253, 219], [365, 235], [320, 237], [363, 327], [318, 333], [363, 405], [315, 411]]
data_building\cam2_pose\cam2_20241214_171230_0077.png [[349, 60], [353, 54], [342, 52], [319, 58], [361, 116], [297, 108], [386, 176], [272, 168], [414, 214], [251, 220], [364, 239], [320, 242], [362, 329], [317, 335], [364, 405], [315, 412]]
data_building\cam2_pose\cam2_20241214_171230_0078.png [[343, 58], [347, 53], [336, 51], [313, 56], [355, 113], [292, 107], [379, 173], [267, 165], [405, 213], [244, 220], [359, 233], [316, 236], [361, 327], [314, 333], [362, 404], [315, 413]]
data_building\cam2_pose\cam2_20241214_171230_0079.png [[343, 57], [346, 52], [335, 50], [313, 56], [353, 112], [291, 106], [377, 173], [267, 164], [403, 215], [245, 220], [358, 229], [316, 233], [361, 321], [315, 330], [358, 402], [314, 411]]
data_building\cam2_pose\cam2_20241214_171230_0080.png [[343, 57], [346, 52], [335, 50], [313, 55], [352, 112], [290, 106], [377, 173], [267, 165], [403, 215], [246, 219], [358, 229], [317, 234], [360, 320], [316, 329], [358, 402], [314, 411]]
data_building\cam2_pose\cam2_20241214_171230_0081.png [[343, 57], [347, 53], [336, 50], [313, 56], [353, 113], [290, 106], [376, 173], [268, 164], [402, 215], [247, 219], [358, 231], [316, 236], [359, 321], [316, 330], [356, 402], [314, 411]]
data_building\cam2_pose\cam2_20241214_171230_0082.png [[349, 60], [353, 55], [342, 51], [319, 56], [356, 114], [296, 106], [379, 175], [273, 165], [403, 218], [254, 218], [359, 228], [319, 232], [358, 321], [318, 329], [353, 402], [315, 412]]
data_building\cam2_pose\cam2_20241214_171231_0083.png [[355, 62], [358, 57], [348, 54], [325, 58], [359, 116], [302, 107], [381, 174], [280, 166], [403, 218], [260, 217], [363, 229], [324, 232], [360, 322], [320, 329], [352, 404], [316, 411]]
data_building\cam2_pose\cam2_20241214_171231_0084.png [[362, 63], [366, 59], [355, 55], [333, 59], [365, 117], [311, 106], [386, 176], [289, 164], [405, 219], [271, 216], [367, 231], [330, 231], [361, 322], [325, 330], [352, 404], [317, 412]]
data_building\cam2_pose\cam2_20241214_171231_0085.png [[370, 63], [372, 59], [362, 55], [341, 60], [369, 117], [319, 106], [388, 176], [298, 162], [407, 219], [281, 216], [370, 227], [335, 228], [362, 321], [327, 326], [352, 403], [317, 410]]
data_building\cam2_pose\cam2_20241214_171231_0086.png [[371, 63], [374, 58], [365, 55], [343, 59], [369, 116], [320, 105], [388, 174], [301, 162], [407, 219], [285, 216], [370, 227], [336, 228], [362, 321], [326, 327], [352, 404], [318, 410]]
data_building\cam2_pose\cam2_20241214_171231_0087.png [[371, 62], [372, 57], [364, 54], [341, 58], [367, 113], [319, 104], [385, 171], [300, 164], [404, 216], [286, 218], [370, 228], [337, 229], [361, 323], [327, 328], [353, 403], [316, 413]]
data_building\cam2_pose\cam2_20241214_171231_0088.png [[370, 62], [371, 57], [363, 54], [341, 58], [367, 114], [318, 105], [385, 171], [299, 164], [403, 215], [286, 218], [370, 228], [337, 230], [360, 322], [327, 329], [353, 404], [316, 414]]
data_building\cam2_pose\cam2_20241214_171231_0089.png [[365, 61], [367, 56], [359, 53], [336, 57], [357, 108], [314, 104], [380, 171], [295, 164], [399, 215], [281, 219], [368, 226], [335, 229], [359, 324], [328, 331], [353, 404], [317, 416]]
data_building\cam2_pose\cam2_20241214_171231_0090.png [[360, 58], [361, 53], [353, 50], [330, 55], [349, 104], [308, 102], [373, 171], [291, 164], [394, 214], [277, 221], [364, 225], [331, 229], [359, 325], [325, 333], [353, 403], [317, 416]]
data_building\cam2_pose\cam2_20241214_171231_0091.png [[359, 58], [360, 53], [352, 50], [329, 54], [348, 104], [307, 102], [373, 170], [290, 165], [392, 215], [277, 222], [362, 225], [329, 229], [359, 325], [324, 334], [353, 403], [317, 416]]
data_building\cam2_pose\cam2_20241214_171232_0092.png [[353, 54], [355, 50], [346, 46], [323, 51], [341, 101], [301, 99], [366, 167], [286, 164], [385, 214], [274, 223], [356, 227], [324, 230], [354, 321], [322, 332], [351, 403], [317, 416]]
data_building\cam2_pose\cam2_20241214_171232_0093.png [[353, 54], [354, 49], [346, 46], [323, 51], [341, 101], [300, 98], [365, 167], [286, 163], [384, 213], [275, 223], [356, 227], [323, 230], [354, 321], [322, 332], [350, 403], [317, 416]]
data_building\cam2_pose\cam2_20241214_171232_0094.png [[353, 53], [354, 48], [346, 45], [323, 50], [339, 99], [300, 96], [365, 168], [286, 162], [383, 213], [275, 222], [355, 225], [323, 230], [352, 320], [322, 330], [347, 402], [317, 415]]
data_building\cam2_pose\cam2_20241214_171232_0095.png [[355, 55], [355, 50], [347, 47], [325, 51], [340, 99], [302, 98], [365, 167], [289, 160], [383, 215], [278, 222], [355, 227], [324, 230], [352, 321], [322, 330], [346, 402], [317, 415]]
data_building\cam2_pose\cam2_20241214_171232_0096.png [[358, 58], [358, 52], [351, 50], [328, 54], [339, 99], [307, 99], [366, 171], [293, 161], [382, 214], [283, 224], [355, 230], [328, 231], [354, 320], [326, 327], [346, 402], [317, 415]]
data_building\cam2_pose\cam2_20241214_171232_0097.png [[359, 59], [359, 53], [352, 50], [329, 55], [337, 99], [308, 99], [366, 171], [295, 159], [383, 214], [286, 222], [357, 229], [329, 231], [355, 321], [326, 328], [346, 402], [317, 415]]
data_building\cam2_pose\cam2_20241214_171232_0098.png [[362, 62], [363, 57], [355, 54], [333, 58], [344, 103], [312, 102], [371, 173], [298, 163], [385, 215], [290, 230], [361, 231], [333, 231], [357, 323], [329, 326], [346, 402], [317, 414]]
data_building\cam2_pose\cam2_20241214_171232_0099.png [[365, 64], [367, 60], [359, 57], [337, 61], [349, 106], [316, 104], [373, 173], [301, 163], [390, 218], [293, 229], [363, 230], [335, 230], [358, 321], [331, 325], [346, 402], [317, 414]]
data_building\cam2_pose\cam2_20241214_171233_0100.png [[367, 65], [368, 60], [360, 57], [338, 62], [355, 109], [317, 105], [378, 173], [301, 164], [395, 219], [288, 219], [365, 228], [335, 229], [356, 319], [329, 324], [346, 401], [319, 412]]
data_building\cam2_pose\cam2_20241214_171233_0101.png [[366, 64], [368, 60], [359, 57], [337, 62], [361, 115], [316, 105], [380, 173], [296, 163], [399, 219], [282, 215], [366, 226], [333, 227], [357, 319], [328, 324], [346, 402], [319, 412]]
data_building\cam2_pose\cam2_20241214_171233_0102.png [[362, 65], [365, 60], [355, 57], [334, 62], [361, 117], [312, 106], [380, 175], [292, 161], [400, 219], [275, 212], [364, 227], [331, 229], [357, 320], [327, 325], [346, 402], [319, 413]]
data_building\cam2_pose\cam2_20241214_171233_0103.png [[358, 63], [362, 58], [351, 55], [329, 61], [359, 117], [307, 106], [380, 176], [284, 163], [400, 219], [266, 214], [361, 228], [327, 231], [355, 320], [324, 326], [346, 402], [318, 413]]
data_building\cam2_pose\cam2_20241214_171233_0104.png [[354, 60], [358, 56], [347, 52], [325, 59], [358, 117], [301, 105], [379, 177], [277, 162], [401, 220], [257, 212], [359, 231], [321, 232], [354, 324], [320, 328], [346, 402], [318, 414]]
data_building\cam2_pose\cam2_20241214_171233_0105.png [[353, 60], [357, 56], [346, 52], [324, 57], [357, 117], [300, 105], [377, 176], [276, 162], [400, 219], [255, 213], [359, 232], [321, 233], [354, 325], [319, 330], [346, 402], [318, 414]]
data_building\cam2_pose\cam2_20241214_171233_0106.png [[351, 58], [354, 53], [343, 50], [320, 56], [354, 115], [297, 102], [376, 176], [271, 160], [398, 219], [250, 212], [356, 230], [317, 231], [354, 323], [316, 330], [346, 402], [318, 414]]
data_building\cam2_pose\cam2_20241214_171233_0107.png [[350, 57], [354, 51], [342, 48], [320, 54], [354, 114], [296, 102], [376, 176], [270, 160], [399, 219], [248, 212], [357, 229], [317, 231], [356, 321], [317, 329], [349, 403], [318, 415]]
data_building\cam2_pose\cam2_20241214_171234_0108.png [[352, 56], [356, 51], [344, 48], [322, 54], [357, 114], [298, 102], [379, 175], [272, 160], [403, 220], [250, 212], [359, 233], [318, 234], [356, 322], [317, 332], [351, 405], [318, 415]]
data_building\cam2_pose\cam2_20241214_171234_0109.png [[357, 58], [361, 53], [349, 50], [327, 56], [363, 116], [302, 105], [384, 176], [275, 161], [409, 220], [254, 213], [363, 236], [321, 236], [357, 321], [317, 330], [351, 405], [318, 414]]
data_building\cam2_pose\cam2_20241214_171234_0110.png [[362, 60], [366, 55], [354, 52], [332, 57], [370, 117], [308, 106], [391, 180], [281, 161], [416, 219], [256, 212], [368, 234], [326, 232], [359, 323], [321, 330], [351, 405], [319, 414]]
data_building\cam2_pose\cam2_20241214_171234_0111.png [[363, 61], [367, 56], [355, 53], [334, 59], [372, 119], [310, 107], [392, 180], [281, 163], [418, 219], [256, 212], [370, 236], [328, 234], [360, 325], [322, 331], [352, 405], [319, 414]]
data_building\cam2_pose\cam2_20241214_171234_0112.png [[367, 62], [372, 57], [359, 54], [338, 60], [377, 119], [314, 109], [399, 180], [286, 164], [425, 219], [259, 213], [374, 238], [331, 236], [363, 325], [324, 328], [352, 405], [319, 414]]
data_building\cam2_pose\cam2_20241214_171234_0113.png [[368, 62], [373, 57], [361, 54], [340, 60], [379, 118], [315, 109], [400, 180], [287, 163], [427, 218], [261, 212], [374, 236], [332, 235], [363, 324], [324, 326], [352, 405], [319, 414]]
data_building\cam2_pose\cam2_20241214_171234_0114.png [[370, 62], [375, 57], [363, 54], [342, 61], [382, 119], [319, 109], [404, 179], [291, 162], [431, 218], [262, 213], [376, 237], [334, 234], [363, 324], [325, 326], [352, 405], [319, 411]]
data_building\cam2_pose\cam2_20241214_171234_0115.png [[371, 62], [375, 57], [363, 54], [343, 62], [383, 119], [319, 110], [405, 179], [290, 162], [431, 216], [262, 213], [376, 237], [334, 236], [363, 323], [324, 327], [352, 405], [317, 410]]
data_building\cam2_pose\cam2_20241214_171234_0116.png [[370, 62], [375, 57], [362, 54], [343, 61], [383, 119], [318, 110], [404, 179], [290, 162], [432, 217], [261, 212], [376, 237], [333, 235], [362, 323], [324, 326], [352, 405], [317, 410]]
data_building\cam2_pose\cam2_20241214_171234_0117.png [[367, 62], [372, 57], [359, 54], [339, 62], [380, 118], [315, 110], [403, 178], [286, 164], [428, 216], [258, 213], [374, 236], [332, 235], [363, 321], [324, 327], [352, 405], [318, 411]]
data_building\cam2_pose\cam2_20241214_171235_0118.png [[362, 62], [367, 57], [355, 54], [335, 61], [376, 117], [310, 110], [399, 177], [282, 164], [426, 216], [255, 214], [373, 236], [328, 235], [361, 325], [323, 329], [352, 405], [317, 412]]
data_building\cam2_pose\cam2_20241214_171235_0119.png [[357, 60], [362, 55], [350, 53], [329, 60], [372, 117], [304, 109], [395, 177], [275, 165], [424, 217], [245, 216], [367, 236], [322, 236], [358, 324], [319, 330], [352, 405], [317, 414]]
data_building\cam2_pose\cam2_20241214_171235_0120.png [[356, 60], [361, 55], [348, 52], [328, 59], [371, 117], [303, 108], [394, 176], [273, 165], [423, 216], [242, 217], [366, 238], [321, 238], [357, 327], [318, 332], [352, 405], [317, 413]]
data_building\cam2_pose\cam2_20241214_171235_0121.png [[350, 59], [355, 54], [343, 51], [322, 58], [366, 116], [298, 107], [390, 176], [268, 163], [419, 215], [235, 215], [362, 237], [317, 236], [356, 326], [314, 334], [352, 405], [316, 413]]
data_building\cam2_pose\cam2_20241214_171235_0122.png [[349, 59], [354, 53], [341, 51], [321, 57], [364, 115], [296, 107], [388, 174], [266, 162], [418, 214], [233, 215], [361, 234], [317, 235], [357, 324], [314, 333], [352, 405], [316, 413]]
data_building\cam2_pose\cam2_20241214_171235_0123.png [[346, 58], [352, 53], [338, 50], [318, 56], [361, 114], [293, 107], [387, 175], [262, 161], [417, 214], [226, 215], [360, 230], [316, 232], [359, 321], [313, 331], [357, 405], [316, 412]]
data_building\cam2_pose\cam2_20241214_171235_0124.png [[346, 57], [352, 52], [338, 49], [318, 56], [362, 114], [293, 106], [387, 174], [263, 161], [416, 213], [228, 215], [360, 231], [316, 233], [360, 320], [314, 333], [362, 405], [317, 413]]
data_building\cam2_pose\cam2_20241214_171235_0125.png [[347, 57], [352, 52], [339, 49], [319, 56], [362, 114], [293, 106], [387, 174], [264, 161], [418, 213], [230, 215], [361, 233], [317, 235], [361, 323], [315, 334], [363, 405], [317, 413]]
data_building\cam2_pose\cam2_20241214_171235_0126.png [[350, 59], [355, 53], [342, 51], [323, 58], [368, 115], [298, 108], [393, 175], [269, 166], [424, 214], [237, 219], [366, 238], [319, 237], [362, 332], [316, 335], [363, 407], [317, 412]]
data_building\cam2_pose\cam2_20241214_171235_0127.png [[353, 59], [358, 53], [346, 51], [326, 59], [373, 115], [302, 110], [399, 174], [274, 168], [430, 213], [241, 220], [371, 234], [323, 234], [364, 330], [320, 333], [364, 406], [317, 413]]
data_building\cam2_pose\cam2_20241214_171236_0128.png [[358, 60], [364, 55], [351, 53], [332, 60], [379, 116], [309, 111], [407, 174], [280, 168], [439, 212], [245, 220], [376, 238], [329, 237], [366, 338], [324, 333], [364, 407], [318, 411]]
data_building\cam2_pose\cam2_20241214_171236_0129.png [[361, 60], [367, 55], [353, 53], [335, 60], [383, 116], [312, 111], [411, 174], [283, 167], [442, 213], [251, 216], [377, 236], [331, 236], [367, 333], [325, 330], [363, 407], [318, 410]]
data_building\cam2_pose\cam2_20241214_171236_0130.png [[362, 60], [368, 55], [354, 53], [336, 60], [384, 116], [313, 111], [412, 173], [284, 167], [443, 213], [252, 216], [378, 238], [331, 237], [367, 332], [325, 330], [364, 406], [318, 410]]
data_building\cam2_pose\cam2_20241214_171236_0131.png [[363, 60], [369, 54], [355, 52], [338, 60], [386, 116], [315, 110], [414, 172], [286, 165], [448, 212], [253, 215], [378, 235], [331, 233], [368, 327], [324, 326], [364, 405], [320, 407]]
data_building\cam2_pose\cam2_20241214_171236_0132.png [[361, 60], [367, 54], [353, 52], [337, 60], [386, 115], [313, 111], [414, 170], [284, 166], [448, 211], [248, 218], [378, 236], [331, 234], [368, 327], [325, 327], [363, 406], [320, 408]]
data_building\cam2_pose\cam2_20241214_171236_0133.png [[349, 60], [355, 53], [341, 53], [362, 61], [326, 61], [379, 114], [305, 113], [410, 170], [275, 170], [446, 211], [237, 220], [375, 239], [328, 238], [367, 333], [325, 332], [364, 407], [320, 408]]
data_building\cam2_pose\cam2_20241214_171236_0134.png [[347, 59], [353, 53], [339, 53], [361, 60], [325, 61], [378, 114], [304, 113], [409, 170], [274, 170], [444, 210], [236, 221], [374, 237], [327, 237], [366, 332], [324, 330], [364, 407], [320, 408]]
data_building\cam2_pose\cam2_20241214_171236_0135.png [[340, 58], [347, 52], [332, 53], [355, 60], [319, 60], [372, 113], [297, 113], [403, 168], [268, 169], [437, 209], [230, 221], [369, 237], [319, 238], [364, 333], [320, 333], [364, 407], [320, 408]]
data_building\cam2_pose\cam2_20241214_171236_0136.png [[338, 58], [346, 52], [331, 52], [353, 60], [317, 60], [371, 113], [296, 113], [402, 168], [267, 169], [436, 208], [228, 221], [367, 238], [317, 239], [364, 332], [319, 333], [364, 407], [319, 409]]
data_building\cam2_pose\cam2_20241214_171237_0137.png [[328, 57], [335, 50], [321, 50], [345, 59], [308, 59], [363, 111], [287, 112], [395, 168], [257, 168], [431, 210], [219, 219], [362, 237], [313, 240], [364, 327], [315, 331], [371, 406], [319, 408]]
data_building\cam2_pose\cam2_20241214_171237_0138.png [[328, 57], [335, 50], [320, 50], [344, 57], [308, 59], [362, 111], [287, 112], [394, 167], [257, 168], [430, 209], [220, 218], [362, 237], [313, 240], [365, 327], [316, 332], [373, 405], [319, 408]]
data_building\cam2_pose\cam2_20241214_171237_0139.png [[327, 56], [334, 50], [320, 50], [344, 57], [307, 58], [363, 111], [287, 112], [395, 167], [257, 168], [432, 210], [220, 219], [362, 235], [314, 238], [371, 324], [317, 329], [382, 405], [319, 407]]
data_building\cam2_pose\cam2_20241214_171237_0140.png [[331, 57], [338, 50], [323, 51], [348, 58], [311, 59], [367, 111], [290, 114], [401, 167], [262, 169], [436, 208], [223, 220], [365, 235], [316, 236], [374, 323], [317, 329], [385, 406], [320, 407]]
data_building\cam2_pose\cam2_20241214_171237_0141.png [[337, 57], [345, 50], [330, 51], [356, 57], [319, 60], [376, 111], [299, 113], [409, 168], [270, 170], [447, 212], [229, 222], [370, 239], [321, 238], [376, 325], [319, 329], [385, 408], [320, 407]]
data_building\cam2_pose\cam2_20241214_171237_0142.png [[346, 57], [355, 50], [339, 51], [366, 57], [329, 60], [386, 111], [310, 114], [421, 169], [279, 171], [459, 213], [239, 222], [380, 239], [330, 237], [381, 326], [326, 328], [385, 407], [321, 407]]
data_building\cam2_pose\cam2_20241214_171237_0143.png [[355, 57], [364, 50], [349, 51], [376, 57], [338, 60], [397, 111], [319, 114], [432, 167], [290, 171], [472, 213], [248, 223], [388, 238], [338, 237], [385, 324], [331, 324], [386, 408], [322, 407]]
data_building\cam2_pose\cam2_20241214_171237_0144.png [[361, 57], [369, 50], [355, 51], [382, 57], [344, 59], [403, 110], [324, 114], [440, 166], [296, 170], [482, 213], [256, 220], [392, 240], [342, 237], [387, 324], [333, 322], [386, 408], [323, 408]]
data_building\cam2_pose\cam2_20241214_171238_0145.png [[362, 57], [370, 49], [355, 51], [383, 57], [345, 59], [404, 109], [326, 114], [443, 165], [298, 170], [484, 213], [260, 217], [392, 241], [343, 238], [388, 325], [335, 323], [386, 409], [322, 407]]
data_building\cam2_pose\cam2_20241214_171238_0146.png [[357, 56], [366, 49], [350, 51], [379, 57], [342, 60], [401, 109], [323, 115], [439, 165], [294, 171], [482, 212], [256, 220], [390, 241], [340, 238], [386, 324], [334, 322], [386, 408], [323, 407]]
data_building\cam2_pose\cam2_20241214_171238_0147.png [[349, 57], [356, 50], [342, 51], [371, 57], [334, 60], [393, 109], [316, 116], [432, 165], [289, 171], [472, 211], [250, 220], [384, 239], [334, 238], [383, 323], [332, 324], [386, 408], [323, 409]]
data_building\cam2_pose\cam2_20241214_171238_0148.png [[338, 57], [347, 50], [332, 51], [361, 57], [325, 59], [383, 108], [307, 116], [421, 165], [280, 173], [460, 208], [240, 220], [374, 237], [325, 236], [378, 322], [326, 324], [385, 408], [323, 408]]
data_building\cam2_pose\cam2_20241214_171238_0149.png [[329, 58], [338, 51], [322, 52], [353, 57], [316, 60], [374, 108], [298, 116], [413, 166], [272, 173], [451, 210], [232, 221], [365, 239], [316, 239], [372, 323], [320, 325], [384, 409], [322, 408]]
data_building\cam2_pose\cam2_20241214_171238_0150.png [[321, 58], [329, 51], [314, 53], [345, 58], [367, 108], [292, 117], [402, 164], [266, 173], [437, 209], [226, 221], [359, 239], [309, 239], [368, 323], [316, 325], [384, 408], [322, 409]]
data_building\cam2_pose\cam2_20241214_171238_0151.png [[319, 58], [328, 51], [313, 53], [344, 58], [366, 108], [290, 117], [402, 164], [265, 173], [436, 210], [225, 221], [358, 237], [307, 238], [368, 323], [316, 325], [384, 407], [322, 408]]
data_building\cam2_pose\cam2_20241214_171238_0152.png [[318, 58], [326, 51], [311, 53], [343, 58], [365, 109], [290, 116], [401, 164], [265, 172], [436, 210], [225, 221], [357, 240], [307, 240], [368, 322], [316, 325], [385, 407], [322, 408]]
data_building\cam2_pose\cam2_20241214_171238_0153.png [[316, 57], [324, 50], [309, 52], [341, 57], [363, 107], [287, 116], [399, 163], [264, 173], [434, 209], [224, 221], [357, 237], [307, 238], [370, 326], [317, 327], [384, 407], [322, 408]]
data_building\cam2_pose\cam2_20241214_171238_0154.png [[316, 57], [324, 50], [310, 51], [341, 57], [364, 107], [288, 116], [400, 162], [265, 172], [434, 209], [226, 220], [358, 235], [308, 237], [370, 326], [317, 326], [385, 407], [322, 408]]
data_building\cam2_pose\cam2_20241214_171239_0155.png [[320, 58], [328, 51], [314, 53], [345, 57], [368, 107], [294, 116], [404, 162], [270, 173], [439, 210], [235, 219], [359, 235], [310, 235], [372, 324], [319, 325], [387, 410], [322, 408]]
data_building\cam2_pose\cam2_20241214_171239_0156.png [[321, 58], [329, 51], [315, 53], [347, 57], [370, 107], [295, 116], [407, 163], [273, 173], [441, 209], [235, 221], [361, 237], [311, 237], [372, 326], [319, 326], [387, 410], [322, 408]]
data_building\cam2_pose\cam2_20241214_171239_0157.png [[323, 58], [331, 50], [317, 53], [349, 56], [372, 107], [298, 116], [409, 164], [275, 173], [443, 209], [237, 219], [362, 239], [313, 239], [373, 324], [320, 326], [387, 410], [322, 408]]
data_building\cam2_pose\cam2_20241214_171239_0158.png [[332, 57], [340, 48], [326, 51], [359, 55], [381, 107], [307, 115], [418, 164], [284, 172], [455, 212], [242, 224], [371, 238], [322, 239], [378, 327], [325, 326], [388, 411], [323, 407]]
data_building\cam2_pose\cam2_20241214_171239_0159.png [[334, 56], [343, 48], [329, 51], [361, 55], [384, 107], [309, 115], [421, 164], [286, 172], [457, 211], [246, 222], [373, 237], [324, 237], [379, 327], [326, 325], [388, 410], [323, 407]]
data_building\cam2_pose\cam2_20241214_171239_0160.png [[343, 56], [352, 47], [338, 50], [371, 53], [394, 106], [319, 115], [432, 162], [296, 174], [467, 211], [258, 220], [382, 235], [332, 235], [385, 323], [330, 326], [388, 410], [323, 409]]
data_building\cam2_pose\cam2_20241214_171239_0161.png [[346, 56], [354, 47], [340, 50], [373, 54], [396, 105], [322, 114], [434, 162], [299, 174], [472, 213], [261, 220], [384, 238], [334, 237], [387, 326], [331, 327], [389, 411], [323, 408]]
data_building\cam2_pose\cam2_20241214_171239_0162.png [[351, 55], [360, 46], [346, 49], [379, 53], [403, 104], [328, 114], [442, 162], [306, 171], [482, 215], [268, 219], [388, 239], [339, 237], [389, 326], [334, 322], [389, 410], [324, 407]]
data_building\cam2_pose\cam2_20241214_171239_0163.png [[352, 54], [361, 46], [347, 49], [380, 52], [404, 104], [329, 114], [443, 162], [307, 172], [484, 215], [267, 221], [389, 239], [339, 237], [389, 328], [335, 323], [389, 410], [325, 407]]
data_building\cam2_pose\cam2_20241214_171239_0164.png [[353, 54], [361, 46], [347, 49], [380, 52], [404, 103], [331, 113], [443, 161], [308, 172], [483, 215], [265, 225], [389, 237], [340, 235], [388, 325], [335, 322], [389, 411], [326, 405]]
data_building\cam2_pose\cam2_20241214_171239_0165.png [[352, 54], [361, 46], [346, 49], [380, 52], [404, 103], [331, 113], [442, 161], [309, 171], [482, 215], [265, 225], [389, 237], [340, 235], [388, 325], [336, 323], [389, 411], [327, 405]]
data_building\cam2_pose\cam2_20241214_171239_0166.png [[347, 56], [356, 47], [342, 50], [375, 53], [399, 104], [326, 115], [437, 161], [305, 172], [473, 212], [267, 220], [384, 233], [336, 231], [386, 323], [335, 324], [388, 411], [331, 406]]
data_building\cam2_pose\cam2_20241214_171240_0167.png [[339, 57], [347, 48], [334, 51], [368, 54], [390, 104], [320, 116], [428, 162], [299, 174], [463, 212], [263, 219], [377, 234], [329, 233], [382, 325], [333, 325], [388, 411], [330, 406]]
data_building\cam2_pose\cam2_20241214_171240_0168.png [[337, 57], [345, 49], [332, 52], [365, 55], [388, 105], [317, 116], [427, 163], [296, 175], [461, 213], [260, 220], [375, 236], [328, 234], [380, 326], [331, 327], [388, 411], [330, 406]]
data_building\cam2_pose\cam2_20241214_171240_0169.png [[327, 60], [335, 51], [323, 54], [355, 57], [378, 107], [310, 117], [415, 164], [289, 174], [448, 213], [253, 219], [367, 234], [319, 234], [375, 326], [328, 327], [387, 411], [330, 406]]
data_building\cam2_pose\cam2_20241214_171240_0170.png [[325, 60], [334, 52], [320, 55], [353, 57], [376, 107], [308, 117], [412, 162], [287, 175], [443, 212], [249, 222], [364, 232], [319, 231], [373, 327], [326, 327], [387, 410], [330, 406]]
data_building\cam2_pose\cam2_20241214_171240_0171.png [[317, 62], [326, 54], [313, 57], [346, 59], [368, 107], [302, 118], [402, 164], [282, 176], [432, 212], [245, 221], [356, 233], [311, 231], [368, 327], [322, 326], [386, 409], [329, 407]]
data_building\cam2_pose\cam2_20241214_171240_0172.png [[316, 63], [324, 54], [311, 57], [344, 59], [366, 107], [301, 118], [400, 162], [281, 177], [430, 213], [242, 225], [356, 232], [310, 231], [368, 326], [321, 326], [386, 409], [329, 407]]
data_building\cam2_pose\cam2_20241214_171240_0173.png [[313, 63], [320, 54], [308, 57], [342, 59], [364, 107], [299, 118], [397, 162], [279, 177], [426, 213], [241, 226], [352, 230], [309, 230], [367, 325], [320, 325], [385, 408], [329, 406]]
data_building\cam2_pose\cam2_20241214_171240_0174.png [[313, 63], [320, 54], [308, 57], [341, 59], [364, 106], [299, 118], [397, 162], [280, 177], [425, 211], [244, 223], [352, 229], [309, 229], [367, 325], [320, 325], [385, 410], [329, 406]]
data_building\cam2_pose\cam2_20241214_171240_0175.png [[317, 62], [325, 53], [312, 57], [345, 58], [367, 106], [304, 117], [401, 161], [284, 174], [429, 210], [253, 219], [355, 230], [311, 228], [367, 330], [322, 326], [383, 412], [329, 407]]
data_building\cam2_pose\cam2_20241214_171240_0176.png [[318, 62], [326, 53], [313, 56], [347, 58], [369, 105], [306, 117], [403, 162], [286, 176], [430, 211], [254, 220], [356, 230], [313, 227], [368, 330], [322, 325], [382, 412], [329, 406]]
data_building\cam2_pose\cam2_20241214_171241_0177.png [[325, 59], [332, 51], [321, 54], [355, 56], [377, 104], [315, 115], [413, 162], [295, 174], [440, 212], [262, 221], [365, 228], [321, 225], [372, 329], [328, 327], [383, 413], [330, 406]]
data_building\cam2_pose\cam2_20241214_171241_0178.png [[332, 58], [339, 49], [327, 53], [362, 53], [386, 101], [323, 113], [422, 161], [303, 173], [451, 212], [267, 222], [372, 229], [328, 227], [377, 329], [331, 326], [383, 414], [330, 406]]
data_building\cam2_pose\cam2_20241214_171241_0179.png [[335, 57], [343, 48], [331, 52], [365, 52], [390, 99], [327, 113], [426, 159], [308, 170], [454, 208], [275, 219], [376, 230], [332, 227], [380, 331], [334, 326], [384, 414], [331, 407]]
data_building\cam2_pose\cam2_20241214_171241_0180.png [[337, 57], [344, 47], [332, 52], [367, 51], [392, 99], [329, 113], [427, 158], [310, 169], [455, 206], [280, 218], [377, 228], [335, 224], [380, 328], [335, 323], [384, 414], [333, 406]]
data_building\cam2_pose\cam2_20241214_171241_0181.png [[336, 56], [344, 47], [332, 51], [367, 50], [392, 98], [330, 112], [427, 155], [312, 170], [454, 206], [281, 221], [377, 228], [335, 224], [379, 329], [337, 324], [383, 414], [337, 405]]
data_building\cam2_pose\cam2_20241214_171241_0182.png [[334, 57], [341, 48], [329, 52], [364, 51], [389, 98], [329, 114], [424, 156], [311, 169], [451, 206], [280, 221], [375, 228], [334, 225], [378, 328], [338, 324], [383, 415], [338, 405]]
data_building\cam2_pose\cam2_20241214_171241_0183.png [[332, 58], [340, 48], [328, 53], [363, 51], [387, 98], [328, 114], [422, 157], [310, 170], [449, 207], [280, 220], [374, 230], [333, 227], [377, 328], [338, 325], [383, 414], [338, 405]]
data_building\cam2_pose\cam2_20241214_171241_0184.png [[325, 60], [332, 50], [321, 55], [355, 54], [378, 100], [322, 115], [412, 156], [305, 170], [436, 205], [280, 215], [367, 227], [326, 224], [373, 328], [334, 324], [383, 414], [338, 405]]
data_building\cam2_pose\cam2_20241214_171241_0185.png [[319, 62], [327, 52], [316, 57], [349, 56], [372, 101], [317, 115], [405, 157], [300, 169], [429, 205], [276, 215], [362, 227], [322, 224], [370, 330], [331, 326], [383, 414], [337, 405]]
data_building\cam2_pose\cam2_20241214_171241_0186.png [[317, 62], [325, 53], [314, 57], [347, 56], [370, 101], [316, 117], [403, 158], [298, 170], [427, 206], [274, 216], [360, 228], [320, 226], [369, 331], [331, 326], [382, 414], [337, 405]]
data_building\cam2_pose\cam2_20241214_171242_0187.png [[312, 64], [319, 54], [308, 59], [341, 58], [364, 102], [311, 116], [395, 159], [292, 172], [418, 206], [268, 219], [354, 231], [315, 229], [365, 331], [326, 326], [382, 413], [337, 405]]
data_building\cam2_pose\cam2_20241214_171242_0188.png [[311, 64], [318, 54], [307, 59], [340, 59], [362, 102], [310, 116], [394, 159], [291, 172], [416, 206], [267, 219], [352, 231], [314, 228], [363, 330], [326, 325], [381, 413], [338, 405]]
data_building\cam2_pose\cam2_20241214_171242_0189.png [[307, 64], [315, 55], [304, 59], [337, 59], [359, 103], [307, 116], [391, 158], [289, 171], [413, 203], [266, 218], [350, 229], [313, 226], [361, 328], [325, 324], [377, 413], [337, 405]]
data_building\cam2_pose\cam2_20241214_171242_0190.png [[307, 64], [314, 54], [304, 59], [337, 58], [359, 102], [309, 115], [390, 156], [291, 171], [414, 202], [269, 218], [349, 227], [314, 225], [360, 329], [326, 323], [374, 414], [337, 405]]
data_building\cam2_pose\cam2_20241214_171242_0191.png [[310, 63], [316, 54], [307, 58], [340, 58], [362, 101], [313, 115], [393, 158], [295, 172], [415, 206], [276, 216], [350, 227], [315, 224], [360, 329], [327, 323], [372, 417], [338, 405]]
data_building\cam2_pose\cam2_20241214_171242_0192.png [[314, 61], [321, 52], [312, 56], [345, 55], [367, 99], [318, 114], [397, 157], [302, 171], [418, 206], [283, 217], [355, 227], [321, 225], [362, 329], [330, 323], [372, 417], [338, 405]]
data_building\cam2_pose\cam2_20241214_171242_0193.png [[319, 60], [326, 50], [317, 54], [350, 53], [372, 97], [325, 110], [400, 155], [308, 173], [422, 205], [288, 221], [361, 227], [325, 225], [365, 330], [332, 326], [372, 417], [338, 405]]
data_building\cam2_pose\cam2_20241214_171242_0194.png [[320, 59], [327, 49], [318, 53], [351, 53], [373, 96], [327, 110], [402, 155], [311, 171], [423, 204], [290, 220], [363, 227], [326, 224], [366, 330], [332, 326], [372, 418], [339, 405]]
data_building\cam2_pose\cam2_20241214_171242_0195.png [[323, 58], [330, 48], [321, 52], [354, 51], [377, 94], [330, 108], [404, 153], [313, 174], [425, 203], [292, 221], [365, 228], [329, 227], [368, 330], [334, 326], [372, 419], [339, 404]]
data_building\cam2_pose\cam2_20241214_171243_0196.png [[325, 58], [332, 48], [322, 52], [356, 51], [378, 94], [331, 105], [405, 153], [316, 171], [427, 201], [298, 218], [366, 229], [331, 228], [369, 330], [335, 324], [373, 419], [340, 402]]
data_building\cam2_pose\cam2_20241214_171243_0197.png [[323, 58], [330, 49], [321, 53], [354, 52], [376, 95], [330, 108], [403, 153], [314, 174], [425, 204], [295, 221], [365, 229], [331, 228], [368, 330], [335, 326], [373, 419], [343, 403]]
data_building\cam2_pose\cam2_20241214_171243_0198.png [[322, 59], [329, 49], [320, 53], [353, 52], [376, 95], [329, 108], [402, 153], [313, 176], [423, 202], [293, 222], [364, 230], [329, 228], [368, 329], [335, 326], [373, 419], [343, 404]]
data_building\cam2_pose\cam2_20241214_171243_0199.png [[319, 61], [326, 51], [317, 55], [349, 54], [371, 97], [326, 109], [397, 154], [310, 177], [419, 204], [290, 223], [360, 228], [326, 228], [365, 329], [334, 326], [373, 419], [343, 404]]
