match keypoints image0 [[221, 63], [336, 67], [0.785066], [228, 57], [343, 57], [0.5222095], [238, 62], [365, 59], [0.16620135], [259, 113], [385, 104], [0.8984525], [187, 117], [317, 179], [0.5867574], [291, 167], [403, 165], [0.87654936], [322, 212], [416, 218], [0.85500216], [257, 231], [372, 239], [0.80833435], [265, 314], [380, 333], [0.5491983], [213, 320], [346, 332], [0.38817388], [275, 392], [390, 415], [0.5825584], [211, 399], [349, 401], [0.33543724]]"
match keypoints image1 [[221, 63], [336, 67], [0.46434587], [228, 57], [343, 57], [0.18600209], [202, 63], [337, 120], [0.07536006], [260, 113], [385, 104], [0.928152], [187, 117], [317, 179], [0.8034783], [291, 168], [403, 165], [0.9294905], [162, 174], [294, 224], [0.8596435], [324, 214], [416, 218], [0.10309329], [257, 233], [372, 238], [0.7472841], [210, 234], [338, 236], [0.43353137], [265, 315], [380, 334], [0.48567915], [214, 320], [346, 332], [0.43562186], [275, 392], [390, 414], [0.6077747], [210, 399], [349, 401], [0.48823822]]"
match keypoints image2 [[221, 63], [336, 67], [0.5425842], [229, 57], [343, 57], [0.4601724], [238, 62], [365, 59], [0.44898406], [260, 113], [385, 104], [0.9472289], [187, 117], [337, 120], [0.17043911], [291, 167], [403, 165], [0.93818825], [163, 173], [317, 179], [0.68270713], [324, 213], [416, 217], [0.42344743], [123, 225], [294, 223], [0.49457887], [257, 233], [373, 239], [0.85509515], [210, 235], [339, 236], [0.5906112], [265, 315], [380, 332], [0.36641815], [214, 321], [346, 332], [0.27032155], [275, 392], [391, 414], [0.61679804], [210, 399], [349, 401], [0.25378984]]"
match keypoints image3 [[223, 63], [336, 66], [0.8835533], [230, 56], [343, 57], [0.6180004], [239, 62], [365, 58], [0.7772508], [261, 112], [384, 104], [0.9509694], [188, 116], [335, 120], [0.1430719], [293, 167], [403, 165], [0.7534093], [163, 171], [316, 180], [0.28967008], [325, 211], [417, 216], [0.43295398], [260, 230], [373, 237], [0.895673], [213, 233], [339, 235], [0.5990889], [268, 312], [380, 333], [0.78248054], [215, 318], [347, 331], [0.7632716], [276, 392], [389, 415], [0.76597166], [210, 399], [349, 401], [0.59546167]]"
match keypoints image4 [[224, 62], [339, 65], [0.40818948], [217, 56], [346, 55], [0.56559247], [240, 62], [368, 57], [0.19026616], [205, 62], [334, 59], [0.78737956], [262, 112], [389, 103], [0.6902939], [189, 116], [338, 118], [0.5428652], [294, 167], [424, 216], [0.50396913], [164, 171], [318, 176], [0.6002538], [125, 224], [292, 223], [0.85538775], [262, 232], [374, 234], [0.6921482], [214, 236], [338, 231], [0.6349813], [269, 314], [382, 332], [0.8439025], [215, 319], [347, 329], [0.88167286], [276, 392], [389, 415], [0.85665214], [210, 399], [350, 401], [0.83955675]]"
match keypoints image5 [[232, 63], [344, 63], [0.6815987], [225, 56], [351, 54], [0.4896072], [247, 62], [373, 55], [0.7080277], [268, 112], [394, 102], [0.9554141], [195, 116], [342, 116], [0.81346077], [299, 166], [418, 164], [0.93287575], [170, 171], [321, 173], [0.92406154], [331, 210], [433, 217], [0.94063187], [127, 226], [293, 222], [0.6974025], [267, 228], [380, 237], [0.90187067], [219, 232], [342, 236], [0.81010777], [272, 312], [385, 333], [0.6046813], [220, 318], [350, 329], [0.8934325], [277, 393], [389, 415], [0.7569361], [211, 400], [350, 402], [0.5713254]]"
match keypoints image6 [[241, 63], [350, 61], [0.94876], [247, 57], [357, 52], [0.83835423], [255, 62], [379, 54], [0.8902571], [275, 113], [400, 102], [0.94869715], [202, 116], [346, 114], [0.9005607], [305, 167], [425, 165], [0.94886714], [176, 169], [325, 172], [0.93992996], [338, 212], [441, 220], [0.9010849], [137, 222], [293, 223], [0.8292798], [274, 230], [386, 233], [0.8979168], [226, 232], [347, 230], [0.7685407], [276, 312], [389, 330], [0.8348457], [223, 317], [353, 327], [0.89739203], [277, 393], [390, 415], [0.86181116], [211, 399], [349, 402], [0.7037763]]"
match keypoints image7 [[248, 63], [353, 59], [0.9461455], [254, 57], [361, 50], [0.935144], [262, 62], [383, 52], [0.937107], [281, 113], [404, 101], [0.96108735], [208, 115], [349, 113], [0.8902832], [311, 168], [430, 165], [0.96025044], [182, 167], [326, 170], [0.95786077], [346, 213], [447, 219], [0.9527329], [142, 219], [294, 219], [0.9565807], [278, 230], [388, 236], [0.92829067], [230, 232], [347, 231], [0.7330696], [279, 314], [391, 330], [0.5554803], [225, 317], [352, 326], [0.28501642], [277, 393], [390, 415], [0.55172944], [211, 399], [349, 401], [0.6071308]]"
match keypoints image8 [[251, 62], [355, 57], [0.93120646], [258, 56], [362, 48], [0.5841113], [265, 61], [385, 50], [0.9012836], [285, 112], [405, 99], [0.9557114], [211, 114], [349, 112], [0.81724733], [315, 167], [432, 162], [0.95223355], [184, 165], [326, 168], [0.95258826], [353, 218], [450, 217], [0.88978666], [148, 215], [296, 214], [0.888628], [280, 233], [387, 233], [0.88825756], [232, 233], [347, 229], [0.7347603], [279, 316], [349, 328], [0.54133004], [277, 394], [389, 416], [0.16415395], [210, 397], [344, 399], [0.121975124]]"
match keypoints image9 [[250, 61], [354, 57], [0.87716144], [257, 55], [362, 48], [0.79826295], [264, 60], [383, 50], [0.5762731], [283, 111], [404, 98], [0.95286304], [209, 113], [347, 112], [0.83284867], [313, 167], [431, 162], [0.94482327], [181, 165], [325, 167], [0.9430858], [348, 212], [449, 216], [0.9340584], [142, 217], [292, 215], [0.93340766], [279, 233], [385, 232], [0.8316575], [229, 234], [345, 227], [0.25445765], [278, 316], [389, 332], [0.40153915], [277, 394], [389, 416], [0.4787583], [205, 399], [338, 400], [0.29522148]]"
match keypoints image10 [[249, 61], [350, 58], [0.8872983], [256, 55], [358, 49], [0.865019], [263, 60], [380, 52], [0.711244], [227, 59], [346, 53], [0.5559332], [281, 111], [400, 100], [0.95612186], [207, 114], [342, 114], [0.8008412], [312, 168], [427, 164], [0.9146382], [180, 165], [321, 168], [0.9463738], [347, 212], [446, 215], [0.93253815], [140, 219], [288, 218], [0.927218], [278, 233], [382, 230], [0.8776119], [229, 234], [341, 224], [0.67141086], [278, 316], [340, 329], [0.4221463], [277, 394], [389, 416], [0.122519106], [205, 400], [336, 402], [0.15329158]]"
match keypoints image11 [[242, 61], [349, 59], [0.949017], [249, 56], [356, 50], [0.79816717], [256, 61], [378, 53], [0.8032594], [275, 112], [398, 101], [0.95051557], [201, 113], [340, 115], [0.8882876], [304, 166], [426, 163], [0.9040699], [172, 167], [319, 170], [0.9451697], [348, 220], [445, 215], [0.7029851], [133, 221], [286, 219], [0.8832459], [272, 233], [380, 230], [0.5756039], [223, 233], [340, 226], [0.34887004], [275, 315], [386, 333], [0.5172599], [218, 318], [340, 327], [0.7137675], [277, 393], [389, 416], [0.77769405]]"
match keypoints image12 [[233, 61], [342, 61], [0.95564514], [239, 55], [349, 53], [0.9270812], [245, 60], [370, 55], [0.72684073], [265, 112], [390, 103], [0.9570209], [190, 113], [332, 118], [0.93711364], [297, 168], [419, 164], [0.9298083], [160, 170], [312, 171], [0.9512086], [345, 225], [437, 213], [0.24773273], [124, 220], [280, 219], [0.9151792], [264, 232], [374, 230], [0.81433004], [215, 235], [334, 227], [0.26821277], [270, 319], [382, 331], [0.49349758], [213, 320], [338, 327], [0.7465629], [276, 393], [389, 415], [0.71497506]]"
match keypoints image13 [[231, 60], [334, 63], [0.8508507], [237, 54], [342, 54], [0.8623055], [208, 58], [329, 58], [0.8831191], [262, 112], [382, 106], [0.94973767], [187, 113], [324, 117], [0.83318114], [294, 168], [411, 164], [0.6088776], [157, 171], [302, 176], [0.95411026], [119, 222], [268, 222], [0.9453755], [262, 233], [368, 232], [0.7672271], [212, 234], [326, 230], [0.5920703], [269, 319], [378, 333], [0.7170875], [211, 319], [334, 328], [0.527297], [276, 393], [389, 415], [0.6141233]]"
match keypoints image14 [[223, 60], [328, 65], [0.7956092], [229, 54], [335, 56], [0.7971593], [235, 60], [355, 59], [0.11666453], [199, 57], [323, 59], [0.15717301], [254, 112], [376, 107], [0.8068779], [178, 111], [317, 118], [0.7239275], [285, 166], [427, 212], [0.8681664], [152, 167], [296, 175], [0.9243588], [117, 215], [266, 219], [0.81875634], [252, 234], [361, 233], [0.14878686], [203, 237], [322, 231], [0.06377006], [263, 318], [374, 333], [0.65013015], [205, 321], [332, 331], [0.28869227], [275, 393], [389, 415], [0.5090531]]"
match keypoints image15 [[217, 60], [327, 65], [0.86008793], [223, 54], [334, 57], [0.7442533], [247, 112], [374, 107], [0.9412061], [170, 110], [316, 119], [0.3955452], [279, 166], [426, 212], [0.8777729], [143, 168], [295, 175], [0.930233], [106, 220], [264, 221], [0.7941995], [244, 234], [359, 234], [0.20565861], [196, 235], [321, 233], [0.21421087], [260, 320], [371, 331], [0.65485215], [201, 324], [331, 328], [0.7916655], [275, 393], [388, 414], [0.41578704]]"
match keypoints image16 [[214, 59], [324, 66], [0.35817763], [220, 53], [331, 58], [0.39902234], [189, 56], [319, 61], [0.7052556], [243, 111], [371, 108], [0.8282973], [166, 110], [311, 119], [0.54051083], [275, 165], [424, 213], [0.80789757], [137, 167], [292, 177], [0.85956395], [103, 219], [260, 221], [0.8618575], [245, 234], [358, 233], [0.28783154], [258, 316], [371, 330], [0.33401033], [202, 326], [331, 327], [0.44963452], [269, 391], [388, 412], [0.3116035]]"
match keypoints image17 [[214, 59], [324, 65], [0.8168198], [220, 53], [332, 57], [0.78437096], [206, 51], [319, 60], [0.5108996], [242, 110], [372, 108], [0.8908267], [166, 110], [310, 119], [0.57981616], [274, 165], [426, 213], [0.73571616], [137, 167], [289, 179], [0.8482047], [101, 220], [259, 221], [0.86565465], [246, 234], [361, 231], [0.47315487], [257, 317], [372, 327], [0.5330656], [203, 326], [331, 326], [0.768692], [267, 392], [388, 410], [0.16162062], [206, 403], [336, 405], [0.1448657]]"
match keypoints image18 [[217, 59], [329, 65], [0.8484114], [223, 53], [336, 56], [0.8315689], [209, 52], [323, 59], [0.60437316], [245, 111], [377, 108], [0.8473802], [169, 110], [314, 119], [0.30674562], [276, 165], [409, 164], [0.26652238], [141, 167], [294, 176], [0.8611611], [106, 221], [261, 222], [0.7171217], [201, 239], [322, 229], [0.06899206], [256, 321], [374, 327], [0.28247374], [205, 326], [332, 325], [0.7256333]]"
match keypoints image19 [[224, 60], [357, 60], [0.37888938], [216, 53], [338, 56], [0.50430715], [252, 112], [378, 108], [0.9282729], [178, 110], [316, 119], [0.6958394], [282, 167], [436, 213], [0.69998246], [150, 168], [295, 177], [0.92568576], [116, 225], [262, 223], [0.84625465], [254, 231], [366, 230], [0.8635918], [208, 234], [323, 228], [0.24061292], [258, 321], [375, 329], [0.824731], [207, 325], [332, 326], [0.81267935], [262, 394], [388, 409], [0.32326898], [206, 403], [336, 404], [0.61402035]]"
match keypoints image20 [[231, 61], [336, 63], [0.90797275], [237, 56], [344, 55], [0.93237543], [224, 54], [331, 58], [0.6909204], [259, 113], [384, 107], [0.93635654], [184, 111], [320, 118], [0.83670324], [287, 167], [417, 165], [0.9108678], [159, 167], [301, 174], [0.94578356], [320, 207], [445, 215], [0.93895763], [132, 220], [268, 221], [0.83797073], [260, 230], [370, 229], [0.6988134], [213, 233], [328, 228], [0.54174787], [261, 320], [377, 328], [0.73387086], [212, 323], [335, 323], [0.75732976], [262, 395], [335, 404], [0.2814746]]"
match keypoints image21 [[233, 62], [344, 62], [0.94184524], [238, 56], [352, 53], [0.9418886], [225, 54], [338, 56], [0.8984037], [260, 114], [392, 106], [0.94286096], [187, 111], [326, 118], [0.8426423], [290, 167], [425, 163], [0.9275783], [161, 166], [306, 176], [0.9463977], [321, 207], [454, 214], [0.9254534], [133, 220], [268, 222], [0.7849406], [261, 233], [378, 230], [0.4764945], [214, 235], [334, 229], [0.2510703], [262, 321], [382, 327], [0.7261065], [213, 326], [338, 327], [0.8194808], [263, 395], [336, 404], [0.49002293]]"
match keypoints image22 [[238, 62], [350, 61], [0.9463465], [244, 57], [358, 53], [0.93887794], [230, 55], [344, 55], [0.8699236], [263, 114], [398, 106], [0.94439083], [190, 110], [330, 117], [0.8282], [292, 168], [431, 165], [0.9386152], [166, 165], [308, 176], [0.9463292], [325, 208], [460, 217], [0.92280394], [135, 220], [265, 226], [0.8804631], [265, 230], [383, 230], [0.65258765], [218, 233], [337, 229], [0.43000665], [215, 325], [338, 323], [0.38822347], [263, 395], [389, 410], [0.32409146]]"
match keypoints image23 [[241, 63], [351, 61], [0.94053584], [246, 57], [359, 52], [0.9123714], [233, 56], [345, 55], [0.8597157], [265, 114], [399, 106], [0.9383467], [193, 110], [330, 117], [0.5762469], [294, 168], [432, 164], [0.93497056], [167, 164], [310, 176], [0.9495506], [326, 208], [461, 216], [0.93191093], [136, 219], [266, 225], [0.8489266], [221, 232], [384, 230], [0.648712], [216, 325], [338, 325], [0.43817553], [263, 395], [389, 410], [0.15233062], [206, 403], [336, 404], [0.29665807]]"
match keypoints image24 [[244, 63], [353, 60], [0.38592428], [250, 57], [380, 55], [0.18482402], [238, 56], [362, 51], [0.27618286], [219, 59], [348, 54], [0.45236826], [268, 114], [401, 105], [0.88767445], [197, 110], [332, 116], [0.18172638], [296, 169], [435, 165], [0.8380317], [170, 163], [311, 174], [0.90537137], [328, 209], [465, 217], [0.9398452], [139, 217], [277, 216], [0.75263137], [268, 234], [385, 235], [0.6976313], [222, 234], [338, 233], [0.6943416], [216, 325], [338, 325], [0.43867373], [262, 395], [389, 410], [0.41377658], [205, 401], [334, 404], [0.5797795]]"
match keypoints image25 [[244, 63], [353, 60], [0.51670575], [250, 57], [362, 51], [0.41027847], [219, 58], [348, 54], [0.55103296], [267, 114], [401, 105], [0.85353833], [196, 109], [332, 116], [0.47556973], [294, 168], [434, 165], [0.32420552], [169, 163], [310, 173], [0.9392256], [326, 207], [465, 217], [0.582927], [137, 217], [273, 219], [0.8824666], [220, 231], [385, 231], [0.6835982], [214, 325], [385, 327], [0.39438075], [263, 395], [389, 410], [0.0810299]]"
match keypoints image26 [[240, 63], [351, 61], [0.94453514], [245, 57], [359, 53], [0.9309973], [233, 56], [345, 55], [0.7256527], [262, 115], [398, 107], [0.91804135], [191, 110], [328, 117], [0.70349616], [290, 169], [431, 165], [0.9222541], [162, 164], [306, 174], [0.94898355], [322, 209], [463, 218], [0.9421801], [129, 219], [268, 219], [0.86169285], [264, 233], [382, 231], [0.37595448], [263, 322], [384, 326], [0.2198361], [215, 327], [337, 324], [0.41302416], [262, 395], [334, 404], [0.31878284]]"
match keypoints image27 [[238, 63], [346, 62], [0.947876], [243, 58], [355, 54], [0.80218136], [231, 56], [341, 56], [0.8242019], [260, 114], [393, 108], [0.92246825], [189, 110], [323, 117], [0.728358], [287, 169], [427, 166], [0.80643207], [160, 164], [301, 176], [0.93762475], [320, 209], [458, 217], [0.88268334], [127, 219], [262, 220], [0.67928016], [216, 237], [380, 234], [0.44352898], [214, 327], [383, 326], [0.1297654], [262, 395], [388, 409], [0.26035646]]"
match keypoints image28 [[236, 63], [344, 63], [0.3386575], [241, 57], [370, 59], [0.30297783], [210, 58], [353, 54], [0.32734138], [259, 115], [391, 108], [0.8736291], [186, 110], [322, 118], [0.6460625], [286, 169], [425, 166], [0.6646898], [158, 164], [299, 176], [0.8831374], [321, 211], [456, 217], [0.85537934], [127, 218], [260, 220], [0.65128064], [261, 231], [378, 235], [0.6809156], [214, 234], [331, 234], [0.46134302], [262, 322], [382, 326], [0.21651746], [212, 327], [335, 326], [0.40255943], [262, 395], [333, 405], [0.33472064]]"
match keypoints image29 [[227, 62], [368, 59], [0.5256284], [201, 57], [351, 55], [0.53166837], [250, 114], [389, 109], [0.85213333], [178, 110], [320, 119], [0.37637475], [278, 167], [422, 166], [0.5128745], [150, 167], [299, 175], [0.9105503], [313, 211], [454, 216], [0.6880918], [118, 223], [261, 219], [0.83015615], [254, 229], [376, 234], [0.474413], [208, 234], [330, 233], [0.3190634], [258, 321], [382, 326], [0.33504096], [208, 329], [335, 324], [0.5239658], [262, 395], [388, 410], [0.49566728]]"
match keypoints image30 [[221, 61], [357, 62], [0.19576678], [214, 54], [341, 57], [0.2268785], [194, 57], [327, 60], [0.40173066], [244, 113], [379, 110], [0.9103213], [171, 109], [311, 120], [0.43184286], [272, 167], [413, 165], [0.9413489], [145, 166], [289, 176], [0.9287], [305, 207], [442, 213], [0.9423962], [115, 220], [248, 225], [0.88755536], [249, 229], [368, 235], [0.4696147], [202, 234], [322, 234], [0.84622884], [255, 321], [377, 327], [0.7166408], [205, 326], [331, 324], [0.79425484], [262, 394], [388, 408], [0.44775537], [206, 402], [332, 405], [0.6031882]]"
match keypoints image31 [[220, 61], [328, 66], [0.9466004], [225, 55], [335, 58], [0.7766632], [212, 54], [322, 61], [0.76485807], [242, 113], [374, 111], [0.9010637], [271, 167], [408, 165], [0.8987503], [142, 167], [284, 176], [0.94067353], [304, 207], [440, 216], [0.87548023], [112, 221], [245, 225], [0.8534301], [200, 237], [319, 239], [0.556593], [255, 321], [374, 325], [0.40623847], [203, 328], [328, 323], [0.5298672], [262, 394], [388, 408], [0.36390156], [206, 402], [332, 405], [0.3412661]]"
match keypoints image32 [[214, 60], [324, 66], [0.9533471], [218, 54], [332, 59], [0.92765033], [206, 53], [318, 61], [0.8958968], [235, 111], [370, 111], [0.84251237], [162, 108], [301, 121], [0.63359094], [263, 166], [404, 165], [0.8099531], [136, 165], [281, 176], [0.8524574], [298, 208], [437, 213], [0.8443413], [107, 221], [243, 224], [0.54599863], [243, 232], [363, 236], [0.22471629], [196, 238], [317, 236], [0.24119465], [252, 320], [374, 321], [0.2831492], [202, 329], [328, 323], [0.5042001], [261, 391], [389, 407], [0.13619584]]"
match keypoints image33 [[213, 60], [324, 66], [0.94784635], [218, 54], [331, 59], [0.7787444], [206, 52], [317, 60], [0.6762441], [233, 111], [370, 111], [0.8965716], [262, 166], [404, 165], [0.861855], [134, 167], [281, 175], [0.8472609], [295, 208], [437, 213], [0.87263674], [107, 225], [243, 223], [0.8147246], [243, 231], [364, 235], [0.27289677], [196, 237], [317, 237], [0.42341757], [251, 319], [375, 321], [0.55730164], [202, 328], [328, 324], [0.65721864], [258, 392], [389, 407], [0.1822095]]"
match keypoints image34 [[213, 60], [327, 66], [0.91648775], [218, 54], [334, 59], [0.849012], [206, 52], [320, 60], [0.42810827], [185, 54], [314, 65], [0.2310775], [233, 111], [371, 111], [0.8802921], [161, 108], [301, 120], [0.66551054], [261, 166], [406, 165], [0.8249021], [135, 165], [281, 175], [0.8544409], [294, 207], [439, 213], [0.87979656], [109, 224], [242, 225], [0.7573018], [242, 230], [366, 238], [0.3306882], [196, 236], [318, 239], [0.53024], [250, 321], [376, 320], [0.40474093], [202, 329], [328, 325], [0.40677983], [258, 392], [389, 405], [0.29224783]]"
match keypoints image35 [[219, 61], [327, 66], [0.92407876], [223, 56], [334, 59], [0.92754567], [212, 53], [320, 60], [0.78834766], [190, 55], [314, 65], [0.3898907], [236, 113], [371, 111], [0.9538355], [165, 107], [301, 120], [0.8713008], [264, 169], [406, 165], [0.94504446], [141, 167], [281, 175], [0.945245], [296, 210], [439, 213], [0.9436699], [116, 223], [242, 225], [0.87075835], [245, 233], [366, 238], [0.43375018], [199, 238], [318, 239], [0.54549146], [249, 319], [376, 320], [0.7732193], [202, 327], [328, 325], [0.6016571], [255, 393], [389, 405], [0.40580535]]"
match keypoints image36 [[217, 54], [341, 58], [0.08321273], [196, 56], [327, 60], [0.06620687], [240, 114], [377, 112], [0.72411585], [170, 108], [306, 120], [0.5200407], [266, 170], [411, 167], [0.7346397], [146, 168], [284, 174], [0.91664505], [298, 211], [444, 214], [0.8395672], [121, 225], [248, 220], [0.8673129], [247, 234], [370, 237], [0.39154327], [201, 238], [322, 237], [0.21039526], [251, 323], [376, 319], [0.5285429], [255, 394], [388, 406], [0.5157224], [206, 403], [332, 405], [0.45870787]]"
match keypoints image37 [[232, 64], [345, 64], [0.649011], [226, 56], [353, 57], [0.46383688], [204, 57], [331, 63], [0.30615208], [247, 116], [388, 113], [0.9307905], [178, 108], [316, 119], [0.89603436], [272, 170], [422, 168], [0.82436496], [154, 164], [291, 174], [0.90429753], [302, 213], [455, 217], [0.8899033], [133, 218], [253, 221], [0.8410473], [253, 234], [378, 238], [0.5457959], [208, 237], [329, 236], [0.41199937], [254, 324], [382, 322], [0.6008618], [208, 332], [333, 324], [0.38505575], [255, 394], [388, 407], [0.46108612], [207, 403], [333, 405], [0.6141468]]"
match keypoints image38 [[180, 108], [395, 113], [0.7824915], [274, 171], [428, 168], [0.35488155], [157, 163], [296, 174], [0.6687569], [302, 212], [461, 216], [0.61382204], [135, 219], [261, 218], [0.64943373], [209, 239], [383, 238], [0.66214544], [209, 331], [386, 322], [0.7351932], [255, 394], [389, 408], [0.5781685]]"
match keypoints image39 [[243, 66], [358, 62], [0.83780974], [247, 60], [366, 55], [0.7423634], [236, 58], [352, 56], [0.3753931], [215, 59], [343, 61], [0.18833531], [256, 116], [433, 167], [0.5000706], [166, 162], [302, 172], [0.7781022], [310, 211], [467, 217], [0.87088627], [148, 215], [262, 219], [0.6181008], [260, 234], [387, 237], [0.41470596], [215, 235], [338, 235], [0.30588037], [258, 320], [388, 322], [0.3079356], [255, 394], [389, 408], [0.31799716]]"
match keypoints image40 [[244, 66], [358, 61], [0.80555665], [247, 60], [367, 54], [0.71329135], [236, 58], [352, 55], [0.5351152], [215, 59], [343, 61], [0.18571424], [256, 116], [401, 111], [0.63335866], [190, 108], [326, 117], [0.78715545], [281, 170], [433, 167], [0.34793225], [166, 161], [301, 171], [0.6946272], [308, 210], [467, 218], [0.83504593], [148, 215], [261, 219], [0.56203914], [260, 233], [387, 237], [0.27083093], [216, 233], [338, 235], [0.40276563], [214, 326], [388, 321], [0.42792788], [256, 394], [389, 408], [0.585276]]"
match keypoints image41 [[242, 65], [375, 60], [0.08509128], [235, 57], [362, 56], [0.4675426], [213, 58], [338, 62], [0.29135984], [254, 116], [427, 167], [0.6501284], [187, 108], [321, 118], [0.8889571], [165, 164], [294, 174], [0.9364331], [306, 211], [459, 216], [0.9311201], [145, 217], [256, 221], [0.9019767], [260, 230], [384, 239], [0.4372199], [216, 231], [335, 236], [0.54993707], [257, 316], [386, 322], [0.66775215], [213, 324], [330, 322], [0.27119663], [255, 394], [388, 408], [0.38762915]]"
match keypoints image42 [[208, 57], [360, 56], [0.12010224], [248, 116], [394, 112], [0.66191417], [181, 109], [319, 118], [0.6724608], [273, 172], [425, 168], [0.82098997], [160, 164], [293, 174], [0.88576466], [301, 212], [458, 216], [0.9200259], [140, 219], [254, 222], [0.7636919], [257, 230], [383, 239], [0.19794798], [213, 234], [333, 237], [0.80804205], [256, 317], [386, 321], [0.8570415], [214, 326], [329, 323], [0.7111742], [255, 394], [388, 407], [0.6811965], [208, 408], [322, 406], [0.7417695]]"
match keypoints image43 [[235, 64], [343, 63], [0.83313286], [228, 56], [337, 57], [0.69233996], [206, 57], [326, 63], [0.20441663], [246, 116], [383, 113], [0.9123503], [272, 172], [415, 168], [0.8479172], [158, 166], [284, 174], [0.69398385], [300, 212], [445, 213], [0.9097158], [139, 220], [247, 222], [0.56391907], [255, 229], [375, 237], [0.14288346], [212, 233], [325, 237], [0.35335577], [256, 316], [381, 326], [0.67067075], [213, 326], [326, 326], [0.6407133], [255, 394], [388, 407], [0.40527937]]"
match keypoints image44 [[226, 62], [332, 64], [0.9367236], [230, 57], [340, 57], [0.85190254], [220, 53], [325, 58], [0.72473603], [197, 55], [315, 64], [0.27703938], [237, 113], [372, 113], [0.88766706], [170, 107], [298, 120], [0.8781644], [264, 170], [405, 169], [0.9350874], [149, 165], [275, 174], [0.78496367], [292, 211], [438, 215], [0.8481109], [132, 220], [237, 222], [0.26728153], [203, 233], [316, 237], [0.092592195], [252, 315], [374, 322], [0.079213336], [208, 327], [319, 324], [0.07591596], [255, 393], [387, 406], [0.48507252]]"
match keypoints image45 [[219, 60], [329, 64], [0.71206695], [223, 54], [337, 57], [0.6792701], [211, 51], [322, 58], [0.4747803], [229, 112], [369, 113], [0.50168824], [161, 106], [296, 120], [0.63317066], [257, 170], [401, 167], [0.6892879], [139, 169], [272, 175], [0.67000043], [287, 211], [435, 214], [0.7540349], [121, 225], [236, 221], [0.57401955], [242, 231], [362, 235], [0.05387495], [197, 237], [314, 235], [0.059523564], [249, 319], [373, 321], [0.49796236], [203, 330], [318, 324], [0.17183304], [254, 393], [387, 406], [0.18332268]]"
match keypoints image46 [[217, 59], [326, 64], [0.86971915], [221, 54], [334, 58], [0.87415767], [211, 51], [320, 58], [0.7234476], [187, 52], [310, 65], [0.06260129], [228, 111], [367, 113], [0.8902456], [160, 106], [294, 120], [0.7550073], [255, 168], [400, 167], [0.9379682], [138, 170], [269, 174], [0.76823443], [285, 211], [433, 214], [0.93638533], [119, 225], [234, 221], [0.4215008], [248, 317], [372, 321], [0.6585387], [203, 329], [317, 325], [0.57402724], [254, 393], [387, 406], [0.54477584], [206, 409], [321, 406], [0.10040379]]"
match keypoints image47 [[214, 57], [320, 64], [0.9197245], [207, 48], [313, 58], [0.78831476], [183, 50], [303, 65], [0.20410107], [223, 110], [360, 113], [0.81754845], [155, 104], [286, 120], [0.66337126], [251, 171], [391, 168], [0.78265727], [136, 169], [263, 176], [0.7114231], [278, 211], [424, 213], [0.9200368], [118, 227], [226, 225], [0.6328829], [238, 230], [356, 233], [0.4186379], [194, 236], [308, 235], [0.43493152], [245, 316], [370, 318], [0.29672426], [251, 393], [384, 404], [0.45940703]]"
match keypoints image48 [[214, 57], [317, 64], [0.88991606], [207, 48], [310, 58], [0.5089985], [183, 49], [299, 64], [0.13035923], [155, 103], [282, 120], [0.54838556], [250, 171], [387, 167], [0.561369], [136, 168], [259, 175], [0.67623633], [278, 212], [420, 213], [0.9023338], [119, 225], [223, 227], [0.7272753], [237, 230], [355, 232], [0.2757932], [193, 236], [307, 235], [0.47555], [244, 318], [366, 318], [0.09550547], [202, 332], [315, 325], [0.057605542], [251, 393], [382, 405], [0.63685703]]"
match keypoints image49 [[213, 57], [316, 64], [0.9492645], [206, 48], [310, 58], [0.8135395], [182, 49], [299, 63], [0.46184444], [222, 110], [355, 113], [0.9107661], [154, 103], [281, 120], [0.8494742], [248, 171], [387, 168], [0.8678451], [136, 167], [258, 175], [0.776824], [276, 211], [420, 212], [0.91954124], [121, 223], [223, 226], [0.3895237], [235, 229], [354, 233], [0.20961308], [191, 235], [306, 234], [0.2844298], [241, 315], [365, 317], [0.3799445], [201, 332], [315, 324], [0.094549336], [247, 394], [381, 405], [0.6030773]]"
match keypoints image50 [[215, 57], [317, 64], [0.8192835], [208, 48], [310, 58], [0.28503734], [184, 49], [299, 63], [0.2648742], [222, 110], [356, 113], [0.5113853], [155, 102], [281, 120], [0.6474964], [249, 172], [388, 167], [0.711297], [137, 165], [256, 175], [0.7363949], [277, 210], [423, 211], [0.8953609], [122, 222], [218, 226], [0.38694715], [235, 228], [355, 232], [0.32672247], [193, 233], [307, 234], [0.46212], [239, 312], [365, 318], [0.3759925], [201, 329], [315, 324], [0.24314524], [245, 394], [379, 405], [0.44519785]]"
match keypoints image51 [[215, 57], [321, 64], [0.8437183], [208, 48], [314, 57], [0.63927984], [185, 49], [303, 63], [0.47199437], [222, 110], [360, 113], [0.87485176], [156, 102], [284, 119], [0.80586666], [249, 171], [391, 168], [0.8449358], [138, 165], [259, 174], [0.7878931], [275, 210], [426, 212], [0.9394431], [124, 220], [223, 224], [0.31710982], [235, 228], [358, 235], [0.6377712], [239, 312], [366, 319], [0.4231687], [202, 329], [316, 325], [0.49339783], [245, 393], [379, 406], [0.7206134]]"
match keypoints image52 [[219, 59], [328, 64], [0.3898134], [223, 54], [336, 58], [0.78669614], [212, 51], [322, 57], [0.47180107], [188, 50], [311, 63], [0.21002237], [161, 102], [292, 119], [0.75457835], [251, 171], [398, 171], [0.9288456], [144, 165], [267, 174], [0.7334281], [277, 213], [434, 218], [0.95203197], [132, 220], [233, 221], [0.75677097], [237, 229], [361, 235], [0.72355527], [240, 316], [368, 321], [0.753029], [202, 331], [317, 326], [0.41527686], [244, 394], [379, 407], [0.6210006]]"
match keypoints image53 [[225, 62], [331, 64], [0.7893891], [228, 57], [338, 58], [0.6621445], [218, 53], [324, 58], [0.5356296], [195, 53], [313, 63], [0.28906158], [166, 103], [295, 118], [0.8672031], [254, 170], [400, 171], [0.90564084], [152, 163], [269, 173], [0.4938754], [277, 212], [435, 218], [0.861041], [141, 218], [236, 219], [0.07767343], [241, 231], [363, 236], [0.07345397], [205, 329], [368, 321], [0.16079158], [206, 409], [379, 406], [0.6339518]]"
match keypoints image54 [[232, 65], [342, 64], [0.8988991], [236, 60], [359, 63], [0.28274176], [226, 56], [335, 57], [0.5241367], [202, 55], [324, 63], [0.7140174], [235, 115], [378, 115], [0.9265374], [175, 103], [303, 118], [0.9179807], [260, 173], [409, 172], [0.9365687], [159, 162], [276, 173], [0.91954124], [283, 215], [442, 218], [0.9248594], [146, 215], [238, 223], [0.8394833], [246, 230], [370, 235], [0.38230032], [246, 317], [373, 321], [0.65217596], [244, 395], [379, 407], [0.4817957]]"
match keypoints image55 [[238, 66], [352, 64], [0.6236603], [241, 62], [360, 58], [0.30838615], [232, 58], [346, 57], [0.60864854], [209, 57], [334, 62], [0.56028754], [239, 116], [387, 116], [0.9111306], [181, 104], [311, 117], [0.85373676], [262, 172], [415, 173], [0.95336455], [164, 161], [283, 170], [0.94064575], [284, 215], [449, 219], [0.9381225], [151, 213], [244, 219], [0.72060364], [248, 229], [377, 237], [0.9089249], [211, 233], [328, 236], [0.7233136], [247, 314], [378, 323], [0.8213453], [212, 323], [327, 324], [0.51923496], [244, 395], [379, 407], [0.57778084]]"
match keypoints image56 [[238, 66], [359, 63], [0.9572566], [233, 58], [352, 56], [0.9339455], [210, 57], [339, 60], [0.4535536], [240, 116], [391, 116], [0.93906], [182, 104], [316, 116], [0.927026], [262, 173], [419, 173], [0.95415705], [165, 162], [287, 168], [0.916661], [284, 215], [460, 227], [0.9390799], [152, 214], [248, 216], [0.53965324], [249, 230], [379, 237], [0.85588324], [212, 234], [330, 234], [0.79995215], [247, 315], [379, 322], [0.75240624], [213, 324], [327, 322], [0.2774676], [244, 395], [379, 408], [0.37767273], [209, 406], [319, 406], [0.48373306]]"
match keypoints image57 [[241, 67], [359, 63], [0.6362612], [235, 58], [353, 56], [0.87491393], [212, 57], [340, 60], [0.6288315], [241, 116], [392, 116], [0.93943906], [184, 102], [316, 115], [0.8959673], [263, 173], [419, 173], [0.9516734], [168, 160], [287, 168], [0.9028696], [285, 217], [457, 224], [0.9275898], [156, 214], [249, 216], [0.50620586], [250, 227], [379, 237], [0.81877774], [212, 231], [330, 235], [0.78973395], [248, 315], [379, 323], [0.83049744], [213, 324], [327, 322], [0.18068942], [244, 395], [379, 407], [0.32798338]]"
match keypoints image58 [[239, 65], [358, 63], [0.6035936], [233, 57], [351, 56], [0.82188344], [238, 115], [390, 114], [0.7469353], [183, 101], [314, 114], [0.79952043], [262, 171], [416, 172], [0.84636766], [167, 160], [284, 167], [0.7223632], [284, 216], [451, 221], [0.8819105], [157, 214], [245, 218], [0.4516469], [248, 226], [379, 238], [0.4711608], [211, 230], [329, 236], [0.37784064], [248, 315], [378, 325], [0.56338376], [212, 323], [323, 323], [0.12835063], [243, 395], [379, 407], [0.3122133]]"
match keypoints image59 [[238, 65], [350, 63], [0.95041746], [233, 57], [344, 56], [0.89730316], [210, 55], [331, 60], [0.114308566], [237, 114], [382, 115], [0.8070863], [182, 101], [307, 116], [0.7181076], [260, 170], [411, 173], [0.91137606], [167, 161], [277, 170], [0.7426116], [282, 214], [444, 218], [0.8763615], [156, 215], [238, 219], [0.22931458], [211, 228], [325, 238], [0.35035124], [247, 314], [377, 326], [0.43920368], [212, 323], [319, 327], [0.06892354], [244, 395], [379, 408], [0.2180833]]"
match keypoints image60 [[234, 63], [340, 63], [0.85577047], [237, 59], [355, 63], [0.29683536], [229, 54], [334, 56], [0.6782828], [205, 54], [320, 60], [0.27427095], [232, 112], [372, 116], [0.75498], [178, 100], [297, 115], [0.80474734], [254, 166], [401, 172], [0.9030739], [163, 161], [267, 170], [0.8380511], [277, 214], [439, 218], [0.9345792], [154, 215], [229, 221], [0.5299298], [244, 225], [367, 240], [0.7223792], [209, 228], [317, 241], [0.56853247], [246, 314], [371, 326], [0.8299477], [211, 324], [316, 331], [0.8129016], [244, 395], [379, 407], [0.61429495]]"
match keypoints image61 [[229, 60], [330, 61], [0.95594776], [223, 51], [323, 54], [0.94313824], [199, 50], [310, 60], [0.64739436], [223, 107], [362, 114], [0.6710287], [172, 97], [288, 114], [0.89990276], [249, 165], [391, 169], [0.6049873], [160, 159], [259, 170], [0.093351424], [271, 212], [426, 213], [0.8628925], [240, 222], [359, 240], [0.48044193], [203, 226], [310, 241], [0.40682638], [243, 316], [367, 327], [0.866848], [207, 326], [310, 332], [0.80539054], [244, 394], [378, 406], [0.3000863]]"
match keypoints image62 [[228, 58], [328, 61], [0.53814644], [222, 50], [322, 54], [0.82951355], [220, 103], [361, 114], [0.26527008], [171, 96], [286, 114], [0.88817495], [247, 165], [389, 169], [0.7617058], [160, 158], [257, 170], [0.76804006], [269, 211], [424, 212], [0.95171374], [151, 216], [220, 221], [0.5865626], [239, 221], [358, 239], [0.55791265], [202, 226], [309, 240], [0.18618748], [242, 315], [367, 327], [0.8556933], [206, 327], [309, 332], [0.6050482], [244, 394], [377, 406], [0.6275994]]"
match keypoints image63 [[226, 56], [324, 60], [0.95454484], [219, 47], [317, 53], [0.90905064], [194, 47], [302, 59], [0.5994282], [212, 95], [355, 113], [0.7578229], [169, 94], [280, 113], [0.9067264], [239, 160], [385, 170], [0.78070205], [159, 158], [253, 168], [0.7491938], [263, 208], [419, 212], [0.9377039], [155, 225], [219, 221], [0.19328897], [236, 220], [356, 237], [0.50635403], [241, 314], [364, 327], [0.8819828], [206, 328], [308, 333], [0.8482937], [242, 394], [376, 405], [0.8066227]]"
match keypoints image64 [[226, 54], [325, 59], [0.44287494], [227, 49], [332, 52], [0.4083316], [220, 45], [318, 52], [0.4276384], [195, 45], [301, 58], [0.5797104], [170, 91], [353, 112], [0.42813382], [233, 160], [382, 168], [0.49496865], [259, 208], [415, 211], [0.70295876], [203, 225], [356, 235], [0.36171776], [239, 314], [363, 333], [0.38086018]]"
match keypoints image65 [[227, 53], [328, 58], [0.43451735], [221, 44], [321, 51], [0.8506266], [197, 44], [303, 57], [0.6372143], [173, 89], [353, 112], [0.65381926], [170, 159], [382, 170], [0.5612427], [256, 210], [413, 210], [0.5671967], [230, 222], [358, 234], [0.2133435], [237, 314], [360, 332], [0.6969766], [209, 324], [310, 333], [0.39616776], [232, 393], [367, 404], [0.41250473], [208, 413], [313, 409], [0.3201917]]"
match keypoints image66 [[229, 54], [335, 58], [0.94710106], [223, 45], [328, 51], [0.8655337], [199, 45], [308, 57], [0.86861473], [177, 89], [286, 109], [0.8818554], [175, 152], [259, 166], [0.820724], [252, 209], [415, 213], [0.5324019], [188, 232], [226, 221], [0.40607375], [231, 224], [359, 234], [0.6907458], [236, 321], [359, 326], [0.7667679], [212, 329], [313, 333], [0.6401322], [229, 393], [364, 403], [0.6686121], [208, 413], [313, 409], [0.3327547]]"
match keypoints image67 [[231, 57], [344, 60], [0.9551638], [225, 48], [337, 52], [0.94701344], [202, 48], [317, 59], [0.86815333], [181, 90], [294, 109], [0.81867975], [185, 152], [267, 167], [0.7660788], [199, 226], [237, 220], [0.27242273], [229, 224], [364, 238], [0.7413117], [210, 227], [318, 238], [0.53988904], [236, 317], [360, 327], [0.8563599], [214, 325], [316, 333], [0.53180623], [226, 395], [363, 405], [0.7554984]]"
match keypoints image68 [[233, 60], [347, 60], [0.877379], [228, 51], [352, 54], [0.49605763], [187, 92], [366, 116], [0.42379203], [191, 153], [390, 176], [0.4962734], [232, 229], [366, 238], [0.538429], [238, 315], [361, 327], [0.9018327], [217, 323], [317, 332], [0.3246119], [226, 395], [363, 405], [0.57256854], [209, 411], [314, 409], [0.43907994]]"
match keypoints image69 [[234, 60], [349, 60], [0.9506806], [229, 52], [342, 52], [0.8718103], [207, 52], [322, 59], [0.64027196], [188, 92], [298, 108], [0.5224396], [191, 153], [271, 167], [0.7856674], [211, 225], [392, 177], [0.3180656], [234, 231], [367, 238], [0.4967122], [238, 315], [363, 327], [0.9330824], [218, 322], [318, 333], [0.73702806], [227, 394], [363, 405], [0.69400597], [209, 411], [314, 409], [0.41415668]]"
match keypoints image70 [[235, 61], [358, 61], [0.92050105], [230, 52], [350, 53], [0.6296325], [208, 53], [330, 60], [0.64586455], [194, 156], [425, 216], [0.43967712], [238, 311], [365, 333], [0.23817834], [209, 410], [363, 405], [0.43857822]]"
match keypoints image71 [[237, 63], [365, 62], [0.87931126], [231, 55], [358, 54], [0.6618867], [210, 55], [337, 61], [0.71907914], [192, 95], [314, 110], [0.29503778], [199, 156], [404, 178], [0.92427063], [220, 219], [431, 217], [0.47063255], [236, 230], [379, 239], [0.47019807], [239, 314], [369, 332], [0.6986878], [220, 320], [327, 330], [0.2336736], [209, 410], [363, 405], [0.63353705]]"
match keypoints image72 [[238, 65], [366, 62], [0.9303763], [232, 57], [359, 54], [0.8210403], [212, 57], [338, 61], [0.6833419], [195, 96], [316, 109], [0.4465014], [203, 157], [405, 178], [0.35237694], [223, 223], [380, 238], [0.49544597], [217, 232], [335, 236], [0.72949797], [239, 314], [370, 331], [0.76610863], [222, 321], [327, 329], [0.6971827], [227, 396], [363, 405], [0.6600655]]"
match keypoints image73 [[238, 65], [370, 62], [0.38552755], [204, 156], [406, 177], [0.8885473], [224, 219], [432, 217], [0.9091282], [212, 413], [363, 405], [0.6710322]]"
match keypoints image74 [[237, 64], [369, 62], [0.1682694], [212, 55], [341, 60], [0.13611563], [205, 158], [406, 179], [0.5399864], [226, 222], [432, 217], [0.34298924], [222, 321], [379, 237], [0.19558115], [227, 394], [369, 329], [0.17343855], [215, 414], [363, 405], [0.7882224]]"
match keypoints image75 [[235, 63], [356, 61], [0.8930471], [231, 54], [349, 53], [0.8491446], [210, 54], [327, 59], [0.7876943], [194, 96], [305, 108], [0.5680183], [205, 158], [280, 165], [0.47846928], [212, 227], [327, 237], [0.5003371], [233, 311], [365, 333], [0.38705721], [221, 321], [322, 332], [0.37786755], [227, 395], [363, 405], [0.59620094]]"
match keypoints image76 [[234, 60], [351, 60], [0.12604162], [229, 51], [344, 53], [0.15515882], [208, 51], [321, 58], [0.5431749], [193, 94], [299, 108], [0.19368652], [203, 159], [388, 177], [0.46956187], [210, 230], [320, 237], [0.19437248], [227, 392], [363, 405], [0.5455416]]"
match keypoints image77 [[233, 57], [349, 60], [0.45026112], [229, 48], [361, 116], [0.185168], [208, 48], [342, 52], [0.18818383], [192, 91], [319, 58], [0.43010274], [203, 158], [386, 176], [0.6913046], [208, 230], [414, 214], [0.3576173], [218, 322], [362, 329], [0.2635361], [215, 414], [364, 405], [0.6410468]]"
match keypoints image78 [[233, 56], [343, 58], [0.38248867], [228, 47], [347, 53], [0.7277745], [208, 47], [336, 51], [0.13578564], [193, 90], [292, 107], [0.27327463], [205, 159], [379, 173], [0.65061593], [226, 218], [359, 233], [0.30403778], [208, 230], [316, 236], [0.44108078], [218, 324], [361, 327], [0.48980895], [227, 392], [362, 404], [0.7068602]]"
match keypoints image79 [[233, 56], [343, 57], [0.77229977], [228, 47], [335, 50], [0.50584924], [208, 46], [313, 56], [0.1300502], [193, 89], [291, 106], [0.07429833], [205, 158], [377, 173], [0.66199815], [217, 230], [316, 233], [0.09289971], [208, 231], [403, 215], [0.27297], [218, 324], [361, 321], [0.20145768], [214, 414], [358, 402], [0.7165796]]"
match keypoints image80 [[233, 56], [343, 57], [0.41212213], [229, 47], [335, 50], [0.12594014], [194, 89], [290, 106], [0.18123433], [205, 157], [377, 173], [0.54182225], [207, 233], [317, 234], [0.20973036], [219, 327], [316, 329], [0.60470235], [221, 393], [358, 402], [0.7985588]]"
match keypoints image81 [[233, 57], [343, 57], [0.8997288], [229, 48], [336, 50], [0.7409633], [209, 47], [313, 56], [0.90556693], [194, 89], [290, 106], [0.5356433], [207, 157], [376, 173], [0.54724675], [233, 217], [358, 231], [0.18721652], [205, 234], [247, 219], [0.16024922], [219, 327], [316, 330], [0.25904617]]"
match keypoints image82 [[233, 59], [349, 60], [0.5637266], [229, 50], [342, 51], [0.6546776], [210, 48], [319, 56], [0.6885596], [195, 91], [296, 106], [0.5006093], [209, 158], [379, 175], [0.7192012], [206, 233], [403, 218], [0.25280425], [211, 233], [359, 228], [0.20210083], [220, 326], [358, 321], [0.60092956], [220, 397], [353, 402], [0.7598606]]"
match keypoints image83 [[233, 60], [355, 62], [0.9463598], [229, 51], [348, 54], [0.8851328], [195, 92], [302, 107], [0.27992603], [211, 158], [381, 174], [0.5392435], [206, 234], [403, 218], [0.2413515], [220, 325], [360, 322], [0.40648308], [221, 397], [352, 404], [0.7109443]]"
match keypoints image84 [[233, 66], [362, 63], [0.72434545], [230, 57], [355, 55], [0.47910774], [212, 55], [333, 59], [0.10122973], [200, 95], [311, 106], [0.26999846], [247, 214], [330, 231], [0.5049093], [215, 322], [325, 330], [0.093048155], [222, 398], [352, 404], [0.49582848]]"
match keypoints image85 [[235, 66], [370, 63], [0.3646011], [231, 58], [362, 55], [0.22679915], [214, 56], [341, 60], [0.5550282], [203, 95], [369, 117], [0.21042079], [222, 159], [388, 176], [0.73335624], [250, 210], [407, 219], [0.21965154], [215, 234], [335, 228], [0.41202855], [224, 323], [327, 326], [0.11856511], [222, 398], [352, 403], [0.09843014], [215, 413], [317, 410], [0.2569797]]"
match keypoints image86 [[235, 66], [371, 63], [0.8261527], [232, 58], [365, 55], [0.510778], [203, 95], [320, 105], [0.4274056], [251, 208], [370, 227], [0.74726593], [215, 233], [336, 228], [0.49938455], [215, 321], [326, 327], [0.25185353], [223, 399], [352, 404], [0.15591612], [216, 413], [318, 410], [0.29739752]]"
match keypoints image87 [[236, 65], [371, 62], [0.7771605], [233, 57], [364, 54], [0.70370597], [217, 56], [341, 58], [0.65089303], [205, 95], [319, 104], [0.519139], [227, 159], [385, 171], [0.5830063], [255, 207], [404, 216], [0.49219552], [217, 233], [337, 229], [0.4881358], [211, 321], [370, 228], [0.17149192], [217, 401], [361, 323], [0.2141907], [222, 414], [316, 413], [0.16054133]]"
match keypoints image88 [[238, 65], [370, 62], [0.7679072], [234, 56], [363, 54], [0.4668177], [218, 55], [341, 58], [0.29395795], [194, 97], [318, 105], [0.38088542], [228, 159], [385, 171], [0.64323854], [257, 207], [403, 215], [0.44213176], [205, 234], [370, 228], [0.31768933], [211, 321], [360, 322], [0.35472625], [224, 417], [353, 404], [0.1856105]]"
match keypoints image89 [[238, 64], [365, 61], [0.6801233], [219, 54], [359, 53], [0.53447664], [194, 96], [314, 104], [0.60408074], [208, 95], [357, 108], [0.56366193], [228, 159], [380, 171], [0.9216566], [258, 208], [399, 215], [0.50863206], [219, 235], [368, 226], [0.36316225], [212, 321], [359, 324], [0.6454429], [224, 416], [353, 404], [0.25933573]]"
match keypoints image90 [[239, 62], [360, 58], [0.9466918], [236, 52], [353, 50], [0.9148596], [221, 52], [330, 55], [0.824545], [196, 95], [308, 102], [0.51461977], [211, 93], [349, 104], [0.23874119], [235, 160], [373, 171], [0.3605464], [264, 210], [394, 214], [0.28059316], [227, 323], [325, 333], [0.28359386], [224, 417], [353, 403], [0.07820281]]"
match keypoints image91 [[241, 59], [359, 58], [0.46486893], [224, 50], [352, 50], [0.3860347], [197, 93], [307, 102], [0.5720035], [236, 157], [373, 170], [0.35108843], [269, 211], [392, 215], [0.25285912], [208, 231], [329, 229], [0.21170232], [212, 319], [359, 325], [0.08884278], [228, 323], [324, 334], [0.1285842], [224, 417], [353, 403], [0.21050334]]"
match keypoints image92 [[244, 57], [353, 54], [0.57472247], [226, 47], [346, 46], [0.12337763], [196, 95], [341, 101], [0.28819782], [239, 157], [366, 167], [0.24414264], [274, 210], [274, 223], [0.33319888], [212, 320], [354, 321], [0.56033015], [228, 324], [322, 332], [0.10311005], [225, 418], [351, 403], [0.27629742]]"
match keypoints image93 [[245, 56], [353, 54], [0.59082294], [227, 46], [346, 46], [0.28488007], [193, 101], [300, 98], [0.4123135], [242, 156], [365, 167], [0.61441267], [277, 212], [384, 213], [0.59879297], [211, 321], [354, 321], [0.8399628], [228, 325], [356, 227], [0.20692514], [215, 405], [350, 403], [0.38052735]]"
match keypoints image94 [[245, 56], [353, 53], [0.6448771], [242, 47], [346, 45], [0.57450175], [193, 101], [300, 96], [0.6503172], [218, 88], [339, 99], [0.38098767], [241, 156], [365, 168], [0.80547017], [277, 210], [383, 213], [0.8108535], [228, 325], [355, 225], [0.055495583], [214, 405], [352, 320], [0.29443184], [225, 419], [347, 402], [0.5059697]]"
match keypoints image95 [[243, 57], [355, 55], [0.77018934], [226, 47], [347, 47], [0.5512378], [192, 101], [302, 98], [0.35195], [218, 88], [340, 99], [0.42145944], [241, 155], [365, 167], [0.88128203], [278, 209], [383, 215], [0.90951794], [228, 325], [355, 227], [0.5380338], [211, 404], [352, 321], [0.16139244], [226, 419], [346, 402], [0.676912]]"
match keypoints image96 [[239, 59], [358, 58], [0.40962887], [223, 48], [328, 54], [0.31069547], [216, 90], [307, 99], [0.2390828], [241, 156], [382, 214], [0.3136564], [276, 207], [283, 224], [0.16087212], [208, 315], [354, 320], [0.16742663]]"
match keypoints image97 [[235, 61], [359, 59], [0.1239356], [218, 51], [329, 55], [0.17596777], [212, 93], [308, 99], [0.11796889], [239, 159], [295, 159], [0.61351377], [272, 207], [329, 231], [0.36428803], [229, 323], [326, 328], [0.10168424], [226, 418], [346, 402], [0.07261441]]"
match keypoints image98 [[234, 62], [362, 62], [0.33726546], [231, 53], [355, 54], [0.4141546], [217, 52], [344, 103], [0.32904953], [185, 105], [298, 163], [0.33099538], [240, 159], [361, 231], [0.5635366], [271, 205], [357, 323], [0.87927705], [207, 317], [317, 414], [0.10114871]]"
match keypoints image99 [[231, 65], [365, 64], [0.28566754], [187, 101], [349, 106], [0.51085985], [234, 160], [390, 218], [0.596238], [206, 320], [358, 321], [0.6121731], [209, 404], [346, 402], [0.39405262]]"
match keypoints image100 [[229, 66], [367, 65], [0.84774584], [226, 58], [360, 57], [0.69541967], [202, 95], [355, 109], [0.2376966], [227, 159], [378, 173], [0.7625455], [258, 203], [395, 219], [0.86673105], [199, 229], [365, 228], [0.870797], [205, 319], [356, 319], [0.8317325], [208, 405], [346, 401], [0.47702703]]"
match keypoints image101 [[228, 66], [366, 64], [0.55857897], [185, 98], [316, 105], [0.4824852], [200, 95], [361, 115], [0.3370433], [222, 159], [380, 173], [0.80881107], [254, 204], [399, 219], [0.68837917], [200, 232], [282, 215], [0.13761032], [215, 233], [366, 226], [0.2157865], [206, 320], [357, 319], [0.35579655], [208, 405], [346, 402], [0.2893342]]"
match keypoints image102 [[228, 66], [362, 65], [0.95317733], [224, 57], [355, 57], [0.9434744], [207, 56], [334, 62], [0.92343205], [185, 98], [312, 106], [0.85267454], [220, 160], [380, 175], [0.9228935], [251, 206], [400, 219], [0.775712], [202, 233], [331, 229], [0.40592575], [215, 234], [364, 227], [0.3145819], [207, 322], [357, 320], [0.37904876], [208, 405], [346, 402], [0.16622981]]"
match keypoints image103 [[229, 65], [358, 63], [0.84917414], [226, 56], [351, 55], [0.9064372], [207, 54], [329, 61], [0.785923], [195, 93], [307, 106], [0.26802245], [217, 158], [380, 176], [0.53191423], [248, 207], [400, 219], [0.12637517], [214, 236], [361, 228], [0.16026048], [208, 324], [355, 320], [0.17670278], [224, 326], [324, 326], [0.09223009], [209, 402], [346, 402], [0.13519567]]"
match keypoints image104 [[232, 61], [354, 60], [0.94871944], [226, 52], [347, 52], [0.90711325], [209, 52], [325, 59], [0.66528255], [197, 92], [301, 105], [0.38382187], [216, 159], [379, 177], [0.36452574], [245, 211], [358, 117], [0.61773705], [208, 322], [354, 324], [0.63570917], [224, 325], [359, 231], [0.12436077], [209, 404], [346, 402], [0.15170802]]"
match keypoints image105 [[235, 60], [353, 60], [0.92176384], [230, 51], [346, 52], [0.92660546], [211, 50], [324, 57], [0.62873644], [199, 89], [300, 105], [0.7318295], [216, 158], [377, 176], [0.2579083], [245, 215], [359, 232], [0.3256444], [210, 326], [319, 330], [0.13742141], [225, 327], [354, 325], [0.15097317], [223, 417], [346, 402], [0.1893216]]"
match keypoints image106 [[237, 58], [351, 58], [0.7562127], [232, 49], [343, 50], [0.57805616], [212, 48], [320, 56], [0.52006704], [204, 88], [297, 102], [0.39525852], [216, 156], [376, 176], [0.23159714], [244, 213], [398, 219], [0.13937601], [212, 324], [316, 330], [0.3590471], [223, 417], [346, 402], [0.42122987]]"
match keypoints image107 [[239, 57], [350, 57], [0.5613731], [234, 48], [342, 48], [0.5039315], [214, 47], [320, 54], [0.7126597], [200, 87], [296, 102], [0.1031951], [215, 153], [376, 176], [0.41489956], [242, 214], [399, 219], [0.35373256], [226, 324], [356, 321], [0.20142151], [222, 415], [349, 403], [0.35217878]]"
match keypoints image108 [[240, 58], [352, 56], [0.95306623], [235, 49], [344, 48], [0.93024206], [215, 48], [322, 54], [0.8338266], [203, 88], [298, 102], [0.507314], [215, 155], [272, 160], [0.16337937], [241, 216], [318, 234], [0.76763564], [226, 323], [317, 332], [0.41796827], [221, 415], [351, 405], [0.3372219]]"
match keypoints image109 [[240, 60], [357, 58], [0.9293285], [235, 51], [349, 50], [0.9372497], [215, 51], [327, 56], [0.9191843], [200, 92], [302, 105], [0.64898026], [211, 157], [384, 176], [0.42899087], [234, 218], [409, 220], [0.40381637], [219, 317], [317, 330], [0.10278759], [221, 414], [351, 405], [0.48400787]]"
match keypoints image110 [[240, 61], [362, 60], [0.88000965], [235, 53], [354, 52], [0.9271573], [215, 51], [332, 57], [0.77555037], [200, 92], [308, 106], [0.56494045], [210, 156], [391, 180], [0.4179099], [219, 316], [321, 330], [0.06592074], [221, 414], [351, 405], [0.19811767]]"
match keypoints image111 [[239, 64], [363, 61], [0.80964845], [235, 56], [355, 53], [0.8422497], [214, 54], [372, 119], [0.12673041], [198, 95], [310, 107], [0.15696199], [205, 158], [392, 180], [0.7242569], [223, 219], [418, 219], [0.48487562], [215, 231], [328, 234], [0.08709626], [227, 321], [322, 331], [0.060708687], [224, 403], [352, 405], [0.55783415]]"
match keypoints image112 [[239, 64], [367, 62], [0.69714683], [235, 56], [372, 57], [0.5991796], [214, 55], [338, 60], [0.095594086], [205, 158], [399, 180], [0.8799971], [222, 220], [425, 219], [0.7740058]]"
match keypoints image113 [[239, 65], [368, 62], [0.7598843], [234, 57], [361, 54], [0.52217895], [213, 57], [340, 60], [0.19806327], [196, 96], [315, 109], [0.37122366], [200, 158], [400, 180], [0.55970824], [215, 221], [427, 218], [0.16847079], [207, 226], [332, 235], [0.14723943], [221, 411], [319, 414], [0.33847925]]"
match keypoints image114 [[239, 65], [370, 62], [0.43734568], [234, 57], [363, 54], [0.13461043], [213, 57], [375, 57], [0.28039095], [198, 156], [404, 179], [0.7144387], [213, 220], [431, 218], [0.61611676], [221, 412], [352, 405], [0.39399025]]"
match keypoints image115 [[213, 58], [375, 57], [0.30541638], [195, 96], [371, 62], [0.3632368], [197, 156], [405, 179], [0.8043454], [210, 221], [431, 216], [0.6376839], [226, 225], [334, 236], [0.08506761], [223, 312], [363, 323], [0.07501279], [219, 411], [352, 405], [0.6491718]]"
match keypoints image116 [[238, 65], [370, 62], [0.77363545], [233, 57], [362, 54], [0.46714312], [212, 57], [343, 61], [0.72727877], [193, 96], [318, 110], [0.15265512], [197, 156], [404, 179], [0.79240274], [210, 219], [432, 217], [0.45104265], [228, 221], [333, 235], [0.16589926], [229, 304], [324, 326], [0.183894], [217, 410], [352, 405], [0.339673]]"
match keypoints image117 [[238, 65], [367, 62], [0.95319], [233, 57], [359, 54], [0.9371248], [211, 57], [339, 62], [0.8890014], [193, 96], [315, 110], [0.3311039], [196, 156], [286, 164], [0.5714419], [211, 220], [374, 236], [0.35046694], [212, 229], [332, 235], [0.1533596], [221, 313], [324, 327], [0.25187662], [224, 398], [352, 405], [0.3589307]]"
match keypoints image118 [[237, 63], [362, 62], [0.5961196], [231, 55], [355, 54], [0.52895254], [190, 96], [335, 61], [0.2817429], [194, 157], [399, 177], [0.9242171], [210, 222], [426, 216], [0.52934617], [217, 411], [352, 405], [0.07582276]]"
match keypoints image119 [[236, 62], [357, 60], [0.95348126], [231, 54], [350, 53], [0.9311332], [209, 54], [329, 60], [0.5284757], [190, 95], [304, 109], [0.24742267], [193, 156], [395, 177], [0.7691524], [209, 222], [367, 236], [0.2804701], [211, 232], [424, 217], [0.32833332], [232, 309], [358, 324], [0.087237865], [219, 318], [319, 330], [0.14951816], [224, 397], [352, 405], [0.2537824]]"
match keypoints image120 [[236, 60], [356, 60], [0.9423546], [231, 51], [348, 52], [0.6762713], [209, 52], [328, 59], [0.94328123], [204, 91], [371, 117], [0.19948733], [189, 92], [303, 108], [0.76726043], [191, 153], [273, 165], [0.63509876], [204, 222], [366, 238], [0.69202524], [209, 232], [321, 238], [0.49765295], [231, 311], [357, 327], [0.2972299], [218, 321], [318, 332], [0.09884149], [224, 398], [352, 405], [0.28893748]]"
match keypoints image121 [[236, 59], [350, 59], [0.9475953], [230, 51], [343, 51], [0.94304353], [208, 51], [322, 58], [0.652438], [205, 91], [298, 107], [0.47855815], [190, 153], [268, 163], [0.44347128], [203, 222], [362, 237], [0.13667877], [209, 231], [317, 236], [0.24290998], [231, 311], [356, 326], [0.100847766], [218, 321], [314, 334], [0.0902101], [223, 396], [316, 413], [0.16650882]]"
match keypoints image122 [[235, 58], [349, 59], [0.88307256], [230, 49], [354, 53], [0.6010263], [208, 49], [321, 57], [0.29533646], [187, 148], [266, 162], [0.4168003], [200, 221], [233, 215], [0.25810215], [228, 226], [361, 234], [0.2524714], [234, 322], [357, 324], [0.5715734], [217, 326], [314, 333], [0.15627731], [217, 413], [352, 405], [0.30539396]]"
match keypoints image123 [[235, 57], [346, 58], [0.90257025], [230, 48], [338, 50], [0.78571445], [207, 48], [318, 56], [0.45968875], [185, 88], [293, 107], [0.62567925], [186, 149], [262, 161], [0.74552876], [197, 222], [226, 215], [0.3222713], [230, 224], [387, 175], [0.4251361], [210, 227], [316, 232], [0.19037575], [238, 321], [359, 321], [0.8195334], [217, 325], [313, 331], [0.5978411], [230, 393], [357, 405], [0.45089558]]"
match keypoints image124 [[235, 57], [346, 57], [0.3456655], [230, 48], [352, 52], [0.32794467], [185, 148], [387, 174], [0.57922065], [231, 224], [416, 213], [0.534744], [238, 320], [360, 320], [0.71799797], [217, 323], [360, 231], [0.2313424], [230, 392], [362, 405], [0.42377922]]"
match keypoints image125 [[236, 57], [347, 57], [0.48511523], [231, 48], [339, 49], [0.25170854], [208, 48], [352, 52], [0.24617815], [186, 90], [293, 106], [0.30428833], [186, 152], [387, 174], [0.57917094], [194, 227], [361, 233], [0.20702147], [232, 225], [418, 213], [0.48682955], [239, 318], [361, 323], [0.8443749], [217, 324], [315, 334], [0.7077194], [218, 413], [363, 405], [0.4837941]]"
match keypoints image126 [[237, 59], [350, 59], [0.94356805], [232, 50], [342, 51], [0.78166366], [209, 51], [323, 58], [0.8731647], [187, 91], [298, 108], [0.589009], [185, 152], [269, 166], [0.76001096], [235, 227], [393, 175], [0.5451412], [210, 228], [319, 237], [0.59472615], [239, 314], [362, 332], [0.8619172], [218, 324], [316, 335], [0.79430085], [232, 395], [363, 407], [0.6109308], [218, 413], [317, 412], [0.4948353]]"
match keypoints image127 [[237, 59], [353, 59], [0.5413162], [232, 51], [346, 51], [0.122442454], [209, 51], [302, 110], [0.13565022], [186, 154], [399, 174], [0.32252616], [236, 227], [430, 213], [0.53183776], [239, 314], [364, 330], [0.46406087], [218, 323], [320, 333], [0.2172029], [219, 412], [364, 406], [0.17291594]]"
match keypoints image128 [[239, 62], [358, 60], [0.95693123], [234, 54], [351, 53], [0.95670563], [211, 54], [332, 60], [0.9315599], [190, 96], [309, 111], [0.9324751], [185, 156], [280, 168], [0.8023799], [256, 208], [439, 212], [0.47484484], [186, 221], [245, 220], [0.28235778], [238, 230], [376, 238], [0.7662259], [214, 232], [329, 237], [0.5229614], [239, 321], [366, 338], [0.31489345], [220, 324], [324, 333], [0.48769632], [233, 396], [364, 407], [0.5248505]]"
match keypoints image129 [[240, 63], [361, 60], [0.7321116], [234, 54], [353, 53], [0.47017846], [212, 55], [335, 60], [0.24541837], [190, 97], [312, 111], [0.25643834], [240, 166], [411, 174], [0.33780318], [186, 158], [283, 167], [0.41937333], [257, 209], [442, 213], [0.3711847], [185, 221], [251, 216], [0.1126863], [238, 231], [377, 236], [0.42973775], [215, 233], [331, 236], [0.10231096], [239, 317], [367, 333], [0.44353744], [220, 322], [325, 330], [0.26309067], [218, 412], [363, 407], [0.19411822]]"
match keypoints image130 [[241, 63], [362, 60], [0.9171601], [235, 55], [354, 53], [0.8636266], [213, 56], [336, 60], [0.8001892], [191, 98], [313, 111], [0.76158476], [242, 165], [412, 173], [0.8044473], [185, 158], [284, 167], [0.8224334], [260, 210], [443, 213], [0.7885614], [184, 224], [252, 216], [0.36756718], [238, 230], [378, 238], [0.7359528], [214, 230], [331, 237], [0.5657574], [239, 314], [367, 332], [0.6305042], [219, 321], [325, 330], [0.4586451], [232, 393], [364, 406], [0.3180889]]"
match keypoints image131 [[241, 63], [363, 60], [0.91559166], [235, 55], [355, 52], [0.79966515], [213, 56], [338, 60], [0.78492206], [191, 98], [315, 110], [0.59694636], [243, 165], [414, 172], [0.41499874], [185, 159], [286, 165], [0.6174834], [261, 211], [448, 212], [0.5543448], [185, 223], [253, 215], [0.18077707], [239, 231], [378, 235], [0.67975533], [215, 231], [331, 233], [0.4647532], [239, 313], [368, 327], [0.78776807], [219, 321], [324, 326], [0.59700745], [232, 393], [364, 405], [0.09998455]]"
match keypoints image132 [[238, 62], [361, 60], [0.9320674], [232, 54], [353, 52], [0.9047659], [209, 56], [337, 60], [0.87499404], [188, 98], [313, 111], [0.5679076], [179, 159], [284, 166], [0.4943339], [268, 208], [448, 211], [0.44478452], [212, 229], [331, 234], [0.37970564], [218, 324], [368, 327], [0.09057829], [216, 410], [363, 406], [0.12859009]]"
match keypoints image133 [[236, 61], [349, 60], [0.9266724], [230, 53], [341, 53], [0.8558488], [206, 55], [326, 61], [0.3107583], [184, 97], [305, 113], [0.53061074], [248, 166], [410, 170], [0.56210935], [175, 159], [275, 170], [0.7602605], [269, 208], [446, 211], [0.7138758], [170, 221], [237, 220], [0.50286347], [240, 228], [375, 239], [0.51505864], [212, 229], [328, 238], [0.35974517], [242, 317], [367, 333], [0.44822446], [218, 324], [325, 332], [0.34735104], [216, 410], [320, 408], [0.13957797]]"
match keypoints image134 [[235, 60], [347, 59], [0.67114085], [228, 52], [339, 53], [0.77983755], [206, 55], [325, 61], [0.21381636], [217, 99], [378, 114], [0.7585832], [183, 97], [304, 113], [0.9043497], [250, 166], [409, 170], [0.78407294], [173, 160], [274, 170], [0.9315202], [270, 209], [444, 210], [0.88303524], [170, 226], [236, 221], [0.71655566], [241, 228], [374, 237], [0.55298054], [212, 229], [327, 237], [0.5332039], [242, 318], [366, 332], [0.84390354], [217, 325], [324, 330], [0.7829741], [234, 395], [364, 407], [0.6080318]]"
match keypoints image135 [[231, 57], [340, 58], [0.94909024], [225, 50], [332, 53], [0.9240875], [201, 52], [319, 60], [0.6553821], [220, 99], [372, 113], [0.61971515], [178, 96], [297, 113], [0.86539036], [249, 164], [403, 168], [0.8097693], [167, 159], [268, 169], [0.9309474], [270, 208], [437, 209], [0.95245945], [160, 218], [230, 221], [0.8182179], [240, 226], [369, 237], [0.8182497], [208, 229], [319, 238], [0.41889426], [241, 319], [364, 333], [0.8391837], [215, 327], [320, 333], [0.7515854], [234, 395], [364, 407], [0.503739], [216, 410], [320, 408], [0.7328461]]"
match keypoints image136 [[229, 56], [338, 58], [0.9254629], [223, 48], [331, 52], [0.92083997], [199, 50], [317, 60], [0.61169654], [218, 99], [371, 113], [0.35222697], [176, 95], [296, 113], [0.7074609], [247, 161], [402, 168], [0.7607552], [162, 159], [267, 169], [0.7514867], [270, 208], [436, 208], [0.9262629], [155, 218], [228, 221], [0.6676735], [239, 224], [367, 238], [0.6043011], [208, 228], [317, 239], [0.33502978], [242, 318], [364, 332], [0.691728], [213, 326], [319, 333], [0.46852767], [234, 395], [364, 407], [0.1499162]]"
match keypoints image137 [[227, 54], [328, 57], [0.95303214], [230, 49], [335, 50], [0.924415], [220, 46], [321, 50], [0.938148], [197, 49], [308, 59], [0.681318], [217, 98], [363, 111], [0.4500912], [173, 95], [287, 112], [0.25258064], [247, 161], [395, 168], [0.6857245], [271, 207], [431, 210], [0.7443108], [240, 222], [362, 237], [0.3435786], [206, 227], [313, 240], [0.47137362], [242, 315], [364, 327], [0.5586772], [212, 328], [315, 331], [0.44899967], [216, 410], [371, 406], [0.21746057]]"
match keypoints image138 [[227, 53], [328, 57], [0.9038401], [220, 45], [320, 50], [0.8672447], [196, 48], [308, 59], [0.3211881], [221, 101], [362, 111], [0.34178787], [173, 94], [287, 112], [0.58005303], [249, 160], [394, 167], [0.71308154], [158, 158], [257, 168], [0.46794224], [273, 208], [430, 209], [0.86607766], [243, 221], [362, 237], [0.48268402], [208, 226], [313, 240], [0.5664308], [244, 313], [365, 327], [0.71340054], [213, 326], [316, 332], [0.45530468], [217, 409], [373, 405], [0.3008459]]"
match keypoints image139 [[229, 53], [327, 56], [0.9474546], [221, 45], [320, 50], [0.8538266], [226, 103], [363, 111], [0.42116812], [252, 160], [395, 167], [0.83916235], [277, 209], [432, 210], [0.8369335], [244, 219], [362, 235], [0.3454435], [248, 311], [371, 324], [0.33903992], [214, 324], [317, 329], [0.5220465], [247, 392], [382, 405], [0.23476583]]"
match keypoints image140 [[230, 54], [331, 57], [0.8380726], [222, 45], [323, 51], [0.648106], [198, 48], [311, 59], [0.19598365], [227, 103], [367, 111], [0.16003509], [174, 95], [290, 114], [0.434293], [253, 160], [401, 167], [0.4707348], [160, 158], [262, 169], [0.36807546], [277, 208], [436, 208], [0.713967], [148, 214], [223, 220], [0.41259503], [245, 221], [365, 235], [0.21671547], [210, 227], [316, 236], [0.35917562], [250, 313], [374, 323], [0.26943102], [214, 325], [317, 329], [0.1876617], [248, 392], [385, 406], [0.37848744]]"
match keypoints image141 [[238, 57], [337, 57], [0.8571655], [230, 50], [330, 51], [0.69620764], [208, 52], [319, 60], [0.16326761], [240, 109], [376, 111], [0.7662657], [185, 99], [299, 113], [0.7872316], [265, 165], [409, 168], [0.8089783], [167, 158], [270, 170], [0.680207], [289, 210], [447, 212], [0.7906895], [153, 214], [229, 222], [0.63868815], [217, 228], [370, 239], [0.5499229], [218, 325], [376, 325], [0.5345944], [249, 393], [385, 408], [0.10505071]]"
match keypoints image142 [[239, 58], [346, 57], [0.42059794], [232, 50], [339, 51], [0.25051564], [243, 111], [386, 111], [0.43723613], [186, 100], [310, 114], [0.35459536], [266, 166], [421, 169], [0.26155126], [293, 213], [459, 213], [0.5523114], [154, 213], [239, 222], [0.2501382], [253, 314], [381, 326], [0.23513252], [249, 393], [385, 407], [0.09481236]]"
match keypoints image143 [[248, 62], [355, 57], [0.8471783], [241, 54], [349, 51], [0.7114669], [220, 57], [338, 60], [0.7418347], [254, 114], [397, 111], [0.94309455], [196, 105], [319, 114], [0.9526382], [278, 169], [432, 167], [0.9475269], [175, 162], [290, 171], [0.9497286], [304, 210], [472, 213], [0.9474588], [158, 214], [248, 223], [0.93100995], [262, 225], [388, 238], [0.69691765], [224, 230], [338, 237], [0.92530364], [257, 314], [385, 324], [0.84604985], [224, 320], [331, 324], [0.87206185], [249, 392], [386, 408], [0.56672496], [220, 409], [322, 407], [0.3731864]]"
match keypoints image144 [[251, 63], [361, 57], [0.9557497], [254, 57], [369, 50], [0.8755464], [244, 54], [355, 51], [0.9205729], [222, 58], [344, 59], [0.75697017], [258, 114], [403, 110], [0.9440365], [198, 106], [324, 114], [0.94960636], [283, 169], [440, 166], [0.9488776], [176, 161], [296, 170], [0.9518082], [308, 208], [482, 213], [0.9494818], [157, 213], [256, 220], [0.94103175], [265, 227], [392, 240], [0.7851731], [226, 230], [342, 237], [0.88679516], [257, 314], [387, 324], [0.6571943], [224, 320], [333, 322], [0.6985101], [250, 393], [386, 408], [0.33797735]]"
match keypoints image145 [[250, 62], [404, 109], [0.1891738], [243, 54], [370, 49], [0.1435723], [222, 58], [355, 51], [0.22439785], [198, 106], [326, 114], [0.90676343], [284, 169], [443, 165], [0.8939326], [175, 161], [298, 170], [0.9051465], [310, 207], [484, 213], [0.93714094], [154, 212], [260, 217], [0.8691882], [266, 226], [392, 241], [0.42802703], [226, 230], [343, 238], [0.81825984], [257, 314], [388, 325], [0.8101113], [223, 319], [335, 323], [0.8439403], [251, 393], [386, 409], [0.5565854], [213, 406], [322, 407], [0.22181854]]"
match keypoints image146 [[247, 61], [357, 56], [0.68181705], [251, 55], [366, 49], [0.6613758], [239, 53], [350, 51], [0.7004708], [218, 57], [342, 60], [0.07220185], [257, 113], [401, 109], [0.86772376], [195, 106], [323, 115], [0.9385511], [283, 168], [439, 165], [0.89341444], [172, 161], [294, 171], [0.949399], [309, 207], [482, 212], [0.9444453], [149, 212], [256, 220], [0.9112683], [263, 227], [390, 241], [0.715588], [223, 231], [340, 238], [0.69150656], [257, 314], [386, 324], [0.66982406], [220, 321], [334, 322], [0.6543558], [251, 393], [386, 408], [0.5306168]]"
match keypoints image147 [[241, 59], [349, 57], [0.79281354], [245, 53], [356, 50], [0.9023021], [233, 51], [342, 51], [0.86662483], [212, 55], [334, 60], [0.6894645], [253, 113], [393, 109], [0.74626976], [189, 105], [316, 116], [0.91209316], [279, 168], [432, 165], [0.6884573], [165, 161], [289, 171], [0.86040634], [309, 208], [472, 211], [0.9273403], [142, 215], [250, 220], [0.666261], [219, 231], [334, 238], [0.30840555], [254, 315], [383, 323], [0.287915], [218, 323], [332, 324], [0.4275699], [251, 394], [386, 408], [0.5313878]]"
match keypoints image148 [[235, 57], [338, 57], [0.9458961], [227, 48], [332, 51], [0.83338696], [205, 53], [325, 59], [0.59208363], [248, 111], [383, 108], [0.90236133], [181, 104], [307, 116], [0.8846346], [276, 168], [421, 165], [0.95296896], [156, 160], [280, 173], [0.9206723], [304, 207], [460, 208], [0.94383866], [130, 218], [240, 220], [0.73019576], [256, 232], [374, 237], [0.628651], [213, 236], [325, 236], [0.4030565], [251, 316], [378, 322], [0.6891018], [214, 325], [326, 324], [0.5597408], [251, 393], [385, 408], [0.73018634]]"
match keypoints image149 [[229, 55], [329, 58], [0.9478678], [233, 49], [338, 51], [0.28733048], [221, 47], [322, 52], [0.74989414], [199, 51], [316, 60], [0.054165356], [243, 110], [374, 108], [0.93149555], [175, 103], [298, 116], [0.8975358], [270, 167], [413, 166], [0.9465358], [148, 164], [272, 173], [0.88235044], [304, 210], [451, 210], [0.7990343], [118, 223], [232, 221], [0.75491416], [249, 230], [365, 239], [0.25188667], [206, 233], [316, 239], [0.63586664], [248, 316], [372, 323], [0.55198103], [208, 325], [320, 325], [0.5709542], [251, 394], [384, 409], [0.6331132]]"
match keypoints image150 [[227, 54], [321, 58], [0.95717746], [232, 48], [329, 51], [0.882609], [219, 46], [314, 53], [0.89538693], [174, 103], [292, 117], [0.87616915], [268, 167], [402, 164], [0.94573665], [146, 164], [266, 173], [0.8855881], [302, 210], [437, 209], [0.9401682], [115, 224], [226, 221], [0.7627924], [248, 231], [359, 239], [0.5553036], [204, 235], [309, 239], [0.415933], [247, 317], [368, 323], [0.773898], [206, 326], [316, 325], [0.85448354], [251, 394], [384, 408], [0.5868082]]"
match keypoints image151 [[226, 54], [319, 58], [0.95324594], [230, 48], [328, 51], [0.87687355], [218, 46], [313, 53], [0.8317402], [241, 110], [366, 108], [0.9470074], [172, 102], [290, 117], [0.8738549], [268, 167], [402, 164], [0.94337857], [145, 162], [265, 173], [0.91331726], [299, 208], [436, 210], [0.94531935], [115, 220], [225, 221], [0.7929502], [248, 229], [358, 237], [0.11551364], [203, 233], [307, 238], [0.40760404], [247, 316], [368, 323], [0.4601597], [205, 325], [316, 325], [0.72964096], [251, 393], [384, 407], [0.45788532]]"
match keypoints image152 [[223, 52], [318, 58], [0.9361322], [227, 46], [326, 51], [0.62285256], [215, 44], [311, 53], [0.7698648], [169, 101], [290, 116], [0.87387323], [266, 167], [401, 164], [0.9089834], [142, 159], [265, 172], [0.83623356], [299, 209], [436, 210], [0.9269294], [109, 216], [225, 221], [0.68419516], [247, 233], [357, 240], [0.5238144], [202, 236], [307, 240], [0.5781157], [250, 320], [368, 322], [0.5984028], [204, 327], [316, 325], [0.7185064], [253, 393], [385, 407], [0.77625424]]"
match keypoints image153 [[223, 52], [316, 57], [0.9553178], [228, 45], [324, 50], [0.9490878], [215, 44], [309, 52], [0.9059168], [241, 108], [363, 107], [0.9441769], [267, 165], [399, 163], [0.9044743], [141, 158], [264, 173], [0.9260858], [304, 210], [434, 209], [0.9240853], [110, 215], [224, 221], [0.5586119], [248, 230], [357, 237], [0.20243329], [202, 234], [307, 238], [0.563139], [252, 317], [370, 326], [0.47848424], [205, 328], [317, 327], [0.7227179], [259, 393], [384, 407], [0.7784035]]"
match keypoints image154 [[224, 52], [316, 57], [0.95847636], [229, 46], [324, 50], [0.867677], [216, 44], [310, 51], [0.92161393], [241, 107], [364, 107], [0.90250933], [171, 100], [288, 116], [0.93796915], [268, 165], [400, 162], [0.80613476], [142, 159], [265, 172], [0.95138234], [302, 209], [434, 209], [0.9060771], [109, 218], [226, 220], [0.9261118], [249, 232], [358, 235], [0.21743071], [254, 317], [370, 326], [0.40911743], [205, 329], [317, 326], [0.42367023], [261, 394], [385, 407], [0.6461566]]"
match keypoints image155 [[225, 52], [345, 57], [0.5006628], [196, 49], [328, 51], [0.589712], [242, 107], [368, 107], [0.780352], [172, 101], [294, 116], [0.8865316], [269, 165], [404, 162], [0.56796676], [143, 160], [270, 173], [0.8969126], [301, 206], [439, 210], [0.840017], [110, 219], [235, 219], [0.864838], [250, 231], [359, 235], [0.38030416], [203, 235], [310, 235], [0.5476282], [255, 317], [372, 324], [0.5917679], [206, 329], [319, 325], [0.62681955], [263, 393], [387, 410], [0.5156046]]"
match keypoints image156 [[229, 54], [347, 57], [0.3656207], [222, 46], [329, 51], [0.17514864], [201, 51], [321, 58], [0.27537304], [248, 110], [370, 107], [0.84156585], [176, 104], [295, 116], [0.91775316], [277, 167], [407, 163], [0.74451506], [147, 163], [273, 173], [0.890301], [311, 210], [441, 209], [0.84529424], [113, 219], [235, 221], [0.8693482], [255, 231], [361, 237], [0.20779729], [209, 236], [311, 237], [0.34490144], [208, 328], [372, 326], [0.22970046], [263, 395], [387, 410], [0.38642773]]"
match keypoints image157 [[231, 54], [323, 58], [0.95016366], [236, 49], [331, 50], [0.92827004], [223, 47], [317, 53], [0.8835481], [250, 111], [372, 107], [0.822012], [178, 104], [298, 116], [0.8521927], [278, 167], [409, 164], [0.56078553], [148, 164], [275, 173], [0.7832523], [312, 210], [443, 209], [0.78260124], [113, 221], [237, 219], [0.7859815], [256, 229], [362, 239], [0.17924832], [211, 233], [313, 239], [0.5185545], [258, 318], [373, 324], [0.35060057], [209, 328], [320, 326], [0.3945233], [263, 394], [387, 410], [0.22938195]]"
match keypoints image158 [[232, 54], [332, 57], [0.6421171], [238, 49], [340, 48], [0.47584987], [205, 52], [326, 51], [0.22897138], [252, 111], [381, 107], [0.87726796], [180, 104], [307, 115], [0.6519454], [280, 167], [418, 164], [0.22037652], [151, 164], [284, 172], [0.86488336], [314, 210], [455, 212], [0.9098025], [115, 220], [242, 224], [0.62200016], [257, 231], [371, 238], [0.5271391], [212, 234], [322, 239], [0.46771738], [258, 318], [378, 327], [0.5763712], [210, 328], [325, 326], [0.6714459], [263, 395], [388, 411], [0.60221237]]"
match keypoints image159 [[240, 56], [334, 56], [0.9389809], [246, 51], [343, 48], [0.9176043], [233, 48], [329, 51], [0.84364444], [260, 111], [384, 107], [0.8800529], [190, 106], [309, 115], [0.8251084], [288, 168], [421, 164], [0.16942759], [158, 163], [286, 172], [0.87973315], [322, 209], [457, 211], [0.9175649], [125, 218], [246, 222], [0.7232545], [265, 230], [373, 237], [0.45061496], [220, 233], [324, 237], [0.30362734], [262, 321], [379, 327], [0.55834967], [216, 326], [326, 325], [0.4978394], [263, 395], [388, 410], [0.40342414]]"
match keypoints image160 [[242, 57], [343, 56], [0.8776767], [248, 51], [352, 47], [0.8736408], [235, 49], [338, 50], [0.6978547], [262, 112], [394, 106], [0.83287555], [192, 106], [319, 115], [0.8650764], [290, 168], [432, 162], [0.43840396], [161, 161], [296, 174], [0.94834656], [325, 209], [467, 211], [0.8374714], [127, 218], [258, 220], [0.86039066], [266, 231], [382, 235], [0.5538115], [222, 234], [332, 235], [0.324251], [263, 321], [385, 323], [0.3759674], [217, 326], [330, 326], [0.54546446], [263, 395], [388, 410], [0.31731325]]"
match keypoints image161 [[249, 58], [346, 56], [0.95550615], [254, 53], [354, 47], [0.94780046], [241, 51], [340, 50], [0.89644235], [270, 113], [396, 105], [0.9332435], [297, 170], [434, 162], [0.7451613], [171, 161], [299, 174], [0.95233], [329, 206], [472, 213], [0.9465914], [136, 218], [261, 220], [0.92858547], [272, 231], [384, 238], [0.60872936], [226, 233], [334, 237], [0.7395961], [266, 317], [387, 326], [0.61248285], [220, 324], [331, 327], [0.7047231], [263, 395], [389, 411], [0.375633]]"
match keypoints image162 [[250, 59], [351, 55], [0.9432135], [256, 53], [360, 46], [0.94485027], [242, 51], [346, 49], [0.8615484], [271, 113], [403, 104], [0.86075836], [202, 107], [328, 114], [0.7592822], [299, 170], [442, 162], [0.4299337], [172, 161], [306, 171], [0.9524649], [331, 207], [482, 215], [0.9355967], [137, 218], [268, 219], [0.8653157], [273, 231], [388, 239], [0.27652282], [226, 233], [339, 237], [0.55214083], [266, 316], [389, 326], [0.38668394], [220, 323], [334, 322], [0.3311564], [264, 394], [389, 410], [0.46434054]]"
match keypoints image163 [[252, 59], [352, 54], [0.94205606], [258, 53], [361, 46], [0.88595474], [245, 51], [347, 49], [0.79998565], [274, 112], [404, 104], [0.9398715], [203, 108], [329, 114], [0.85855347], [302, 167], [443, 162], [0.9133331], [175, 162], [307, 172], [0.95487624], [332, 205], [484, 215], [0.8882173], [141, 215], [267, 221], [0.8932479], [275, 233], [389, 239], [0.30314302], [228, 234], [339, 237], [0.5527082], [266, 322], [389, 328], [0.58473414], [221, 324], [335, 323], [0.36227238], [264, 395], [389, 410], [0.40977538]]"
match keypoints image164 [[252, 59], [353, 54], [0.95045185], [258, 53], [361, 46], [0.9461564], [244, 51], [347, 49], [0.8692112], [274, 112], [404, 103], [0.9420537], [302, 167], [443, 161], [0.8725431], [175, 161], [308, 172], [0.95364624], [333, 204], [483, 215], [0.89812464], [140, 216], [265, 225], [0.88448113], [229, 234], [389, 237], [0.13791743], [267, 321], [388, 325], [0.23288745], [221, 324], [335, 322], [0.15176019], [264, 395], [326, 405], [0.2765401]]"
match keypoints image165 [[249, 59], [352, 54], [0.9520571], [255, 53], [361, 46], [0.9436778], [241, 51], [346, 49], [0.8994463], [273, 112], [404, 103], [0.93546647], [301, 167], [442, 161], [0.8379126], [173, 163], [309, 171], [0.92280394], [332, 205], [482, 215], [0.8879768], [135, 219], [265, 225], [0.83190084], [274, 234], [389, 237], [0.32448405], [227, 237], [340, 235], [0.578097], [266, 320], [388, 325], [0.4627255], [220, 322], [336, 323], [0.7429638], [264, 395], [389, 411], [0.3004736]]"
match keypoints image166 [[248, 59], [347, 56], [0.72210765], [253, 53], [356, 47], [0.8110787], [223, 57], [342, 50], [0.55327487], [272, 112], [399, 104], [0.8825665], [202, 108], [326, 115], [0.628816], [301, 167], [437, 161], [0.73414224], [171, 162], [305, 172], [0.9510079], [331, 204], [473, 212], [0.90910584], [134, 217], [267, 220], [0.90508026], [272, 234], [384, 233], [0.3961783], [226, 236], [336, 231], [0.2693275], [266, 321], [386, 323], [0.38637742], [221, 323], [335, 324], [0.49100578], [264, 395], [388, 411], [0.19081047]]"
match keypoints image167 [[241, 57], [339, 57], [0.95128524], [247, 52], [347, 48], [0.92972344], [233, 51], [334, 51], [0.2868412], [266, 111], [390, 104], [0.94950676], [194, 108], [320, 116], [0.6750886], [295, 167], [428, 162], [0.9380293], [163, 163], [299, 174], [0.9544938], [327, 204], [463, 212], [0.9418151], [127, 218], [263, 219], [0.9202882], [268, 233], [377, 234], [0.70163935], [222, 234], [329, 233], [0.21892308], [263, 320], [382, 325], [0.20477858], [219, 325], [333, 325], [0.7193276], [263, 395], [388, 411], [0.30293104], [210, 404], [330, 406], [0.09623351]]"
match keypoints image168 [[232, 56], [337, 57], [0.9464668], [238, 50], [345, 49], [0.9411038], [224, 49], [332, 52], [0.7945315], [259, 111], [388, 105], [0.94993037], [184, 108], [317, 116], [0.76162124], [289, 165], [427, 163], [0.93708616], [151, 166], [296, 175], [0.9516078], [322, 204], [461, 213], [0.9146404], [114, 219], [260, 220], [0.91820925], [260, 234], [375, 236], [0.35297722], [214, 236], [328, 234], [0.091079175], [260, 321], [380, 326], [0.5007764], [213, 326], [331, 327], [0.6379377], [263, 395], [388, 411], [0.34130484], [209, 404], [330, 406], [0.06163636]]"
match keypoints image169 [[229, 56], [327, 60], [0.9219269], [235, 50], [335, 51], [0.87846595], [257, 111], [378, 107], [0.9443269], [182, 107], [310, 117], [0.8418845], [151, 164], [289, 174], [0.9488172], [319, 203], [448, 213], [0.44877347], [110, 220], [253, 219], [0.8992622], [257, 230], [367, 234], [0.3033239], [211, 233], [319, 234], [0.3346544], [211, 326], [328, 327], [0.6059534], [263, 395], [387, 411], [0.43398538]]"
match keypoints image170 [[220, 55], [325, 60], [0.93582404], [226, 49], [334, 52], [0.9381111], [248, 110], [376, 107], [0.89546674], [173, 107], [308, 117], [0.8158778], [278, 165], [412, 162], [0.64035577], [139, 163], [287, 175], [0.94673264], [330, 222], [443, 212], [0.62915194], [100, 218], [249, 222], [0.94433594], [203, 239], [364, 232], [0.5238438], [256, 322], [373, 327], [0.47985145], [205, 329], [326, 327], [0.78125894], [263, 395], [387, 410], [0.1314635], [208, 403], [330, 406], [0.3316643]]"
match keypoints image171 [[218, 55], [317, 62], [0.9009592], [224, 49], [326, 54], [0.9177483], [209, 48], [313, 57], [0.7099534], [247, 110], [368, 107], [0.92804736], [170, 107], [302, 118], [0.6348841], [277, 164], [402, 164], [0.54542905], [138, 164], [282, 176], [0.86867136], [325, 220], [432, 212], [0.4263323], [98, 217], [245, 221], [0.8730727], [250, 234], [356, 233], [0.3812374], [201, 238], [311, 231], [0.059542555], [255, 322], [368, 327], [0.34690544], [204, 329], [322, 326], [0.48545662], [263, 395], [329, 407], [0.09298651]]"
match keypoints image172 [[212, 54], [316, 63], [0.92957497], [218, 48], [324, 54], [0.92084485], [241, 108], [366, 107], [0.9484469], [165, 106], [301, 118], [0.9013797], [272, 163], [400, 162], [0.86255515], [132, 163], [281, 177], [0.9472084], [304, 205], [430, 213], [0.8999125], [91, 219], [242, 225], [0.94870275], [245, 231], [356, 232], [0.45401734], [197, 235], [310, 231], [0.179922], [256, 321], [368, 326], [0.2889122], [202, 329], [321, 326], [0.6632916], [265, 393], [386, 409], [0.09445853]]"
match keypoints image173 [[211, 54], [313, 63], [0.93164593], [218, 48], [320, 54], [0.91261005], [203, 47], [308, 57], [0.44683355], [241, 108], [364, 107], [0.94932455], [164, 106], [299, 118], [0.8617988], [271, 163], [397, 162], [0.9275561], [132, 162], [279, 177], [0.9510918], [304, 206], [426, 213], [0.92557347], [92, 217], [241, 226], [0.94346136], [245, 232], [352, 230], [0.40462208], [196, 236], [309, 230], [0.23566961], [256, 321], [367, 325], [0.2302863], [202, 329], [320, 325], [0.72702026], [266, 393], [385, 408], [0.21308555]]"
match keypoints image174 [[210, 54], [313, 63], [0.9069982], [217, 47], [320, 54], [0.8433848], [202, 46], [308, 57], [0.26646355], [241, 108], [364, 106], [0.91993725], [163, 106], [299, 118], [0.80830467], [272, 164], [397, 162], [0.88859624], [130, 163], [280, 177], [0.9491788], [306, 206], [425, 211], [0.90726495], [88, 219], [244, 223], [0.9452277], [245, 235], [352, 229], [0.25952375], [196, 239], [309, 229], [0.108845234], [257, 323], [367, 325], [0.36829263], [202, 330], [320, 325], [0.60583866]]"
match keypoints image175 [[214, 54], [317, 62], [0.92953813], [221, 48], [325, 53], [0.8868952], [229, 55], [345, 58], [0.37567133], [246, 109], [367, 106], [0.9440509], [168, 107], [304, 117], [0.77146775], [278, 163], [429, 210], [0.89070606], [135, 165], [284, 174], [0.9449841], [94, 219], [253, 219], [0.9490785], [200, 242], [355, 230], [0.77792865], [257, 323], [367, 330], [0.8111549], [203, 330], [322, 326], [0.9171341], [267, 397], [383, 412], [0.15229344]]"
match keypoints image176 [[221, 54], [318, 62], [0.9109588], [228, 48], [326, 53], [0.925113], [235, 56], [347, 58], [0.22524561], [253, 109], [369, 105], [0.9513957], [176, 107], [306, 117], [0.6735448], [285, 165], [403, 162], [0.52499586], [146, 164], [286, 176], [0.9431304], [317, 204], [430, 211], [0.93617576], [106, 216], [254, 220], [0.8649275], [253, 236], [356, 230], [0.6394059], [205, 238], [313, 227], [0.1831054], [260, 324], [368, 330], [0.5490959], [206, 328], [322, 325], [0.8277797], [267, 397], [382, 412], [0.060345713]]"
match keypoints image177 [[226, 55], [325, 59], [0.7802923], [233, 49], [332, 51], [0.86941147], [241, 56], [355, 56], [0.117353804], [260, 110], [377, 104], [0.9473977], [184, 108], [315, 115], [0.87639034], [292, 165], [413, 162], [0.9104605], [151, 166], [295, 174], [0.94707537], [325, 205], [440, 212], [0.9424551], [110, 220], [262, 221], [0.9194509], [258, 233], [365, 228], [0.37718558], [211, 236], [321, 225], [0.06967137], [263, 322], [372, 329], [0.8169666], [210, 326], [328, 327], [0.88200384], [267, 397], [383, 413], [0.12944917]]"
match keypoints image178 [[228, 55], [332, 58], [0.8923615], [235, 50], [339, 49], [0.8618455], [243, 57], [362, 53], [0.9105903], [262, 110], [386, 101], [0.94411933], [186, 108], [323, 113], [0.86041796], [294, 166], [422, 161], [0.714678], [154, 166], [303, 173], [0.92318267], [328, 206], [451, 212], [0.82431346], [116, 216], [267, 222], [0.8533101], [213, 237], [372, 229], [0.92088234], [263, 321], [377, 329], [0.9155037], [211, 325], [331, 326], [0.95029986], [267, 397], [383, 414], [0.8357725], [209, 403], [330, 406], [0.06202699]]"
match keypoints image179 [[236, 56], [335, 57], [0.9163464], [244, 50], [343, 48], [0.87156653], [251, 58], [365, 52], [0.27505916], [271, 110], [390, 99], [0.95286715], [196, 108], [327, 113], [0.7816422], [302, 163], [426, 159], [0.85223246], [163, 163], [308, 170], [0.9448608], [335, 204], [454, 208], [0.88623184], [124, 218], [275, 219], [0.9136629], [220, 234], [376, 230], [0.811418], [267, 320], [380, 331], [0.63480824], [216, 324], [334, 326], [0.7744471], [268, 396], [384, 414], [0.6170294]]"
match keypoints image180 [[238, 56], [337, 57], [0.89242786], [246, 50], [344, 47], [0.6238709], [254, 57], [367, 51], [0.9371749], [218, 56], [332, 52], [0.9441905], [274, 109], [392, 99], [0.95702887], [199, 108], [329, 113], [0.9240542], [305, 163], [427, 158], [0.9555738], [168, 163], [310, 169], [0.9533923], [338, 203], [455, 206], [0.9591725], [127, 221], [280, 218], [0.9554943], [269, 232], [377, 228], [0.20231633], [221, 231], [335, 224], [0.74225265], [268, 318], [380, 328], [0.9352162], [217, 321], [335, 323], [0.90389913], [268, 396], [384, 414], [0.8180269], [211, 402], [333, 406], [0.88097405]]"
match keypoints image181 [[238, 56], [336, 56], [0.8455125], [245, 49], [344, 47], [0.8735046], [274, 108], [392, 98], [0.93261], [199, 108], [330, 112], [0.79640055], [306, 162], [427, 155], [0.91007763], [169, 164], [312, 170], [0.9254389], [340, 201], [454, 206], [0.8934524], [128, 221], [281, 221], [0.7516265], [269, 233], [377, 228], [0.33507946], [267, 319], [379, 329], [0.69269824], [217, 321], [337, 324], [0.5999073], [268, 395], [383, 414], [0.39439806]]"
match keypoints image182 [[236, 56], [334, 57], [0.6689924], [243, 49], [341, 48], [0.7463872], [252, 57], [364, 51], [0.8784941], [272, 107], [389, 98], [0.94911337], [198, 108], [329, 114], [0.79816073], [305, 162], [424, 156], [0.9434385], [167, 165], [311, 169], [0.9463368], [338, 201], [451, 206], [0.9215061], [125, 222], [280, 221], [0.8797277], [220, 234], [334, 225], [0.20910256], [267, 320], [378, 328], [0.814675], [218, 322], [338, 324], [0.79481095], [268, 396], [383, 415], [0.6734797], [211, 402], [338, 405], [0.74205357]]"
match keypoints image183 [[229, 55], [332, 58], [0.43821922], [236, 49], [340, 48], [0.44963643], [267, 107], [387, 98], [0.8803102], [191, 110], [328, 114], [0.40913442], [301, 162], [422, 157], [0.8099444], [160, 168], [310, 170], [0.67604786], [336, 202], [449, 207], [0.8537331], [120, 221], [280, 220], [0.85721475], [217, 237], [333, 227], [0.365479], [266, 318], [377, 328], [0.38839903], [216, 323], [338, 325], [0.70402217], [211, 402], [383, 414], [0.3394618]]"
match keypoints image184 [[222, 55], [325, 60], [0.24052265], [215, 48], [332, 50], [0.1441514], [239, 56], [355, 54], [0.4402405], [261, 107], [378, 100], [0.9527599], [184, 110], [322, 115], [0.6785717], [296, 162], [412, 156], [0.815421], [154, 170], [305, 170], [0.923486], [113, 222], [280, 215], [0.8644261], [260, 236], [367, 227], [0.9000537], [211, 237], [326, 224], [0.39402735], [263, 320], [373, 328], [0.65819067], [212, 325], [334, 324], [0.89741164], [268, 396], [383, 414], [0.6702539], [211, 402], [338, 405], [0.13714157]]"
match keypoints image185 [[220, 55], [319, 62], [0.38586798], [227, 48], [327, 52], [0.5341546], [238, 56], [349, 56], [0.47001436], [259, 107], [372, 101], [0.95523214], [182, 110], [317, 115], [0.8444576], [296, 162], [405, 157], [0.9396443], [152, 169], [300, 169], [0.9357616], [332, 203], [429, 205], [0.92990637], [112, 221], [276, 215], [0.92475533], [258, 237], [362, 227], [0.6036379], [210, 238], [322, 224], [0.09220421], [262, 320], [370, 330], [0.7322727], [212, 326], [331, 326], [0.86788756], [268, 396], [383, 414], [0.41194236], [211, 403], [337, 405], [0.5991023]]"
match keypoints image186 [[217, 55], [317, 62], [0.9080396], [225, 48], [325, 53], [0.83319324], [257, 107], [370, 101], [0.9560832], [179, 110], [316, 117], [0.91354114], [293, 162], [403, 158], [0.60243475], [152, 170], [298, 170], [0.95039415], [327, 200], [427, 206], [0.90970165], [112, 220], [274, 216], [0.9477964], [256, 235], [360, 228], [0.68227905], [207, 237], [320, 226], [0.3098683], [261, 320], [369, 331], [0.8166718], [210, 325], [331, 326], [0.92978245], [268, 396], [382, 414], [0.58858377], [210, 403], [337, 405], [0.7111892]]"
match keypoints image187 [[203, 54], [312, 64], [0.93042326], [211, 47], [319, 54], [0.8481361], [221, 56], [341, 58], [0.60945433], [244, 106], [364, 102], [0.90193456], [166, 110], [311, 116], [0.62667286], [282, 163], [418, 206], [0.8975486], [137, 168], [292, 172], [0.8835578], [97, 220], [268, 219], [0.7632465], [245, 236], [354, 231], [0.17235504], [196, 239], [315, 229], [0.058747876], [255, 315], [365, 331], [0.29658154], [203, 325], [326, 326], [0.38941768], [267, 395], [382, 413], [0.2515394]]"
match keypoints image188 [[202, 53], [311, 64], [0.68264186], [209, 47], [318, 54], [0.55223167], [219, 55], [340, 59], [0.7067449], [242, 105], [362, 102], [0.94397956], [164, 111], [310, 116], [0.73735714], [280, 162], [394, 159], [0.4800064], [136, 169], [291, 172], [0.7451353], [93, 221], [267, 219], [0.24357459], [245, 236], [352, 231], [0.32159883], [256, 316], [363, 330], [0.5531424], [203, 326], [326, 325], [0.5947279], [268, 394], [381, 413], [0.3671793]]"
match keypoints image189 [[199, 53], [307, 64], [0.7567834], [191, 46], [315, 55], [0.35927325], [217, 54], [337, 59], [0.5326537], [241, 105], [359, 103], [0.4851639], [163, 110], [307, 116], [0.41374466], [280, 162], [413, 203], [0.8216736], [244, 230], [350, 229], [0.4766874], [194, 234], [313, 226], [0.35611394], [256, 315], [361, 328], [0.70921236], [204, 322], [325, 324], [0.7993941], [269, 393], [377, 413], [0.7339128]]"
match keypoints image190 [[201, 53], [307, 64], [0.3738224], [194, 46], [337, 58], [0.22149807], [243, 105], [359, 102], [0.9230405], [284, 161], [390, 156], [0.8738124], [138, 170], [291, 171], [0.714355], [326, 207], [414, 202], [0.8815002], [98, 221], [269, 218], [0.71634674], [245, 231], [349, 227], [0.6150161], [195, 233], [314, 225], [0.2548603], [256, 315], [360, 329], [0.70033926], [204, 322], [326, 323], [0.8282658], [269, 396], [374, 414], [0.5556491]]"
match keypoints image191 [[202, 53], [310, 63], [0.58904177], [210, 46], [316, 54], [0.56473905], [221, 54], [340, 58], [0.91170514], [245, 105], [362, 101], [0.9525662], [166, 111], [313, 115], [0.9061123], [284, 161], [393, 158], [0.9490256], [140, 170], [295, 172], [0.9074278], [324, 204], [415, 206], [0.9017798], [98, 222], [276, 216], [0.9414037], [247, 232], [350, 227], [0.7271352], [196, 234], [315, 224], [0.15982652], [257, 315], [360, 329], [0.59990114], [205, 323], [327, 323], [0.9047935], [269, 396], [372, 417], [0.15146436]]"
match keypoints image192 [[214, 53], [314, 61], [0.78157586], [222, 46], [321, 52], [0.8083968], [258, 105], [367, 99], [0.9494436], [297, 162], [397, 157], [0.9538241], [154, 169], [302, 171], [0.5523309], [337, 205], [418, 206], [0.9392084], [114, 225], [283, 217], [0.63521224], [258, 234], [355, 227], [0.6450148], [209, 235], [321, 225], [0.16245283], [263, 317], [362, 329], [0.8603431], [213, 322], [330, 323], [0.81796527], [269, 398], [372, 417], [0.57321566], [211, 404], [338, 405], [0.32989666]]"
match keypoints image193 [[216, 53], [319, 60], [0.76067597], [224, 46], [326, 50], [0.65955], [260, 105], [372, 97], [0.9536249], [185, 111], [325, 110], [0.78257304], [299, 161], [400, 155], [0.9162035], [156, 171], [308, 173], [0.93001187], [339, 205], [422, 205], [0.8869635], [117, 224], [288, 221], [0.8357229], [260, 233], [361, 227], [0.61850965], [211, 235], [325, 225], [0.2161122], [264, 316], [365, 330], [0.40580884], [214, 320], [332, 326], [0.8377406], [269, 397], [372, 417], [0.1333872]]"
match keypoints image194 [[224, 53], [320, 59], [0.9370225], [232, 46], [327, 49], [0.83412665], [244, 54], [351, 53], [0.89424217], [268, 104], [373, 96], [0.9554967], [309, 161], [402, 155], [0.935567], [361, 215], [423, 204], [0.78302157], [123, 225], [290, 220], [0.76395667], [216, 236], [326, 224], [0.6427115], [268, 316], [366, 330], [0.90235615], [217, 320], [332, 326], [0.9315311], [270, 398], [372, 418], [0.14001484]]"
match keypoints image195 [[229, 54], [323, 58], [0.94199187], [237, 47], [330, 48], [0.8388488], [249, 55], [354, 51], [0.5683904], [272, 104], [377, 94], [0.9509617], [197, 111], [330, 108], [0.91961265], [313, 160], [404, 153], [0.95093334], [171, 167], [313, 174], [0.9347432], [352, 200], [425, 203], [0.9442553], [131, 221], [292, 221], [0.80719787], [269, 232], [365, 228], [0.90291095], [218, 232], [329, 227], [0.88178647], [269, 314], [368, 330], [0.82220834], [218, 319], [334, 326], [0.88389045], [270, 398], [339, 404], [0.40455687]]"
match keypoints image196 [[229, 54], [325, 58], [0.4860042], [238, 47], [332, 48], [0.5094626], [250, 54], [356, 51], [0.9487808], [272, 104], [378, 94], [0.9577577], [198, 111], [331, 105], [0.9410284], [314, 161], [405, 153], [0.9562017], [134, 220], [298, 218], [0.8184561], [270, 233], [366, 229], [0.9360599], [219, 233], [331, 228], [0.8910744], [269, 316], [369, 330], [0.89399993], [218, 320], [335, 324], [0.92778486], [270, 398], [373, 419], [0.26165268], [211, 404], [340, 402], [0.2759493]]"
match keypoints image197 [[228, 54], [323, 58], [0.9573], [236, 47], [330, 49], [0.94521594], [248, 54], [354, 52], [0.94725823], [271, 104], [376, 95], [0.9515019], [197, 111], [330, 108], [0.8026677], [313, 160], [403, 153], [0.93195343], [172, 168], [314, 174], [0.91033375], [131, 222], [295, 221], [0.8508257], [269, 231], [365, 229], [0.68977714], [219, 231], [331, 228], [0.6615099], [269, 314], [368, 330], [0.739766], [218, 317], [335, 326], [0.87122685], [270, 398], [343, 403], [0.17902827]]"
match keypoints image198 [[223, 54], [322, 59], [0.93112946], [231, 47], [329, 49], [0.69787335], [243, 54], [353, 52], [0.8770655], [267, 104], [376, 95], [0.9466435], [192, 113], [313, 176], [0.7095567], [307, 160], [402, 153], [0.93107325], [166, 168], [293, 222], [0.44155324], [361, 215], [423, 202], [0.8363935], [266, 234], [364, 230], [0.8283011], [216, 234], [329, 228], [0.54444313], [268, 316], [368, 329], [0.7460842], [217, 320], [335, 326], [0.82107276], [211, 404], [343, 404], [0.09860985]]"
match keypoints image199 [[221, 54], [319, 61], [0.95234615], [229, 47], [326, 51], [0.94626826], [242, 55], [349, 54], [0.45057094], [265, 104], [371, 97], [0.9548195], [190, 112], [326, 109], [0.8095475], [306, 159], [397, 154], [0.948513], [166, 169], [310, 177], [0.89913225], [127, 224], [290, 223], [0.8739704], [265, 233], [360, 228], [0.85587555], [215, 234], [326, 228], [0.69467777], [267, 314], [365, 329], [0.8153687], [217, 320], [334, 326], [0.8711384], [270, 398], [373, 419], [0.12249684], [211, 404], [343, 404], [0.21135242]]"
