data_grass\cam1_pose\cam1_20241214_165843_0000.png [[242, 98], [248, 92], [240, 94], [265, 95], [283, 133], [240, 146], [309, 175], [226, 194], [329, 208], [205, 230], [282, 231], [251, 233], [286, 304], [256, 306], [294, 372], [265, 366]]
data_grass\cam1_pose\cam1_20241214_165843_0001.png [[243, 98], [248, 92], [241, 94], [266, 96], [283, 133], [240, 146], [309, 174], [226, 195], [329, 208], [204, 231], [283, 229], [251, 231], [287, 304], [256, 306], [294, 373], [264, 367]]
data_grass\cam1_pose\cam1_20241214_165843_0002.png [[247, 96], [253, 90], [244, 92], [269, 94], [288, 133], [244, 144], [313, 174], [230, 192], [334, 209], [208, 229], [284, 228], [251, 230], [289, 303], [256, 305], [295, 373], [264, 367]]
data_grass\cam1_pose\cam1_20241214_165843_0003.png [[248, 94], [255, 88], [246, 90], [272, 92], [289, 130], [245, 143], [315, 173], [231, 192], [335, 208], [208, 228], [283, 225], [251, 227], [287, 300], [253, 302], [294, 372], [262, 366]]
data_grass\cam1_pose\cam1_20241214_165843_0004.png [[249, 93], [255, 87], [246, 90], [272, 92], [289, 130], [245, 141], [314, 172], [230, 191], [334, 207], [208, 229], [283, 225], [251, 225], [287, 300], [252, 302], [294, 372], [261, 366]]
data_grass\cam1_pose\cam1_20241214_165843_0005.png [[247, 95], [253, 89], [245, 92], [270, 94], [288, 133], [242, 144], [313, 174], [228, 192], [333, 208], [206, 228], [284, 227], [251, 228], [288, 303], [251, 304], [294, 374], [259, 368]]
data_grass\cam1_pose\cam1_20241214_165843_0006.png [[247, 96], [253, 90], [244, 92], [269, 95], [286, 133], [242, 144], [312, 173], [227, 194], [332, 207], [205, 229], [284, 228], [251, 230], [289, 303], [252, 305], [294, 373], [260, 369]]
data_grass\cam1_pose\cam1_20241214_165844_0007.png [[244, 98], [250, 92], [240, 94], [265, 96], [283, 133], [238, 146], [310, 174], [224, 194], [330, 204], [201, 229], [283, 229], [250, 231], [288, 304], [251, 305], [294, 372], [260, 368]]
data_grass\cam1_pose\cam1_20241214_165844_0008.png [[243, 98], [248, 91], [239, 94], [265, 96], [283, 133], [238, 146], [311, 174], [223, 194], [333, 204], [200, 231], [284, 230], [251, 233], [289, 307], [254, 307], [296, 371], [260, 368]]
data_grass\cam1_pose\cam1_20241214_165844_0009.png [[247, 98], [253, 92], [243, 95], [268, 97], [287, 134], [240, 146], [315, 175], [226, 195], [336, 206], [202, 232], [286, 231], [251, 233], [292, 303], [255, 308], [298, 371], [260, 368]]
data_grass\cam1_pose\cam1_20241214_165844_0010.png [[248, 98], [254, 92], [245, 95], [269, 96], [288, 134], [241, 146], [316, 175], [226, 195], [339, 208], [203, 233], [286, 230], [252, 231], [292, 303], [255, 306], [299, 372], [260, 369]]
data_grass\cam1_pose\cam1_20241214_165844_0011.png [[256, 96], [261, 90], [252, 93], [277, 94], [296, 135], [247, 144], [324, 176], [231, 192], [346, 209], [208, 230], [290, 228], [255, 228], [296, 301], [256, 303], [301, 371], [260, 368]]
data_grass\cam1_pose\cam1_20241214_165844_0012.png [[257, 95], [263, 89], [254, 91], [278, 94], [298, 135], [248, 143], [325, 176], [231, 191], [347, 209], [208, 230], [291, 228], [256, 229], [297, 301], [256, 302], [300, 372], [260, 366]]
data_grass\cam1_pose\cam1_20241214_165844_0013.png [[260, 92], [266, 87], [256, 89], [281, 92], [302, 134], [248, 141], [329, 176], [231, 189], [352, 210], [208, 226], [293, 228], [257, 228], [298, 302], [256, 300], [301, 371], [259, 366]]
data_grass\cam1_pose\cam1_20241214_165844_0014.png [[259, 92], [265, 87], [255, 89], [280, 92], [300, 134], [247, 140], [328, 177], [229, 188], [353, 212], [205, 225], [291, 228], [255, 228], [298, 302], [255, 301], [301, 372], [258, 366]]
data_grass\cam1_pose\cam1_20241214_165844_0015.png [[256, 95], [262, 90], [251, 92], [275, 95], [295, 137], [242, 142], [324, 179], [223, 192], [349, 213], [197, 227], [289, 228], [253, 228], [296, 306], [254, 304], [301, 371], [258, 369]]
data_grass\cam1_pose\cam1_20241214_165844_0016.png [[254, 96], [260, 90], [250, 93], [274, 96], [294, 138], [240, 143], [322, 180], [221, 192], [347, 213], [195, 228], [288, 227], [252, 228], [296, 303], [253, 304], [301, 371], [258, 371]]
data_grass\cam1_pose\cam1_20241214_165845_0017.png [[250, 96], [256, 91], [245, 93], [269, 95], [289, 137], [235, 143], [318, 179], [217, 191], [342, 213], [191, 228], [286, 229], [249, 230], [294, 303], [252, 305], [300, 372], [258, 371]]
data_grass\cam1_pose\cam1_20241214_165845_0018.png [[248, 95], [254, 90], [243, 92], [267, 95], [287, 137], [232, 142], [317, 180], [212, 192], [342, 214], [188, 228], [284, 228], [247, 229], [292, 303], [251, 305], [299, 368], [258, 370]]
data_grass\cam1_pose\cam1_20241214_165845_0019.png [[251, 95], [257, 90], [247, 91], [270, 95], [288, 136], [234, 142], [319, 180], [214, 192], [346, 216], [190, 226], [286, 226], [249, 227], [291, 303], [251, 306], [297, 369], [257, 371]]
data_grass\cam1_pose\cam1_20241214_165845_0020.png [[256, 95], [262, 90], [251, 90], [275, 96], [295, 139], [239, 142], [325, 182], [217, 191], [351, 217], [191, 227], [288, 230], [251, 230], [294, 307], [253, 307], [298, 371], [258, 371]]
data_grass\cam1_pose\cam1_20241214_165845_0021.png [[259, 95], [265, 90], [254, 91], [278, 94], [298, 139], [242, 141], [328, 182], [220, 191], [355, 218], [193, 226], [290, 229], [252, 229], [296, 306], [254, 303], [299, 371], [258, 369]]
data_grass\cam1_pose\cam1_20241214_165845_0022.png [[264, 92], [270, 87], [259, 89], [281, 92], [302, 136], [244, 138], [332, 180], [222, 188], [358, 216], [194, 222], [291, 231], [253, 230], [297, 304], [254, 303], [299, 371], [256, 367]]
data_grass\cam1_pose\cam1_20241214_165845_0023.png [[264, 91], [271, 86], [259, 87], [282, 92], [302, 136], [244, 138], [332, 181], [220, 187], [357, 217], [192, 222], [291, 232], [254, 230], [297, 308], [253, 303], [299, 371], [254, 368]]
data_grass\cam1_pose\cam1_20241214_165845_0024.png [[260, 93], [267, 88], [255, 89], [278, 93], [251, 95], [298, 138], [239, 139], [327, 184], [215, 188], [353, 219], [186, 222], [290, 233], [251, 233], [297, 308], [252, 306], [299, 370], [253, 370]]
data_grass\cam1_pose\cam1_20241214_165845_0025.png [[259, 93], [265, 89], [254, 90], [276, 94], [249, 97], [295, 138], [238, 140], [325, 183], [212, 189], [352, 219], [184, 224], [289, 231], [250, 230], [296, 306], [252, 305], [299, 370], [254, 369]]
data_grass\cam1_pose\cam1_20241214_165846_0026.png [[254, 94], [260, 89], [248, 90], [270, 95], [242, 97], [289, 138], [231, 140], [319, 183], [206, 188], [346, 219], [178, 224], [285, 237], [246, 237], [292, 305], [250, 306], [298, 369], [253, 371]]
data_grass\cam1_pose\cam1_20241214_165846_0027.png [[251, 93], [257, 89], [245, 89], [267, 95], [239, 96], [285, 138], [227, 139], [315, 184], [202, 187], [343, 219], [175, 223], [282, 234], [243, 234], [292, 304], [249, 308], [298, 366], [254, 370]]
data_grass\cam1_pose\cam1_20241214_165846_0028.png [[251, 93], [256, 88], [245, 89], [266, 95], [238, 96], [284, 137], [226, 139], [313, 182], [202, 187], [342, 218], [174, 222], [282, 231], [243, 232], [291, 299], [249, 305], [298, 366], [254, 370]]
data_grass\cam1_pose\cam1_20241214_165846_0029.png [[250, 93], [256, 88], [244, 88], [265, 95], [237, 96], [284, 137], [226, 138], [313, 182], [201, 188], [341, 218], [175, 222], [282, 232], [243, 233], [291, 302], [249, 307], [299, 366], [253, 370]]
data_grass\cam1_pose\cam1_20241214_165846_0030.png [[250, 93], [256, 89], [245, 89], [266, 95], [238, 96], [284, 137], [226, 139], [313, 183], [202, 188], [343, 219], [176, 224], [283, 233], [244, 234], [290, 302], [251, 307], [296, 367], [253, 371]]
data_grass\cam1_pose\cam1_20241214_165846_0031.png [[254, 93], [260, 89], [248, 89], [269, 95], [241, 96], [288, 138], [229, 140], [318, 185], [205, 188], [347, 220], [181, 224], [285, 236], [246, 236], [291, 306], [251, 308], [299, 368], [253, 371]]
data_grass\cam1_pose\cam1_20241214_165846_0032.png [[261, 94], [267, 89], [255, 90], [275, 95], [248, 96], [294, 138], [236, 139], [324, 185], [212, 188], [354, 221], [187, 224], [288, 230], [250, 230], [294, 301], [252, 303], [299, 368], [254, 370]]
data_grass\cam1_pose\cam1_20241214_165846_0033.png [[265, 92], [271, 87], [259, 88], [279, 94], [251, 95], [297, 137], [238, 138], [326, 185], [213, 185], [356, 221], [189, 222], [290, 231], [250, 230], [295, 305], [251, 305], [299, 368], [251, 369]]
data_grass\cam1_pose\cam1_20241214_165846_0034.png [[265, 92], [271, 88], [259, 87], [278, 95], [250, 94], [295, 137], [236, 138], [325, 185], [210, 185], [355, 221], [186, 221], [289, 231], [250, 232], [295, 306], [249, 305], [299, 368], [248, 371]]
data_grass\cam1_pose\cam1_20241214_165847_0035.png [[264, 92], [270, 88], [258, 87], [277, 95], [249, 94], [293, 137], [235, 137], [323, 185], [209, 185], [354, 221], [184, 220], [288, 228], [249, 229], [295, 303], [249, 305], [299, 368], [248, 371]]
data_grass\cam1_pose\cam1_20241214_165847_0036.png [[260, 93], [265, 89], [254, 89], [272, 95], [244, 95], [288, 137], [229, 138], [318, 185], [203, 185], [349, 220], [179, 222], [284, 236], [245, 236], [293, 306], [247, 308], [298, 368], [248, 371]]
data_grass\cam1_pose\cam1_20241214_165847_0037.png [[255, 92], [260, 87], [249, 87], [267, 93], [239, 93], [282, 136], [224, 136], [311, 185], [198, 183], [343, 219], [173, 221], [280, 231], [242, 233], [289, 303], [245, 307], [297, 366], [247, 372]]
data_grass\cam1_pose\cam1_20241214_165847_0038.png [[255, 92], [260, 87], [248, 87], [266, 93], [238, 93], [281, 135], [223, 135], [310, 184], [197, 181], [341, 218], [174, 220], [280, 231], [243, 233], [289, 302], [245, 306], [296, 366], [247, 372]]
data_grass\cam1_pose\cam1_20241214_165847_0039.png [[255, 91], [260, 86], [248, 86], [266, 92], [238, 92], [281, 135], [222, 134], [309, 183], [197, 179], [341, 218], [175, 219], [280, 230], [242, 232], [287, 301], [245, 304], [293, 364], [247, 371]]
data_grass\cam1_pose\cam1_20241214_165847_0040.png [[256, 91], [261, 86], [249, 86], [266, 92], [239, 92], [282, 135], [223, 134], [310, 183], [197, 179], [341, 219], [176, 219], [280, 232], [243, 234], [286, 301], [245, 305], [292, 364], [246, 371]]
data_grass\cam1_pose\cam1_20241214_165847_0041.png [[262, 93], [267, 88], [255, 87], [271, 93], [244, 93], [287, 136], [228, 136], [315, 185], [203, 181], [346, 221], [181, 220], [283, 230], [246, 231], [285, 302], [246, 305], [290, 364], [246, 371]]
data_grass\cam1_pose\cam1_20241214_165847_0042.png [[271, 95], [276, 91], [265, 90], [253, 93], [294, 138], [236, 136], [321, 188], [212, 180], [353, 222], [191, 218], [289, 231], [250, 231], [288, 302], [248, 305], [290, 365], [247, 370]]
data_grass\cam1_pose\cam1_20241214_165847_0043.png [[278, 96], [282, 91], [271, 90], [259, 95], [298, 139], [240, 136], [324, 188], [215, 180], [355, 222], [195, 217], [293, 230], [254, 230], [290, 304], [253, 305], [290, 365], [248, 370]]
data_grass\cam1_pose\cam1_20241214_165847_0044.png [[278, 95], [283, 91], [272, 90], [260, 94], [299, 140], [241, 135], [325, 189], [216, 179], [355, 223], [196, 216], [293, 233], [254, 233], [290, 305], [252, 305], [290, 365], [248, 372]]
data_grass\cam1_pose\cam1_20241214_165848_0045.png [[280, 95], [284, 91], [274, 90], [260, 93], [298, 139], [241, 135], [322, 189], [215, 178], [354, 224], [197, 214], [292, 227], [254, 228], [291, 301], [252, 303], [290, 365], [250, 369]]
data_grass\cam1_pose\cam1_20241214_165848_0046.png [[279, 95], [284, 91], [273, 90], [259, 93], [298, 140], [239, 136], [322, 188], [215, 179], [353, 224], [197, 213], [292, 229], [254, 229], [291, 301], [252, 303], [290, 365], [250, 371]]
data_grass\cam1_pose\cam1_20241214_165848_0047.png [[276, 96], [281, 93], [270, 90], [255, 95], [292, 141], [235, 136], [316, 191], [211, 179], [348, 225], [194, 213], [290, 230], [253, 232], [292, 303], [252, 307], [290, 365], [252, 374]]
data_grass\cam1_pose\cam1_20241214_165848_0048.png [[275, 96], [279, 92], [269, 90], [254, 94], [291, 140], [233, 136], [314, 191], [210, 179], [346, 224], [193, 213], [290, 230], [253, 232], [291, 302], [252, 307], [290, 365], [252, 373]]
data_grass\cam1_pose\cam1_20241214_165848_0049.png [[272, 95], [275, 91], [266, 89], [250, 92], [286, 140], [228, 135], [310, 190], [205, 178], [338, 224], [193, 212], [286, 232], [248, 234], [288, 303], [250, 307], [289, 363], [251, 375]]
data_grass\cam1_pose\cam1_20241214_165848_0050.png [[271, 95], [275, 91], [265, 89], [249, 92], [284, 140], [228, 133], [308, 191], [205, 176], [337, 224], [193, 211], [284, 230], [248, 232], [288, 301], [250, 307], [289, 363], [252, 376]]
data_grass\cam1_pose\cam1_20241214_165848_0051.png [[271, 93], [274, 89], [265, 87], [248, 90], [281, 139], [226, 131], [304, 189], [205, 175], [331, 223], [194, 207], [283, 231], [247, 234], [286, 298], [248, 306], [283, 363], [251, 374]]
data_grass\cam1_pose\cam1_20241214_165848_0052.png [[271, 94], [275, 90], [265, 87], [249, 90], [281, 140], [227, 131], [302, 190], [208, 174], [328, 225], [197, 208], [283, 229], [248, 233], [282, 298], [248, 303], [277, 364], [250, 374]]
data_grass\cam1_pose\cam1_20241214_165848_0053.png [[275, 96], [278, 93], [269, 90], [253, 93], [282, 141], [230, 134], [303, 191], [212, 177], [328, 227], [203, 213], [284, 228], [250, 231], [282, 298], [248, 303], [277, 364], [250, 373]]
data_grass\cam1_pose\cam1_20241214_165848_0054.png [[275, 97], [278, 94], [270, 91], [254, 93], [283, 141], [232, 133], [304, 191], [214, 177], [329, 227], [205, 212], [284, 228], [250, 231], [283, 297], [248, 303], [277, 363], [250, 373]]
data_grass\cam1_pose\cam1_20241214_165848_0055.png [[276, 98], [279, 94], [271, 92], [254, 93], [283, 142], [233, 133], [304, 192], [215, 176], [328, 227], [207, 210], [285, 230], [251, 231], [284, 298], [250, 304], [277, 364], [250, 373]]
data_grass\cam1_pose\cam1_20241214_165849_0056.png [[279, 98], [282, 94], [274, 92], [257, 93], [285, 141], [235, 132], [304, 191], [218, 175], [328, 228], [210, 206], [286, 229], [252, 231], [284, 300], [254, 302], [277, 366], [249, 374]]
data_grass\cam1_pose\cam1_20241214_165849_0057.png [[280, 98], [283, 94], [275, 92], [259, 93], [284, 141], [236, 131], [303, 191], [220, 173], [325, 226], [211, 206], [284, 228], [251, 230], [283, 299], [252, 302], [277, 366], [251, 375]]
data_grass\cam1_pose\cam1_20241214_165849_0058.png [[280, 98], [283, 94], [275, 92], [258, 93], [283, 141], [236, 131], [302, 190], [219, 174], [324, 226], [211, 206], [285, 227], [252, 230], [282, 301], [253, 303], [277, 367], [251, 375]]
data_grass\cam1_pose\cam1_20241214_165849_0059.png [[278, 99], [281, 95], [274, 93], [257, 92], [279, 141], [234, 131], [299, 189], [219, 175], [319, 227], [215, 212], [284, 227], [253, 231], [282, 300], [254, 303], [277, 366], [253, 378]]
data_grass\cam1_pose\cam1_20241214_165849_0060.png [[278, 98], [280, 94], [273, 92], [256, 92], [279, 141], [233, 131], [298, 188], [219, 176], [317, 226], [215, 212], [284, 227], [252, 231], [282, 300], [254, 304], [277, 367], [253, 377]]
data_grass\cam1_pose\cam1_20241214_165849_0061.png [[278, 96], [280, 93], [273, 90], [255, 90], [277, 139], [233, 128], [294, 186], [220, 172], [312, 227], [217, 208], [283, 228], [251, 232], [281, 297], [254, 302], [275, 366], [252, 376]]
data_grass\cam1_pose\cam1_20241214_165849_0062.png [[278, 95], [280, 92], [273, 89], [256, 90], [276, 140], [234, 127], [293, 186], [221, 170], [310, 225], [218, 206], [283, 226], [252, 230], [280, 296], [254, 301], [275, 365], [252, 375]]
data_grass\cam1_pose\cam1_20241214_165849_0063.png [[280, 96], [280, 92], [275, 90], [257, 90], [267, 129], [237, 124], [289, 183], [226, 171], [309, 227], [224, 211], [283, 227], [255, 230], [277, 298], [253, 301], [270, 366], [252, 375]]
data_grass\cam1_pose\cam1_20241214_165849_0064.png [[280, 97], [276, 91], [258, 89], [266, 128], [238, 123], [289, 183], [229, 170], [307, 225], [226, 209], [283, 226], [256, 228], [277, 297], [254, 299], [268, 366], [252, 374]]
data_grass\cam1_pose\cam1_20241214_165849_0065.png [[282, 99], [278, 93], [260, 93], [268, 129], [241, 126], [288, 182], [235, 174], [304, 224], [232, 207], [280, 228], [257, 228], [278, 296], [255, 297], [269, 368], [252, 375]]
data_grass\cam1_pose\cam1_20241214_165849_0066.png [[283, 100], [278, 94], [261, 94], [269, 131], [242, 127], [288, 184], [236, 174], [304, 227], [235, 209], [283, 229], [258, 228], [277, 298], [255, 299], [269, 369], [252, 377]]
data_grass\cam1_pose\cam1_20241214_165849_0067.png [[286, 101], [282, 95], [264, 94], [271, 131], [245, 126], [288, 183], [239, 173], [303, 227], [241, 208], [283, 231], [260, 230], [280, 299], [260, 297], [269, 368], [253, 374]]
data_grass\cam1_pose\cam1_20241214_165850_0068.png [[286, 101], [282, 95], [265, 94], [272, 131], [245, 126], [289, 183], [240, 173], [303, 226], [242, 208], [282, 234], [260, 232], [280, 298], [261, 297], [269, 369], [253, 374]]
data_grass\cam1_pose\cam1_20241214_165850_0069.png [[288, 101], [284, 95], [266, 93], [272, 129], [247, 125], [289, 185], [242, 170], [303, 226], [246, 206], [280, 234], [260, 232], [280, 297], [261, 297], [271, 367], [260, 374]]
data_grass\cam1_pose\cam1_20241214_165850_0070.png [[288, 101], [284, 95], [267, 93], [272, 129], [247, 125], [288, 184], [243, 170], [302, 225], [247, 205], [280, 232], [261, 230], [280, 296], [262, 297], [271, 365], [262, 375]]
data_grass\cam1_pose\cam1_20241214_165850_0071.png [[288, 102], [284, 96], [267, 93], [272, 129], [247, 125], [282, 185], [244, 172], [300, 227], [250, 210], [282, 231], [262, 230], [280, 297], [265, 299], [271, 369], [263, 376]]
data_grass\cam1_pose\cam1_20241214_165850_0072.png [[287, 101], [284, 95], [268, 92], [271, 126], [248, 124], [276, 183], [246, 170], [292, 233], [254, 209], [277, 229], [260, 230], [279, 297], [266, 299], [272, 369], [263, 375]]
data_grass\cam1_pose\cam1_20241214_165850_0073.png [[287, 100], [284, 94], [267, 91], [271, 126], [248, 123], [276, 183], [247, 169], [291, 234], [255, 210], [275, 229], [261, 229], [278, 298], [264, 301], [272, 369], [263, 376]]
data_grass\cam1_pose\cam1_20241214_165850_0074.png [[286, 99], [283, 93], [267, 90], [270, 125], [249, 121], [250, 171], [261, 210], [274, 231], [261, 231], [277, 297], [264, 299], [266, 366], [260, 375]]
data_grass\cam1_pose\cam1_20241214_165850_0075.png [[286, 99], [283, 92], [267, 90], [271, 125], [249, 121], [251, 169], [262, 209], [274, 230], [260, 230], [277, 297], [265, 299], [265, 365], [259, 374]]
data_grass\cam1_pose\cam1_20241214_165850_0076.png [[286, 101], [283, 94], [267, 91], [271, 126], [250, 122], [276, 177], [253, 170], [264, 209], [268, 232], [259, 233], [272, 297], [264, 299], [262, 365], [259, 376]]
data_grass\cam1_pose\cam1_20241214_165850_0077.png [[286, 104], [283, 97], [266, 94], [266, 127], [249, 123], [254, 171], [266, 208], [267, 231], [260, 231], [266, 298], [268, 300], [260, 368], [260, 377]]
data_grass\cam1_pose\cam1_20241214_165850_0078.png [[285, 104], [283, 98], [266, 94], [268, 128], [249, 125], [254, 172], [266, 208], [269, 231], [259, 231], [272, 300], [267, 301], [261, 368], [260, 376]]
data_grass\cam1_pose\cam1_20241214_165851_0079.png [[286, 106], [283, 100], [267, 95], [269, 129], [248, 125], [252, 173], [265, 209], [268, 230], [259, 231], [271, 297], [267, 299], [262, 365], [261, 374]]
data_grass\cam1_pose\cam1_20241214_165851_0080.png [[285, 106], [282, 99], [266, 96], [270, 130], [248, 125], [250, 171], [261, 207], [269, 230], [259, 231], [268, 296], [268, 299], [262, 367], [260, 374]]
data_grass\cam1_pose\cam1_20241214_165851_0081.png [[285, 105], [282, 99], [266, 96], [268, 129], [248, 125], [250, 172], [286, 233], [261, 207], [268, 231], [259, 231], [273, 296], [268, 298], [262, 365], [260, 374]]
data_grass\cam1_pose\cam1_20241214_165851_0082.png [[284, 105], [281, 99], [265, 96], [269, 129], [247, 125], [249, 173], [260, 208], [270, 233], [260, 233], [274, 299], [267, 300], [263, 366], [259, 374]]
data_grass\cam1_pose\cam1_20241214_165851_0083.png [[284, 104], [281, 98], [263, 95], [268, 129], [245, 126], [248, 173], [289, 234], [259, 210], [274, 232], [260, 233], [277, 299], [266, 300], [266, 368], [259, 375]]
data_grass\cam1_pose\cam1_20241214_165851_0084.png [[284, 103], [281, 97], [263, 94], [266, 128], [244, 125], [247, 172], [289, 233], [259, 210], [274, 231], [260, 233], [277, 298], [266, 299], [266, 367], [259, 375]]
data_grass\cam1_pose\cam1_20241214_165851_0085.png [[284, 102], [281, 96], [263, 93], [267, 128], [244, 125], [276, 183], [245, 172], [290, 231], [257, 210], [275, 231], [259, 233], [278, 297], [266, 298], [264, 365], [259, 375]]
data_grass\cam1_pose\cam1_20241214_165851_0086.png [[284, 100], [281, 94], [263, 92], [268, 127], [244, 123], [277, 183], [244, 167], [293, 228], [251, 204], [280, 231], [260, 231], [280, 298], [262, 299], [269, 366], [262, 375]]
data_grass\cam1_pose\cam1_20241214_165851_0087.png [[284, 100], [281, 94], [263, 92], [270, 128], [244, 123], [281, 185], [243, 168], [295, 231], [250, 206], [280, 233], [259, 231], [280, 299], [262, 300], [270, 366], [262, 375]]
data_grass\cam1_pose\cam1_20241214_165851_0088.png [[284, 101], [281, 95], [263, 93], [270, 128], [244, 123], [281, 185], [243, 168], [296, 230], [248, 204], [281, 233], [260, 231], [281, 297], [262, 298], [271, 367], [262, 375]]
data_grass\cam1_pose\cam1_20241214_165852_0089.png [[286, 103], [282, 97], [265, 96], [272, 131], [246, 127], [289, 185], [241, 173], [302, 225], [243, 209], [284, 235], [262, 232], [282, 298], [266, 298], [271, 368], [263, 374]]
data_grass\cam1_pose\cam1_20241214_165852_0090.png [[287, 103], [287, 98], [282, 97], [265, 96], [273, 131], [246, 128], [289, 183], [241, 174], [303, 225], [243, 212], [284, 234], [262, 233], [282, 299], [265, 299], [271, 368], [263, 375]]
data_grass\cam1_pose\cam1_20241214_165852_0091.png [[286, 102], [287, 99], [282, 96], [265, 96], [274, 133], [246, 128], [293, 186], [239, 174], [310, 231], [238, 216], [286, 233], [262, 233], [282, 300], [264, 300], [270, 368], [259, 373]]
data_grass\cam1_pose\cam1_20241214_165852_0092.png [[284, 102], [285, 98], [279, 96], [262, 96], [272, 135], [244, 128], [294, 186], [235, 175], [311, 228], [234, 212], [286, 231], [260, 231], [282, 300], [262, 300], [269, 367], [257, 373]]
data_grass\cam1_pose\cam1_20241214_165852_0093.png [[283, 101], [284, 98], [278, 96], [261, 96], [272, 135], [243, 128], [294, 188], [235, 173], [312, 229], [232, 210], [285, 229], [259, 229], [282, 301], [262, 300], [270, 368], [257, 374]]
data_grass\cam1_pose\cam1_20241214_165852_0094.png [[280, 101], [281, 98], [275, 95], [257, 95], [275, 141], [239, 129], [293, 187], [229, 173], [313, 227], [227, 212], [284, 230], [255, 231], [281, 300], [258, 302], [269, 369], [256, 374]]
data_grass\cam1_pose\cam1_20241214_165852_0095.png [[277, 98], [278, 95], [271, 92], [254, 93], [275, 140], [236, 128], [293, 186], [223, 171], [313, 227], [220, 211], [281, 225], [252, 228], [280, 299], [256, 300], [269, 366], [255, 374]]
data_grass\cam1_pose\cam1_20241214_165852_0096.png [[276, 98], [278, 94], [271, 92], [254, 93], [275, 141], [235, 128], [293, 186], [222, 171], [312, 226], [218, 211], [280, 226], [251, 229], [280, 299], [256, 302], [269, 368], [255, 375]]
data_grass\cam1_pose\cam1_20241214_165852_0097.png [[275, 97], [278, 93], [271, 90], [253, 92], [275, 141], [233, 128], [294, 188], [220, 171], [313, 226], [215, 206], [281, 227], [250, 231], [281, 301], [254, 303], [269, 365], [254, 374]]
data_grass\cam1_pose\cam1_20241214_165852_0098.png [[276, 98], [278, 93], [271, 91], [254, 92], [277, 142], [232, 129], [296, 189], [218, 171], [316, 227], [214, 205], [282, 228], [249, 232], [281, 301], [254, 303], [269, 367], [255, 375]]
data_grass\cam1_pose\cam1_20241214_165853_0099.png [[278, 99], [281, 95], [272, 93], [256, 94], [280, 143], [234, 131], [299, 191], [219, 172], [320, 230], [212, 201], [283, 229], [250, 233], [282, 302], [255, 305], [270, 368], [256, 374]]
data_grass\cam1_pose\cam1_20241214_165853_0100.png [[278, 99], [281, 95], [272, 93], [256, 94], [281, 143], [235, 131], [300, 192], [219, 172], [322, 230], [212, 201], [284, 228], [250, 231], [283, 301], [256, 303], [270, 367], [256, 374]]
data_grass\cam1_pose\cam1_20241214_165853_0101.png [[279, 97], [282, 93], [274, 91], [257, 93], [283, 141], [236, 131], [302, 192], [218, 172], [325, 227], [210, 201], [284, 229], [250, 231], [283, 300], [255, 302], [270, 367], [253, 372]]
data_grass\cam1_pose\cam1_20241214_165853_0102.png [[280, 97], [282, 93], [274, 91], [257, 93], [284, 141], [235, 131], [303, 191], [218, 172], [326, 227], [209, 203], [283, 230], [250, 231], [282, 300], [255, 301], [269, 368], [253, 372]]
data_grass\cam1_pose\cam1_20241214_165853_0103.png [[277, 95], [280, 92], [271, 90], [255, 93], [284, 141], [234, 131], [303, 191], [215, 173], [329, 227], [205, 204], [283, 230], [248, 231], [281, 300], [253, 301], [270, 368], [251, 371]]
data_grass\cam1_pose\cam1_20241214_165853_0104.png [[277, 96], [280, 92], [271, 90], [255, 93], [284, 142], [232, 132], [304, 192], [214, 174], [329, 226], [202, 208], [283, 231], [248, 232], [281, 300], [253, 302], [270, 368], [251, 371]]
data_grass\cam1_pose\cam1_20241214_165853_0105.png [[272, 96], [275, 93], [265, 90], [249, 93], [280, 142], [228, 134], [302, 192], [208, 176], [329, 227], [199, 207], [281, 230], [246, 234], [281, 301], [251, 302], [270, 369], [251, 372]]
data_grass\cam1_pose\cam1_20241214_165853_0106.png [[268, 95], [272, 90], [262, 88], [246, 92], [279, 141], [225, 133], [301, 191], [204, 176], [329, 226], [193, 206], [280, 230], [244, 233], [281, 302], [248, 305], [271, 367], [251, 373]]
data_grass\cam1_pose\cam1_20241214_165853_0107.png [[267, 94], [271, 90], [261, 88], [245, 92], [280, 141], [224, 132], [302, 191], [202, 176], [331, 225], [190, 207], [281, 234], [244, 237], [284, 300], [245, 306], [275, 364], [250, 373]]
data_grass\cam1_pose\cam1_20241214_165853_0108.png [[267, 94], [271, 90], [261, 88], [245, 92], [279, 140], [224, 132], [302, 190], [202, 175], [331, 226], [190, 207], [281, 232], [245, 235], [284, 300], [245, 306], [277, 363], [250, 374]]
data_grass\cam1_pose\cam1_20241214_165854_0109.png [[269, 94], [273, 90], [262, 88], [247, 92], [282, 140], [226, 132], [305, 192], [203, 175], [334, 226], [189, 209], [284, 234], [247, 236], [287, 303], [248, 308], [284, 366], [250, 375]]
data_grass\cam1_pose\cam1_20241214_165854_0110.png [[272, 95], [276, 90], [266, 89], [251, 93], [288, 141], [231, 135], [310, 192], [207, 177], [338, 227], [191, 211], [287, 233], [250, 236], [289, 300], [250, 306], [283, 368], [250, 374]]
data_grass\cam1_pose\cam1_20241214_165854_0111.png [[275, 94], [280, 90], [269, 89], [255, 93], [292, 140], [236, 134], [314, 191], [211, 176], [343, 226], [195, 211], [290, 231], [254, 232], [290, 301], [253, 307], [283, 367], [251, 373]]
data_grass\cam1_pose\cam1_20241214_165854_0112.png [[276, 94], [280, 90], [269, 89], [256, 93], [292, 140], [236, 134], [316, 190], [211, 177], [344, 226], [195, 211], [292, 233], [254, 234], [290, 302], [253, 308], [283, 368], [250, 375]]
data_grass\cam1_pose\cam1_20241214_165854_0113.png [[276, 93], [280, 89], [270, 87], [256, 93], [295, 138], [238, 134], [317, 189], [212, 177], [347, 224], [195, 212], [291, 230], [254, 231], [289, 301], [253, 306], [283, 367], [250, 372]]
data_grass\cam1_pose\cam1_20241214_165854_0114.png [[273, 93], [278, 88], [266, 87], [254, 92], [293, 138], [236, 134], [317, 188], [211, 177], [347, 223], [192, 213], [290, 230], [252, 231], [289, 301], [254, 304], [283, 368], [252, 373]]
data_grass\cam1_pose\cam1_20241214_165854_0115.png [[267, 94], [272, 90], [260, 89], [248, 94], [289, 139], [230, 136], [314, 189], [205, 179], [345, 223], [184, 215], [288, 235], [250, 236], [288, 303], [252, 308], [283, 368], [251, 374]]
data_grass\cam1_pose\cam1_20241214_165854_0116.png [[261, 93], [266, 88], [254, 88], [243, 93], [285, 138], [226, 135], [311, 186], [199, 178], [342, 221], [177, 214], [284, 233], [246, 235], [286, 302], [250, 308], [284, 368], [251, 375]]
data_grass\cam1_pose\cam1_20241214_165854_0117.png [[260, 92], [265, 87], [253, 87], [269, 92], [242, 93], [284, 137], [226, 135], [311, 186], [198, 177], [341, 221], [175, 216], [284, 232], [246, 234], [287, 303], [249, 308], [284, 367], [251, 375]]
data_grass\cam1_pose\cam1_20241214_165855_0118.png [[258, 92], [263, 87], [251, 87], [269, 93], [241, 93], [284, 136], [224, 134], [311, 185], [197, 175], [342, 221], [175, 213], [284, 233], [245, 236], [287, 301], [248, 306], [290, 365], [251, 374]]
data_grass\cam1_pose\cam1_20241214_165855_0119.png [[261, 92], [266, 87], [254, 86], [272, 93], [244, 92], [287, 136], [227, 134], [313, 187], [199, 178], [345, 221], [175, 215], [286, 230], [248, 233], [291, 303], [250, 307], [295, 367], [250, 374]]
data_grass\cam1_pose\cam1_20241214_165855_0120.png [[265, 93], [271, 88], [259, 87], [278, 94], [250, 93], [293, 138], [234, 135], [320, 188], [206, 180], [351, 225], [182, 216], [290, 235], [250, 235], [293, 305], [251, 310], [295, 369], [250, 373]]
data_grass\cam1_pose\cam1_20241214_165855_0121.png [[271, 91], [276, 87], [265, 86], [284, 93], [257, 92], [300, 137], [239, 135], [327, 188], [212, 179], [356, 224], [187, 214], [295, 238], [254, 237], [296, 308], [253, 309], [296, 369], [251, 371]]
data_grass\cam1_pose\cam1_20241214_165855_0122.png [[272, 91], [278, 86], [266, 86], [286, 93], [257, 92], [301, 137], [241, 135], [328, 186], [214, 179], [357, 222], [188, 213], [295, 233], [255, 232], [296, 306], [253, 307], [296, 370], [251, 371]]
data_grass\cam1_pose\cam1_20241214_165855_0123.png [[272, 90], [278, 86], [266, 86], [287, 93], [259, 92], [302, 136], [242, 134], [329, 185], [214, 179], [358, 222], [188, 214], [295, 234], [255, 233], [296, 305], [253, 306], [296, 370], [250, 372]]
data_grass\cam1_pose\cam1_20241214_165855_0124.png [[273, 90], [278, 85], [267, 85], [287, 91], [259, 92], [304, 135], [244, 134], [331, 183], [215, 178], [360, 221], [188, 213], [295, 231], [255, 230], [295, 306], [253, 307], [295, 370], [250, 371]]
data_grass\cam1_pose\cam1_20241214_165855_0125.png [[269, 91], [275, 86], [263, 86], [284, 92], [256, 93], [301, 136], [241, 135], [330, 185], [213, 180], [359, 221], [185, 215], [293, 232], [253, 231], [295, 306], [253, 308], [295, 371], [250, 373]]
data_grass\cam1_pose\cam1_20241214_165855_0126.png [[268, 91], [274, 87], [262, 87], [282, 93], [254, 94], [300, 137], [240, 136], [328, 185], [211, 181], [358, 221], [185, 216], [292, 233], [253, 230], [295, 307], [253, 310], [296, 369], [250, 372]]
data_grass\cam1_pose\cam1_20241214_165855_0127.png [[260, 93], [266, 88], [254, 89], [275, 93], [248, 96], [293, 137], [235, 138], [324, 185], [206, 184], [354, 221], [179, 220], [288, 232], [249, 233], [293, 308], [251, 309], [295, 371], [250, 373]]
data_grass\cam1_pose\cam1_20241214_165856_0128.png [[258, 92], [264, 87], [252, 88], [274, 93], [246, 96], [291, 137], [233, 138], [322, 184], [205, 185], [353, 222], [178, 219], [287, 233], [247, 234], [292, 305], [251, 309], [295, 369], [249, 373]]
data_grass\cam1_pose\cam1_20241214_165856_0129.png [[250, 93], [255, 89], [243, 89], [266, 93], [238, 96], [284, 138], [226, 138], [314, 185], [198, 186], [344, 221], [170, 221], [279, 232], [240, 233], [287, 303], [245, 306], [295, 368], [249, 374]]
data_grass\cam1_pose\cam1_20241214_165856_0130.png [[248, 93], [254, 89], [242, 90], [265, 94], [237, 97], [283, 138], [224, 138], [313, 185], [196, 187], [343, 220], [168, 223], [278, 230], [239, 231], [287, 303], [245, 306], [295, 368], [249, 374]]
data_grass\cam1_pose\cam1_20241214_165856_0131.png [[248, 93], [253, 89], [242, 90], [264, 93], [236, 96], [283, 137], [224, 138], [312, 184], [196, 186], [342, 220], [169, 222], [278, 230], [239, 230], [287, 302], [245, 305], [295, 368], [250, 374]]
data_grass\cam1_pose\cam1_20241214_165856_0132.png [[247, 93], [252, 89], [241, 90], [263, 93], [236, 96], [283, 137], [224, 138], [313, 185], [196, 186], [342, 221], [168, 222], [280, 231], [240, 232], [287, 305], [246, 308], [293, 369], [250, 374]]
data_grass\cam1_pose\cam1_20241214_165856_0133.png [[248, 94], [254, 89], [243, 90], [266, 93], [239, 96], [286, 138], [227, 139], [316, 185], [199, 187], [343, 221], [172, 222], [281, 233], [241, 233], [287, 307], [247, 308], [292, 371], [250, 374]]
data_grass\cam1_pose\cam1_20241214_165856_0134.png [[251, 94], [257, 88], [246, 90], [269, 93], [290, 137], [231, 138], [319, 184], [205, 187], [347, 222], [177, 223], [284, 234], [244, 234], [288, 305], [248, 307], [292, 372], [250, 374]]
data_grass\cam1_pose\cam1_20241214_165856_0135.png [[252, 93], [258, 88], [247, 89], [270, 92], [291, 138], [232, 138], [320, 184], [206, 187], [349, 222], [178, 223], [285, 235], [245, 234], [289, 306], [248, 307], [292, 372], [250, 374]]
data_grass\cam1_pose\cam1_20241214_165856_0136.png [[256, 92], [262, 86], [251, 88], [275, 91], [298, 137], [238, 138], [326, 183], [210, 187], [352, 221], [182, 221], [287, 236], [248, 234], [290, 308], [247, 307], [292, 372], [250, 372]]
data_grass\cam1_pose\cam1_20241214_165856_0137.png [[257, 92], [262, 86], [252, 88], [275, 90], [299, 137], [238, 138], [327, 185], [212, 186], [352, 221], [184, 220], [287, 236], [249, 233], [290, 306], [246, 303], [292, 372], [251, 372]]
data_grass\cam1_pose\cam1_20241214_165856_0138.png [[257, 92], [263, 86], [252, 88], [276, 90], [299, 137], [239, 138], [327, 184], [213, 186], [352, 221], [183, 220], [287, 234], [249, 232], [290, 308], [245, 305], [292, 372], [251, 371]]
data_grass\cam1_pose\cam1_20241214_165856_0139.png [[257, 93], [262, 87], [252, 89], [276, 91], [298, 137], [238, 138], [326, 184], [212, 188], [351, 221], [183, 222], [286, 237], [248, 235], [290, 309], [245, 307], [292, 372], [251, 371]]
data_grass\cam1_pose\cam1_20241214_165857_0140.png [[256, 93], [262, 87], [252, 89], [275, 91], [298, 137], [238, 139], [326, 183], [212, 188], [351, 221], [183, 224], [287, 234], [249, 233], [291, 308], [247, 306], [292, 372], [251, 372]]
data_grass\cam1_pose\cam1_20241214_165857_0141.png [[255, 94], [261, 89], [250, 89], [274, 93], [295, 138], [237, 140], [323, 184], [212, 188], [348, 221], [182, 224], [287, 236], [248, 235], [291, 308], [253, 306], [292, 372], [251, 372]]
data_grass\cam1_pose\cam1_20241214_165857_0142.png [[253, 94], [259, 89], [248, 90], [272, 92], [293, 137], [235, 140], [322, 184], [211, 189], [347, 221], [182, 224], [285, 234], [247, 233], [290, 308], [253, 308], [292, 372], [252, 373]]
data_grass\cam1_pose\cam1_20241214_165857_0143.png [[251, 95], [257, 89], [247, 90], [271, 93], [292, 137], [235, 141], [320, 182], [210, 189], [345, 220], [181, 225], [284, 233], [246, 233], [289, 308], [252, 308], [292, 372], [252, 372]]
data_grass\cam1_pose\cam1_20241214_165857_0144.png [[251, 94], [257, 89], [247, 90], [272, 93], [292, 137], [234, 141], [320, 183], [211, 189], [344, 220], [182, 224], [284, 233], [246, 233], [289, 307], [251, 307], [292, 372], [252, 372]]
data_grass\cam1_pose\cam1_20241214_165857_0145.png [[251, 95], [257, 89], [247, 91], [271, 93], [291, 138], [234, 140], [320, 183], [210, 189], [344, 220], [181, 225], [284, 234], [246, 234], [289, 308], [251, 308], [292, 372], [252, 372]]
data_grass\cam1_pose\cam1_20241214_165857_0146.png [[250, 95], [257, 89], [246, 91], [271, 94], [291, 137], [233, 141], [319, 182], [209, 190], [342, 219], [180, 225], [284, 232], [245, 232], [288, 308], [251, 308], [292, 372], [251, 372]]
data_grass\cam1_pose\cam1_20241214_165857_0147.png [[250, 95], [256, 89], [246, 90], [271, 94], [290, 138], [234, 141], [319, 183], [209, 189], [342, 219], [180, 224], [284, 233], [245, 233], [289, 308], [251, 308], [292, 372], [252, 372]]
data_grass\cam1_pose\cam1_20241214_165857_0148.png [[251, 95], [256, 89], [246, 90], [269, 93], [290, 137], [233, 141], [319, 182], [209, 189], [342, 219], [180, 225], [284, 233], [245, 234], [289, 308], [252, 308], [292, 372], [251, 372]]
data_grass\cam1_pose\cam1_20241214_165857_0149.png [[250, 95], [256, 89], [246, 90], [270, 94], [290, 138], [233, 141], [319, 183], [209, 191], [343, 220], [181, 226], [284, 233], [245, 233], [289, 308], [251, 308], [292, 372], [252, 372]]
data_grass\cam1_pose\cam1_20241214_165858_0150.png [[251, 95], [257, 89], [246, 90], [270, 94], [290, 137], [233, 141], [318, 182], [209, 189], [342, 220], [180, 225], [284, 231], [245, 232], [289, 307], [251, 308], [292, 372], [252, 372]]
data_grass\cam1_pose\cam1_20241214_165858_0151.png [[251, 95], [256, 89], [246, 90], [269, 93], [289, 137], [233, 141], [319, 182], [209, 190], [343, 219], [181, 225], [284, 229], [245, 230], [289, 306], [251, 307], [292, 372], [252, 372]]
data_grass\cam1_pose\cam1_20241214_165858_0152.png [[250, 94], [256, 89], [246, 90], [269, 93], [290, 137], [233, 141], [319, 182], [209, 190], [343, 219], [181, 225], [284, 230], [245, 231], [289, 307], [252, 308], [292, 371], [252, 372]]
data_grass\cam1_pose\cam1_20241214_165858_0153.png [[251, 93], [256, 87], [246, 90], [269, 93], [290, 138], [233, 141], [319, 182], [208, 191], [343, 219], [180, 225], [284, 230], [245, 231], [289, 305], [252, 306], [292, 371], [252, 372]]
data_grass\cam1_pose\cam1_20241214_165858_0154.png [[250, 94], [256, 88], [245, 90], [269, 93], [289, 137], [233, 141], [319, 182], [209, 190], [343, 220], [181, 226], [284, 232], [246, 232], [289, 307], [252, 307], [292, 372], [252, 372]]
data_grass\cam1_pose\cam1_20241214_165858_0155.png [[250, 95], [256, 89], [245, 90], [269, 94], [289, 137], [233, 141], [319, 182], [209, 190], [343, 218], [181, 225], [284, 232], [245, 233], [289, 308], [251, 308], [292, 372], [252, 372]]
data_grass\cam1_pose\cam1_20241214_165858_0156.png [[250, 95], [256, 89], [245, 90], [269, 94], [289, 137], [233, 141], [319, 182], [209, 190], [343, 219], [181, 225], [284, 233], [245, 233], [289, 307], [251, 308], [292, 372], [252, 372]]
data_grass\cam1_pose\cam1_20241214_165858_0157.png [[250, 95], [256, 89], [245, 90], [269, 94], [289, 137], [233, 141], [318, 182], [209, 190], [343, 219], [180, 226], [284, 234], [245, 234], [289, 307], [251, 307], [292, 372], [252, 372]]
data_grass\cam1_pose\cam1_20241214_165858_0158.png [[250, 94], [256, 89], [245, 90], [269, 94], [289, 137], [233, 141], [319, 182], [209, 190], [343, 219], [181, 225], [284, 232], [245, 232], [288, 305], [251, 306], [292, 372], [252, 372]]
data_grass\cam1_pose\cam1_20241214_165858_0159.png [[250, 95], [256, 89], [245, 90], [269, 94], [289, 137], [233, 141], [319, 182], [209, 190], [343, 219], [180, 225], [284, 230], [245, 231], [289, 305], [251, 307], [292, 372], [252, 372]]
data_grass\cam1_pose\cam1_20241214_165858_0160.png [[250, 95], [256, 89], [245, 90], [269, 94], [289, 137], [233, 141], [319, 182], [209, 189], [343, 219], [182, 224], [284, 233], [245, 234], [289, 308], [251, 307], [292, 372], [252, 372]]
data_grass\cam1_pose\cam1_20241214_165859_0161.png [[250, 95], [255, 89], [245, 90], [269, 94], [289, 137], [233, 141], [319, 183], [209, 190], [343, 219], [181, 224], [284, 233], [245, 234], [289, 308], [251, 308], [292, 372], [252, 372]]
data_grass\cam1_pose\cam1_20241214_165859_0162.png [[250, 95], [256, 89], [245, 90], [269, 95], [289, 137], [233, 141], [319, 182], [208, 191], [341, 218], [180, 226], [284, 233], [245, 234], [288, 307], [251, 308], [292, 372], [252, 372]]
data_grass\cam1_pose\cam1_20241214_165859_0163.png [[248, 95], [254, 89], [243, 91], [268, 94], [287, 137], [232, 141], [317, 182], [208, 190], [343, 219], [179, 224], [281, 233], [244, 233], [287, 308], [248, 307], [292, 372], [252, 372]]
data_grass\cam1_pose\cam1_20241214_165859_0164.png [[247, 95], [253, 90], [242, 92], [267, 93], [288, 137], [231, 142], [317, 181], [207, 190], [341, 218], [177, 225], [281, 233], [243, 233], [286, 308], [248, 306], [292, 372], [251, 372]]
data_grass\cam1_pose\cam1_20241214_165859_0165.png [[246, 95], [252, 90], [242, 92], [266, 94], [287, 137], [230, 143], [316, 182], [206, 191], [341, 218], [178, 225], [280, 233], [242, 233], [286, 308], [247, 306], [292, 372], [252, 372]]
data_grass\cam1_pose\cam1_20241214_165859_0166.png [[241, 96], [247, 90], [237, 92], [262, 94], [284, 137], [227, 143], [313, 181], [206, 191], [337, 216], [178, 225], [278, 229], [241, 231], [283, 302], [247, 304], [290, 369], [251, 372]]
data_grass\cam1_pose\cam1_20241214_165859_0167.png [[240, 95], [246, 89], [236, 92], [260, 93], [282, 135], [228, 143], [310, 179], [208, 192], [334, 214], [179, 228], [279, 231], [242, 232], [283, 305], [247, 305], [290, 372], [252, 372]]
data_grass\cam1_pose\cam1_20241214_165859_0168.png [[242, 96], [248, 90], [238, 92], [263, 93], [286, 135], [232, 143], [313, 179], [212, 192], [335, 215], [185, 228], [281, 230], [244, 231], [285, 308], [248, 306], [289, 374], [252, 373]]
data_grass\cam1_pose\cam1_20241214_165859_0169.png [[247, 95], [252, 89], [243, 92], [268, 92], [290, 134], [238, 142], [317, 179], [220, 191], [339, 215], [194, 227], [283, 231], [248, 230], [288, 307], [248, 305], [290, 374], [252, 372]]
data_grass\cam1_pose\cam1_20241214_165859_0170.png [[249, 94], [255, 87], [246, 90], [272, 91], [293, 131], [243, 140], [319, 177], [225, 189], [340, 215], [200, 225], [286, 226], [251, 226], [288, 306], [250, 302], [290, 374], [252, 371]]
data_grass\cam1_pose\cam1_20241214_165900_0171.png [[249, 93], [255, 87], [246, 90], [272, 90], [293, 131], [244, 140], [319, 176], [226, 189], [340, 215], [201, 225], [285, 226], [251, 225], [287, 302], [250, 300], [290, 374], [252, 371]]
data_grass\cam1_pose\cam1_20241214_165900_0172.png [[248, 93], [253, 86], [245, 89], [271, 89], [292, 128], [244, 139], [317, 173], [227, 189], [335, 211], [201, 227], [286, 222], [253, 222], [286, 303], [250, 299], [290, 374], [253, 370]]
data_grass\cam1_pose\cam1_20241214_165900_0173.png [[246, 93], [251, 87], [243, 90], [269, 90], [288, 127], [242, 140], [313, 170], [226, 190], [331, 209], [201, 228], [284, 223], [252, 224], [285, 302], [250, 299], [290, 374], [254, 369]]
data_grass\cam1_pose\cam1_20241214_165900_0174.png [[245, 94], [251, 88], [242, 90], [268, 90], [287, 128], [241, 141], [313, 171], [225, 191], [331, 208], [201, 229], [283, 225], [251, 225], [285, 305], [250, 300], [290, 374], [254, 369]]
data_grass\cam1_pose\cam1_20241214_165900_0175.png [[242, 97], [248, 90], [239, 93], [263, 93], [283, 131], [237, 143], [310, 174], [221, 193], [328, 210], [195, 233], [280, 228], [245, 229], [283, 306], [248, 304], [289, 374], [255, 371]]
data_grass\cam1_pose\cam1_20241214_165900_0176.png [[241, 98], [248, 91], [238, 94], [263, 94], [283, 132], [236, 144], [308, 174], [220, 194], [328, 210], [194, 233], [278, 228], [245, 230], [281, 306], [247, 305], [289, 374], [255, 371]]
data_grass\cam1_pose\cam1_20241214_165900_0177.png [[240, 97], [246, 91], [235, 93], [259, 95], [278, 134], [230, 145], [305, 176], [214, 193], [325, 211], [189, 231], [275, 228], [241, 230], [278, 306], [245, 306], [289, 374], [254, 371]]
data_grass\cam1_pose\cam1_20241214_165900_0178.png [[239, 97], [245, 91], [234, 93], [257, 96], [277, 134], [229, 144], [304, 176], [212, 194], [325, 211], [187, 233], [274, 227], [240, 230], [277, 306], [244, 305], [289, 375], [254, 372]]
data_grass\cam1_pose\cam1_20241214_165900_0179.png [[237, 96], [243, 91], [231, 93], [254, 96], [227, 99], [274, 135], [223, 145], [302, 176], [208, 192], [323, 210], [182, 232], [272, 228], [238, 231], [278, 306], [243, 305], [289, 372], [254, 371]]
data_grass\cam1_pose\cam1_20241214_165900_0180.png [[237, 96], [243, 91], [231, 93], [254, 96], [227, 99], [274, 135], [223, 145], [301, 177], [206, 192], [323, 210], [182, 232], [272, 228], [237, 231], [279, 306], [243, 305], [290, 372], [254, 371]]
data_grass\cam1_pose\cam1_20241214_165900_0181.png [[240, 95], [246, 90], [234, 91], [256, 96], [228, 98], [274, 135], [221, 144], [303, 177], [204, 192], [326, 210], [178, 231], [272, 228], [236, 231], [278, 305], [244, 306], [289, 369], [254, 371]]
data_grass\cam1_pose\cam1_20241214_165901_0182.png [[244, 95], [250, 91], [238, 90], [259, 97], [231, 97], [277, 135], [223, 144], [306, 177], [205, 191], [330, 211], [178, 228], [273, 229], [236, 230], [278, 306], [244, 309], [289, 370], [254, 372]]
data_grass\cam1_pose\cam1_20241214_165901_0183.png [[245, 94], [251, 90], [240, 90], [261, 96], [233, 97], [279, 135], [224, 144], [308, 178], [205, 192], [332, 211], [178, 228], [274, 231], [236, 232], [279, 307], [244, 308], [289, 371], [254, 372]]
data_grass\cam1_pose\cam1_20241214_165901_0184.png [[257, 93], [263, 89], [252, 88], [271, 97], [244, 95], [287, 136], [231, 141], [316, 180], [208, 190], [341, 216], [179, 224], [279, 231], [241, 231], [283, 301], [247, 303], [289, 370], [254, 371]]
data_grass\cam1_pose\cam1_20241214_165901_0185.png [[267, 92], [273, 89], [261, 87], [278, 96], [251, 92], [294, 137], [235, 139], [323, 180], [209, 187], [347, 217], [180, 221], [284, 233], [245, 231], [287, 306], [247, 306], [290, 370], [253, 370]]
data_grass\cam1_pose\cam1_20241214_165901_0186.png [[270, 89], [276, 86], [264, 83], [281, 95], [253, 90], [296, 136], [237, 136], [325, 181], [208, 184], [350, 218], [179, 220], [286, 233], [247, 231], [288, 303], [246, 303], [290, 369], [247, 369]]
data_grass\cam1_pose\cam1_20241214_165901_0187.png [[270, 89], [275, 85], [264, 83], [281, 94], [253, 90], [296, 135], [237, 135], [325, 181], [208, 183], [351, 219], [179, 219], [286, 233], [247, 231], [288, 303], [247, 303], [290, 370], [245, 371]]
data_grass\cam1_pose\cam1_20241214_165901_0188.png [[267, 88], [272, 84], [261, 83], [278, 93], [250, 91], [293, 135], [233, 135], [322, 182], [205, 183], [349, 219], [176, 217], [285, 234], [245, 233], [289, 305], [246, 304], [290, 370], [241, 371]]
data_grass\cam1_pose\cam1_20241214_165901_0189.png [[262, 90], [268, 86], [256, 84], [273, 94], [245, 91], [288, 135], [229, 137], [318, 182], [199, 183], [347, 219], [172, 218], [283, 233], [243, 233], [287, 303], [246, 306], [290, 370], [244, 372]]
data_grass\cam1_pose\cam1_20241214_165901_0190.png [[260, 90], [266, 86], [253, 84], [271, 93], [243, 92], [286, 135], [227, 137], [316, 183], [198, 184], [346, 219], [169, 219], [282, 234], [241, 235], [287, 304], [246, 307], [290, 370], [244, 373]]
data_grass\cam1_pose\cam1_20241214_165902_0191.png [[250, 91], [255, 87], [243, 86], [260, 95], [233, 93], [277, 136], [217, 138], [308, 182], [190, 184], [341, 217], [163, 221], [275, 232], [235, 233], [283, 302], [241, 305], [289, 368], [243, 374]]
data_grass\cam1_pose\cam1_20241214_165902_0192.png [[247, 90], [252, 86], [240, 85], [256, 93], [229, 92], [273, 136], [214, 137], [305, 182], [187, 184], [336, 216], [161, 222], [273, 231], [233, 233], [281, 303], [240, 307], [287, 369], [243, 374]]
data_grass\cam1_pose\cam1_20241214_165902_0193.png [[247, 90], [251, 87], [240, 85], [256, 92], [228, 93], [271, 136], [212, 137], [302, 183], [185, 183], [334, 216], [160, 221], [272, 232], [233, 233], [279, 300], [239, 305], [278, 367], [243, 373]]
data_grass\cam1_pose\cam1_20241214_165902_0194.png [[247, 91], [252, 87], [240, 86], [256, 92], [228, 93], [272, 136], [212, 137], [302, 183], [185, 183], [334, 217], [161, 221], [273, 233], [232, 234], [278, 301], [239, 306], [276, 368], [243, 372]]
data_grass\cam1_pose\cam1_20241214_165902_0195.png [[249, 91], [254, 87], [242, 86], [230, 93], [273, 137], [214, 137], [304, 184], [188, 183], [336, 219], [162, 222], [273, 235], [233, 236], [276, 303], [239, 306], [275, 369], [242, 373]]
data_grass\cam1_pose\cam1_20241214_165902_0196.png [[254, 93], [258, 89], [247, 87], [235, 93], [277, 138], [217, 137], [306, 185], [191, 181], [337, 220], [168, 219], [274, 232], [235, 232], [275, 305], [239, 306], [275, 370], [242, 373]]
data_grass\cam1_pose\cam1_20241214_165902_0197.png [[256, 93], [260, 89], [249, 87], [236, 94], [279, 139], [218, 137], [307, 186], [193, 182], [338, 220], [169, 218], [275, 231], [236, 232], [275, 306], [240, 308], [275, 370], [243, 373]]
data_grass\cam1_pose\cam1_20241214_165902_0198.png [[263, 94], [268, 90], [257, 88], [244, 93], [284, 139], [225, 135], [312, 190], [197, 179], [342, 222], [174, 216], [278, 233], [240, 233], [277, 304], [242, 308], [275, 371], [243, 372]]
data_grass\cam1_pose\cam1_20241214_165902_0199.png [[265, 94], [270, 90], [259, 88], [246, 93], [285, 139], [226, 135], [311, 188], [197, 179], [342, 223], [175, 216], [279, 234], [241, 234], [278, 305], [242, 309], [275, 370], [242, 372]]
