data_grass\cam2_pose\cam2_20241214_165843_0000.png [[332, 82], [335, 77], [353, 77], [366, 110], [352, 111], [370, 152], [370, 192], [325, 212], [357, 203], [346, 204], [355, 281], [344, 280], [360, 357], [354, 348]]
data_grass\cam2_pose\cam2_20241214_165843_0001.png [[333, 81], [336, 75], [355, 75], [367, 110], [354, 110], [372, 152], [371, 193], [359, 205], [346, 205], [353, 282], [344, 281], [359, 358], [353, 350]]
data_grass\cam2_pose\cam2_20241214_165843_0002.png [[333, 80], [337, 74], [355, 75], [368, 109], [353, 110], [373, 151], [371, 190], [326, 210], [360, 203], [345, 203], [353, 282], [344, 281], [359, 359], [353, 350]]
data_grass\cam2_pose\cam2_20241214_165843_0003.png [[335, 77], [338, 72], [357, 72], [368, 108], [355, 108], [374, 150], [341, 165], [373, 189], [326, 211], [361, 203], [345, 202], [352, 283], [343, 282], [359, 358], [352, 348]]
data_grass\cam2_pose\cam2_20241214_165843_0004.png [[335, 77], [338, 71], [358, 72], [368, 107], [355, 108], [374, 149], [373, 189], [326, 210], [359, 201], [344, 201], [352, 283], [342, 282], [359, 358], [352, 348]]
data_grass\cam2_pose\cam2_20241214_165843_0005.png [[335, 78], [338, 73], [358, 74], [369, 109], [353, 110], [374, 151], [341, 160], [373, 192], [326, 210], [361, 201], [345, 201], [353, 283], [341, 284], [358, 358], [350, 348]]
data_grass\cam2_pose\cam2_20241214_165843_0006.png [[335, 79], [338, 74], [358, 75], [370, 110], [352, 111], [375, 151], [340, 161], [373, 191], [326, 210], [362, 203], [345, 202], [353, 284], [342, 285], [358, 357], [350, 350]]
data_grass\cam2_pose\cam2_20241214_165844_0007.png [[334, 81], [339, 75], [357, 77], [369, 110], [352, 113], [376, 150], [341, 164], [375, 188], [326, 210], [362, 204], [345, 204], [355, 283], [342, 284], [359, 356], [350, 350]]
data_grass\cam2_pose\cam2_20241214_165844_0008.png [[335, 82], [339, 76], [358, 77], [371, 110], [352, 113], [378, 149], [343, 166], [378, 185], [327, 210], [364, 204], [346, 207], [355, 281], [343, 281], [363, 354], [350, 348]]
data_grass\cam2_pose\cam2_20241214_165844_0009.png [[337, 81], [341, 75], [360, 77], [373, 110], [350, 114], [381, 150], [343, 167], [383, 185], [327, 211], [366, 211], [347, 209], [357, 283], [345, 282], [365, 357], [350, 348]]
data_grass\cam2_pose\cam2_20241214_165844_0010.png [[338, 81], [343, 75], [361, 77], [373, 110], [349, 114], [382, 151], [342, 168], [385, 189], [326, 211], [367, 208], [348, 207], [358, 283], [344, 283], [367, 356], [351, 347]]
data_grass\cam2_pose\cam2_20241214_165844_0011.png [[341, 78], [346, 72], [364, 74], [378, 108], [347, 113], [386, 151], [341, 168], [388, 188], [326, 210], [370, 203], [348, 202], [362, 284], [345, 285], [368, 356], [351, 347]]
data_grass\cam2_pose\cam2_20241214_165844_0012.png [[342, 77], [347, 72], [365, 73], [379, 108], [349, 113], [388, 150], [342, 168], [390, 189], [325, 210], [371, 209], [349, 205], [362, 284], [344, 284], [368, 357], [350, 347]]
data_grass\cam2_pose\cam2_20241214_165844_0013.png [[343, 74], [348, 68], [367, 71], [381, 108], [348, 111], [390, 150], [341, 166], [395, 188], [325, 207], [371, 206], [348, 205], [364, 284], [343, 281], [369, 357], [348, 345]]
data_grass\cam2_pose\cam2_20241214_165844_0014.png [[342, 74], [348, 68], [367, 72], [380, 108], [347, 111], [391, 151], [337, 168], [399, 191], [318, 208], [371, 205], [347, 202], [364, 284], [343, 282], [369, 359], [347, 345]]
data_grass\cam2_pose\cam2_20241214_165844_0015.png [[341, 77], [346, 72], [340, 74], [364, 75], [377, 110], [344, 113], [390, 153], [333, 170], [399, 191], [312, 209], [370, 208], [346, 205], [364, 285], [341, 285], [370, 357], [346, 348]]
data_grass\cam2_pose\cam2_20241214_165844_0016.png [[341, 79], [345, 73], [339, 75], [364, 75], [377, 111], [341, 114], [391, 155], [332, 170], [399, 191], [312, 209], [370, 207], [343, 205], [364, 285], [341, 285], [370, 358], [346, 348]]
data_grass\cam2_pose\cam2_20241214_165845_0017.png [[338, 79], [342, 74], [337, 76], [361, 77], [373, 112], [341, 117], [390, 156], [327, 171], [398, 192], [307, 210], [368, 210], [340, 208], [364, 284], [340, 284], [368, 356], [346, 348]]
data_grass\cam2_pose\cam2_20241214_165845_0018.png [[337, 78], [342, 73], [336, 75], [360, 77], [373, 112], [339, 118], [391, 155], [324, 170], [402, 191], [303, 210], [368, 209], [341, 208], [362, 286], [340, 286], [368, 356], [345, 348]]
data_grass\cam2_pose\cam2_20241214_165845_0019.png [[339, 78], [343, 73], [337, 75], [362, 76], [375, 113], [340, 117], [393, 156], [324, 169], [406, 192], [302, 210], [368, 209], [339, 207], [362, 285], [339, 286], [366, 355], [344, 348]]
data_grass\cam2_pose\cam2_20241214_165845_0020.png [[342, 77], [347, 72], [341, 74], [365, 76], [379, 111], [341, 114], [396, 154], [326, 168], [409, 192], [302, 209], [371, 208], [342, 207], [364, 284], [339, 285], [367, 356], [344, 347]]
data_grass\cam2_pose\cam2_20241214_165845_0021.png [[343, 77], [348, 71], [341, 73], [367, 75], [380, 111], [343, 114], [398, 155], [326, 168], [410, 192], [302, 207], [371, 209], [341, 207], [364, 285], [339, 285], [368, 356], [345, 348]]
data_grass\cam2_pose\cam2_20241214_165845_0022.png [[346, 74], [351, 68], [344, 70], [369, 72], [383, 110], [344, 114], [402, 153], [325, 167], [414, 191], [301, 206], [372, 207], [342, 205], [366, 282], [338, 282], [368, 357], [344, 346]]
data_grass\cam2_pose\cam2_20241214_165845_0023.png [[345, 73], [350, 68], [344, 69], [368, 72], [382, 110], [342, 116], [401, 154], [323, 165], [414, 194], [299, 203], [372, 205], [341, 203], [367, 283], [338, 281], [368, 356], [340, 346]]
data_grass\cam2_pose\cam2_20241214_165845_0024.png [[343, 75], [348, 69], [341, 72], [365, 74], [379, 111], [338, 120], [398, 156], [319, 168], [412, 194], [293, 205], [370, 208], [340, 207], [368, 283], [337, 283], [368, 356], [338, 348]]
data_grass\cam2_pose\cam2_20241214_165845_0025.png [[341, 77], [346, 71], [339, 73], [364, 75], [379, 112], [337, 121], [398, 157], [317, 168], [411, 195], [292, 206], [368, 209], [338, 208], [368, 284], [337, 284], [368, 356], [339, 349]]
data_grass\cam2_pose\cam2_20241214_165846_0026.png [[338, 78], [343, 72], [335, 75], [360, 76], [374, 114], [330, 124], [394, 159], [311, 171], [410, 195], [287, 206], [365, 209], [332, 209], [365, 283], [335, 284], [367, 356], [339, 350]]
data_grass\cam2_pose\cam2_20241214_165846_0027.png [[334, 78], [340, 72], [331, 74], [356, 76], [371, 115], [326, 123], [393, 160], [307, 171], [410, 197], [281, 207], [363, 210], [331, 211], [365, 282], [334, 284], [368, 354], [338, 350]]
data_grass\cam2_pose\cam2_20241214_165846_0028.png [[334, 78], [339, 72], [331, 74], [356, 76], [371, 115], [325, 123], [395, 159], [307, 170], [412, 197], [281, 206], [363, 209], [330, 209], [366, 279], [333, 284], [368, 354], [339, 350]]
data_grass\cam2_pose\cam2_20241214_165846_0029.png [[334, 78], [340, 72], [331, 74], [356, 76], [371, 115], [325, 124], [394, 160], [305, 172], [413, 198], [281, 206], [363, 208], [331, 208], [368, 281], [333, 284], [370, 353], [339, 350]]
data_grass\cam2_pose\cam2_20241214_165846_0030.png [[335, 78], [340, 72], [331, 74], [356, 76], [373, 115], [325, 124], [395, 159], [306, 171], [414, 198], [281, 207], [364, 209], [331, 209], [368, 282], [334, 284], [370, 353], [339, 349]]
data_grass\cam2_pose\cam2_20241214_165846_0031.png [[339, 78], [344, 72], [335, 74], [360, 76], [377, 116], [329, 124], [400, 160], [310, 172], [419, 200], [285, 206], [368, 210], [334, 209], [370, 285], [333, 285], [372, 355], [339, 349]]
data_grass\cam2_pose\cam2_20241214_165846_0032.png [[343, 77], [349, 71], [339, 74], [365, 75], [383, 116], [332, 124], [405, 161], [313, 170], [424, 200], [287, 206], [370, 210], [336, 209], [372, 284], [335, 284], [373, 355], [339, 349]]
data_grass\cam2_pose\cam2_20241214_165846_0033.png [[347, 75], [352, 69], [343, 71], [367, 73], [385, 114], [334, 121], [408, 160], [314, 167], [427, 198], [289, 203], [371, 210], [336, 208], [372, 283], [333, 281], [373, 354], [335, 347]]
data_grass\cam2_pose\cam2_20241214_165846_0034.png [[345, 75], [351, 69], [341, 71], [365, 74], [383, 116], [330, 122], [407, 161], [309, 170], [427, 199], [282, 205], [370, 208], [334, 208], [372, 284], [331, 283], [372, 355], [332, 347]]
data_grass\cam2_pose\cam2_20241214_165847_0035.png [[344, 75], [350, 70], [340, 72], [365, 74], [382, 116], [329, 123], [406, 161], [308, 170], [427, 200], [281, 205], [370, 214], [333, 213], [373, 288], [330, 285], [372, 355], [331, 348]]
data_grass\cam2_pose\cam2_20241214_165847_0036.png [[339, 76], [345, 71], [335, 72], [359, 75], [375, 116], [323, 123], [400, 162], [301, 171], [422, 199], [272, 207], [364, 211], [329, 210], [369, 287], [328, 285], [371, 354], [332, 349]]
data_grass\cam2_pose\cam2_20241214_165847_0037.png [[338, 77], [344, 71], [333, 72], [357, 75], [374, 118], [322, 123], [400, 162], [299, 171], [422, 199], [272, 207], [363, 211], [328, 211], [368, 284], [329, 284], [371, 354], [332, 349]]
data_grass\cam2_pose\cam2_20241214_165847_0038.png [[335, 76], [341, 70], [331, 71], [353, 75], [371, 117], [317, 122], [397, 162], [296, 170], [420, 199], [268, 206], [362, 211], [325, 211], [368, 286], [328, 285], [371, 351], [331, 348]]
data_grass\cam2_pose\cam2_20241214_165847_0039.png [[335, 75], [341, 69], [331, 71], [354, 74], [371, 117], [317, 121], [397, 161], [295, 169], [419, 197], [268, 205], [362, 207], [326, 208], [368, 282], [328, 282], [373, 348], [331, 348]]
data_grass\cam2_pose\cam2_20241214_165847_0040.png [[336, 74], [342, 69], [331, 70], [355, 74], [371, 116], [318, 120], [397, 161], [296, 168], [420, 198], [268, 205], [362, 208], [326, 208], [368, 283], [329, 284], [373, 347], [330, 349]]
data_grass\cam2_pose\cam2_20241214_165847_0041.png [[345, 75], [351, 70], [340, 71], [362, 75], [381, 117], [325, 122], [406, 164], [301, 170], [428, 200], [273, 206], [368, 213], [330, 213], [370, 287], [329, 284], [373, 349], [330, 348]]
data_grass\cam2_pose\cam2_20241214_165847_0042.png [[352, 75], [358, 71], [346, 71], [369, 75], [341, 77], [387, 117], [331, 121], [412, 163], [307, 168], [436, 201], [277, 205], [372, 213], [335, 212], [373, 286], [332, 284], [373, 349], [330, 349]]
data_grass\cam2_pose\cam2_20241214_165847_0043.png [[359, 75], [365, 70], [353, 71], [376, 75], [348, 76], [393, 118], [335, 120], [419, 164], [310, 167], [443, 204], [280, 203], [377, 215], [340, 212], [375, 287], [335, 285], [373, 349], [331, 347]]
data_grass\cam2_pose\cam2_20241214_165847_0044.png [[360, 74], [367, 69], [355, 70], [377, 75], [349, 76], [394, 117], [335, 119], [420, 165], [310, 168], [443, 202], [279, 203], [377, 216], [339, 212], [375, 287], [335, 285], [373, 349], [330, 347]]
data_grass\cam2_pose\cam2_20241214_165848_0045.png [[361, 74], [367, 69], [356, 69], [377, 75], [349, 76], [393, 117], [335, 119], [420, 165], [310, 166], [444, 204], [280, 202], [377, 213], [339, 211], [375, 286], [335, 284], [373, 349], [329, 347]]
data_grass\cam2_pose\cam2_20241214_165848_0046.png [[361, 74], [367, 69], [355, 69], [377, 75], [349, 75], [393, 117], [334, 119], [418, 165], [307, 165], [444, 205], [276, 201], [377, 213], [338, 211], [375, 288], [332, 285], [373, 350], [325, 347]]
data_grass\cam2_pose\cam2_20241214_165848_0047.png [[358, 76], [364, 71], [352, 71], [372, 77], [344, 77], [388, 120], [329, 120], [413, 167], [301, 167], [439, 206], [270, 201], [374, 215], [335, 214], [376, 285], [331, 285], [373, 349], [327, 349]]
data_grass\cam2_pose\cam2_20241214_165848_0048.png [[356, 76], [362, 72], [350, 71], [371, 77], [343, 77], [387, 120], [327, 121], [412, 167], [298, 166], [439, 206], [268, 201], [373, 211], [335, 210], [375, 284], [331, 286], [373, 349], [327, 349]]
data_grass\cam2_pose\cam2_20241214_165848_0049.png [[351, 75], [356, 72], [345, 71], [364, 77], [336, 75], [378, 120], [319, 119], [404, 168], [291, 162], [431, 206], [263, 195], [368, 213], [329, 213], [371, 282], [329, 285], [373, 348], [326, 349]]
data_grass\cam2_pose\cam2_20241214_165848_0050.png [[349, 75], [355, 71], [344, 69], [362, 76], [334, 74], [375, 119], [317, 117], [400, 167], [288, 161], [427, 205], [261, 194], [366, 210], [328, 211], [368, 280], [328, 282], [371, 347], [326, 349]]
data_grass\cam2_pose\cam2_20241214_165848_0051.png [[349, 74], [355, 70], [344, 69], [362, 75], [334, 74], [375, 119], [316, 117], [400, 168], [286, 162], [428, 206], [260, 194], [367, 209], [328, 210], [368, 280], [328, 281], [370, 346], [326, 348]]
data_grass\cam2_pose\cam2_20241214_165848_0052.png [[352, 75], [357, 71], [346, 69], [362, 76], [335, 74], [376, 119], [317, 116], [400, 168], [288, 160], [427, 206], [260, 195], [368, 213], [329, 213], [365, 283], [327, 283], [364, 348], [325, 350]]
data_grass\cam2_pose\cam2_20241214_165848_0053.png [[357, 77], [362, 72], [350, 71], [367, 77], [340, 76], [379, 121], [322, 118], [404, 170], [293, 162], [431, 207], [266, 197], [369, 214], [331, 212], [365, 285], [327, 285], [364, 348], [324, 349]]
data_grass\cam2_pose\cam2_20241214_165848_0054.png [[358, 77], [364, 72], [352, 72], [368, 77], [341, 76], [380, 121], [323, 119], [405, 170], [294, 162], [432, 208], [268, 197], [370, 214], [331, 212], [365, 285], [328, 286], [364, 348], [324, 350]]
data_grass\cam2_pose\cam2_20241214_165848_0055.png [[364, 77], [369, 73], [358, 71], [373, 77], [347, 75], [385, 122], [327, 118], [409, 170], [298, 162], [437, 211], [273, 193], [372, 213], [334, 212], [368, 285], [332, 284], [364, 348], [325, 348]]
data_grass\cam2_pose\cam2_20241214_165849_0056.png [[365, 77], [370, 72], [359, 71], [347, 75], [385, 121], [328, 118], [409, 170], [298, 160], [436, 209], [273, 194], [373, 213], [334, 211], [367, 285], [331, 285], [364, 348], [323, 348]]
data_grass\cam2_pose\cam2_20241214_165849_0057.png [[366, 77], [371, 72], [360, 71], [348, 75], [385, 122], [328, 117], [408, 170], [297, 159], [435, 209], [272, 193], [373, 213], [333, 210], [367, 287], [327, 285], [364, 349], [322, 347]]
data_grass\cam2_pose\cam2_20241214_165849_0058.png [[366, 77], [371, 73], [359, 71], [347, 75], [384, 122], [326, 117], [407, 170], [296, 160], [434, 209], [272, 193], [372, 216], [333, 213], [367, 285], [326, 285], [364, 348], [322, 349]]
data_grass\cam2_pose\cam2_20241214_165849_0059.png [[363, 78], [368, 75], [357, 72], [344, 76], [380, 123], [323, 117], [401, 171], [293, 161], [428, 210], [270, 194], [371, 214], [332, 213], [367, 287], [327, 287], [364, 348], [324, 351]]
data_grass\cam2_pose\cam2_20241214_165849_0060.png [[362, 78], [367, 74], [356, 72], [342, 75], [379, 122], [322, 117], [399, 172], [292, 162], [426, 210], [269, 194], [370, 218], [332, 217], [367, 288], [327, 288], [364, 349], [325, 351]]
data_grass\cam2_pose\cam2_20241214_165849_0061.png [[360, 76], [365, 72], [354, 70], [339, 74], [374, 122], [319, 116], [395, 173], [290, 157], [421, 211], [269, 190], [367, 216], [330, 216], [364, 286], [325, 286], [362, 347], [324, 351]]
data_grass\cam2_pose\cam2_20241214_165849_0062.png [[360, 76], [365, 72], [354, 70], [339, 73], [374, 122], [317, 116], [395, 173], [290, 157], [420, 212], [271, 189], [367, 214], [330, 214], [364, 284], [325, 284], [361, 346], [323, 351]]
data_grass\cam2_pose\cam2_20241214_165849_0063.png [[362, 76], [367, 72], [356, 69], [341, 73], [373, 122], [318, 116], [392, 173], [291, 159], [419, 212], [269, 194], [367, 217], [330, 216], [362, 284], [325, 285], [355, 347], [323, 352]]
data_grass\cam2_pose\cam2_20241214_165849_0064.png [[363, 77], [368, 73], [357, 70], [342, 72], [373, 121], [318, 116], [392, 172], [292, 158], [417, 211], [272, 194], [368, 214], [331, 213], [361, 283], [325, 286], [355, 347], [323, 351]]
data_grass\cam2_pose\cam2_20241214_165849_0065.png [[367, 78], [372, 75], [361, 71], [346, 75], [377, 124], [324, 116], [395, 175], [298, 160], [419, 214], [280, 195], [369, 217], [334, 216], [361, 285], [326, 287], [353, 349], [322, 352]]
data_grass\cam2_pose\cam2_20241214_165849_0066.png [[369, 78], [373, 75], [363, 72], [347, 76], [379, 125], [325, 117], [395, 175], [299, 159], [419, 214], [284, 191], [370, 216], [334, 213], [361, 283], [328, 285], [353, 349], [323, 350]]
data_grass\cam2_pose\cam2_20241214_165849_0067.png [[374, 79], [378, 75], [368, 72], [352, 75], [382, 124], [329, 116], [397, 175], [304, 158], [421, 214], [290, 190], [371, 216], [335, 214], [363, 284], [332, 283], [354, 348], [323, 348]]
data_grass\cam2_pose\cam2_20241214_165850_0068.png [[375, 79], [379, 75], [369, 72], [353, 75], [382, 124], [329, 116], [398, 174], [305, 159], [421, 213], [290, 191], [372, 219], [336, 216], [363, 285], [332, 285], [353, 349], [323, 347]]
data_grass\cam2_pose\cam2_20241214_165850_0069.png [[377, 78], [380, 75], [371, 71], [355, 74], [383, 123], [331, 114], [398, 173], [307, 157], [420, 211], [293, 189], [372, 213], [337, 212], [364, 283], [332, 282], [353, 348], [326, 348]]
data_grass\cam2_pose\cam2_20241214_165850_0070.png [[377, 78], [380, 75], [371, 71], [354, 74], [382, 123], [331, 114], [398, 174], [306, 157], [421, 213], [292, 191], [372, 213], [337, 211], [363, 283], [332, 280], [353, 348], [327, 350]]
data_grass\cam2_pose\cam2_20241214_165850_0071.png [[375, 79], [378, 75], [370, 73], [353, 74], [379, 124], [329, 115], [394, 174], [305, 158], [416, 215], [292, 191], [371, 213], [336, 213], [364, 284], [333, 283], [352, 349], [330, 353]]
data_grass\cam2_pose\cam2_20241214_165850_0072.png [[372, 78], [375, 75], [367, 72], [350, 73], [373, 123], [325, 113], [388, 175], [304, 156], [407, 213], [292, 189], [369, 214], [335, 214], [363, 283], [333, 282], [352, 348], [329, 353]]
data_grass\cam2_pose\cam2_20241214_165850_0073.png [[372, 78], [375, 74], [367, 71], [350, 72], [373, 122], [325, 112], [386, 173], [304, 154], [404, 212], [292, 188], [369, 210], [335, 212], [362, 282], [333, 281], [350, 348], [329, 353]]
data_grass\cam2_pose\cam2_20241214_165850_0074.png [[372, 77], [374, 73], [367, 70], [349, 71], [371, 121], [325, 109], [384, 171], [305, 153], [401, 211], [296, 189], [369, 207], [335, 209], [363, 281], [332, 281], [347, 345], [328, 354]]
data_grass\cam2_pose\cam2_20241214_165850_0075.png [[372, 77], [374, 73], [367, 70], [349, 71], [370, 121], [325, 109], [384, 172], [306, 155], [401, 212], [296, 192], [369, 210], [335, 212], [362, 281], [332, 282], [345, 345], [328, 353]]
data_grass\cam2_pose\cam2_20241214_165850_0076.png [[373, 78], [376, 75], [368, 72], [351, 72], [369, 120], [327, 109], [383, 169], [309, 153], [399, 212], [299, 192], [368, 210], [336, 212], [359, 281], [333, 280], [343, 346], [326, 353]]
data_grass\cam2_pose\cam2_20241214_165850_0077.png [[376, 80], [378, 77], [371, 74], [353, 74], [371, 122], [331, 111], [384, 171], [313, 154], [400, 214], [303, 189], [370, 209], [338, 212], [360, 282], [334, 279], [344, 347], [327, 352]]
data_grass\cam2_pose\cam2_20241214_165850_0078.png [[377, 82], [379, 78], [372, 75], [355, 75], [371, 122], [332, 111], [385, 170], [314, 154], [400, 213], [304, 191], [371, 210], [340, 210], [361, 281], [335, 280], [344, 347], [328, 353]]
data_grass\cam2_pose\cam2_20241214_165851_0079.png [[379, 83], [381, 80], [374, 76], [357, 77], [376, 125], [333, 113], [388, 174], [314, 156], [403, 213], [306, 191], [372, 212], [341, 213], [362, 282], [338, 281], [345, 347], [329, 353]]
data_grass\cam2_pose\cam2_20241214_165851_0080.png [[379, 83], [382, 79], [374, 76], [357, 77], [377, 125], [333, 113], [389, 175], [314, 155], [406, 215], [304, 189], [372, 212], [341, 212], [362, 283], [337, 280], [345, 347], [328, 350]]
data_grass\cam2_pose\cam2_20241214_165851_0081.png [[378, 83], [381, 78], [373, 76], [357, 76], [377, 125], [333, 113], [389, 174], [314, 155], [406, 213], [304, 189], [372, 211], [341, 212], [362, 281], [338, 278], [345, 346], [328, 349]]
data_grass\cam2_pose\cam2_20241214_165851_0082.png [[376, 83], [379, 78], [371, 76], [354, 77], [375, 125], [331, 114], [389, 175], [312, 156], [405, 216], [301, 190], [371, 211], [340, 213], [363, 283], [337, 280], [345, 347], [328, 351]]
data_grass\cam2_pose\cam2_20241214_165851_0083.png [[375, 83], [379, 79], [370, 76], [353, 77], [375, 126], [330, 114], [388, 175], [311, 156], [404, 216], [301, 189], [371, 215], [339, 215], [363, 283], [337, 281], [345, 347], [328, 350]]
data_grass\cam2_pose\cam2_20241214_165851_0084.png [[372, 81], [376, 77], [367, 75], [350, 76], [373, 125], [326, 115], [387, 175], [307, 158], [404, 215], [298, 195], [370, 212], [336, 213], [362, 284], [335, 282], [345, 347], [327, 351]]
data_grass\cam2_pose\cam2_20241214_165851_0085.png [[371, 79], [374, 76], [365, 72], [348, 75], [373, 123], [325, 113], [387, 174], [304, 155], [406, 214], [294, 189], [369, 210], [334, 211], [363, 282], [332, 281], [345, 345], [327, 351]]
data_grass\cam2_pose\cam2_20241214_165851_0086.png [[371, 79], [374, 75], [365, 72], [348, 74], [373, 123], [325, 113], [388, 174], [304, 155], [406, 214], [293, 188], [369, 214], [335, 215], [363, 284], [332, 283], [346, 345], [327, 353]]
data_grass\cam2_pose\cam2_20241214_165851_0087.png [[372, 79], [376, 75], [366, 72], [350, 74], [376, 124], [326, 113], [390, 174], [303, 154], [410, 216], [292, 186], [371, 216], [336, 217], [365, 284], [330, 285], [355, 347], [326, 353]]
data_grass\cam2_pose\cam2_20241214_165851_0088.png [[372, 79], [376, 75], [367, 72], [350, 75], [377, 125], [326, 114], [391, 176], [304, 155], [411, 216], [292, 186], [372, 218], [336, 218], [366, 285], [330, 287], [355, 347], [326, 353]]
data_grass\cam2_pose\cam2_20241214_165852_0089.png [[376, 81], [379, 77], [369, 74], [353, 77], [382, 126], [330, 117], [397, 176], [307, 159], [418, 219], [293, 191], [374, 218], [338, 218], [367, 285], [333, 286], [353, 347], [329, 351]]
data_grass\cam2_pose\cam2_20241214_165852_0090.png [[378, 80], [382, 77], [371, 74], [356, 77], [386, 126], [334, 117], [401, 176], [308, 159], [423, 215], [293, 192], [376, 217], [340, 214], [366, 285], [335, 284], [354, 347], [328, 349]]
data_grass\cam2_pose\cam2_20241214_165852_0091.png [[377, 80], [381, 76], [371, 74], [356, 77], [387, 125], [334, 116], [403, 175], [307, 157], [426, 214], [291, 191], [376, 214], [340, 212], [365, 284], [337, 282], [354, 347], [326, 349]]
data_grass\cam2_pose\cam2_20241214_165852_0092.png [[373, 80], [377, 76], [366, 74], [352, 77], [385, 125], [330, 119], [403, 174], [304, 159], [426, 212], [286, 191], [376, 217], [339, 215], [365, 284], [336, 284], [353, 348], [326, 350]]
data_grass\cam2_pose\cam2_20241214_165852_0093.png [[371, 80], [376, 76], [365, 74], [350, 78], [384, 125], [329, 119], [403, 176], [302, 160], [428, 214], [283, 193], [375, 218], [338, 217], [365, 284], [336, 284], [354, 349], [326, 350]]
data_grass\cam2_pose\cam2_20241214_165852_0094.png [[366, 80], [370, 75], [359, 74], [345, 77], [380, 125], [324, 119], [400, 175], [296, 162], [426, 213], [273, 197], [370, 217], [333, 215], [364, 285], [333, 285], [354, 348], [326, 351]]
data_grass\cam2_pose\cam2_20241214_165852_0095.png [[362, 78], [367, 74], [356, 72], [342, 76], [377, 125], [320, 119], [397, 174], [292, 161], [422, 211], [268, 195], [368, 217], [330, 215], [362, 284], [328, 287], [354, 348], [325, 351]]
data_grass\cam2_pose\cam2_20241214_165852_0096.png [[361, 78], [365, 73], [354, 72], [341, 76], [376, 124], [320, 117], [396, 174], [290, 159], [424, 213], [268, 191], [367, 215], [329, 214], [362, 284], [327, 286], [354, 347], [325, 351]]
data_grass\cam2_pose\cam2_20241214_165852_0097.png [[360, 77], [365, 73], [353, 71], [340, 75], [375, 123], [318, 116], [395, 173], [289, 156], [422, 212], [265, 190], [367, 215], [328, 215], [362, 285], [326, 285], [355, 347], [325, 352]]
data_grass\cam2_pose\cam2_20241214_165852_0098.png [[360, 78], [365, 73], [354, 71], [341, 75], [377, 123], [320, 116], [397, 173], [290, 156], [423, 213], [266, 189], [367, 214], [330, 214], [362, 285], [326, 286], [355, 349], [325, 351]]
data_grass\cam2_pose\cam2_20241214_165853_0099.png [[360, 78], [365, 74], [354, 72], [342, 75], [377, 124], [321, 116], [398, 174], [290, 157], [424, 213], [267, 189], [368, 216], [330, 215], [362, 287], [326, 289], [355, 350], [325, 352]]
data_grass\cam2_pose\cam2_20241214_165853_0100.png [[363, 78], [368, 74], [357, 72], [373, 79], [346, 76], [382, 123], [324, 118], [403, 173], [294, 160], [429, 212], [269, 191], [371, 217], [332, 214], [365, 287], [328, 289], [355, 350], [324, 351]]
data_grass\cam2_pose\cam2_20241214_165853_0101.png [[364, 77], [369, 72], [357, 71], [374, 77], [347, 75], [384, 122], [326, 118], [405, 170], [295, 159], [431, 209], [270, 191], [371, 219], [333, 215], [365, 287], [328, 289], [355, 350], [323, 350]]
data_grass\cam2_pose\cam2_20241214_165853_0102.png [[364, 76], [369, 71], [357, 71], [374, 76], [346, 75], [385, 122], [326, 117], [406, 171], [295, 159], [432, 210], [269, 191], [371, 217], [332, 213], [364, 287], [328, 287], [355, 350], [323, 349]]
data_grass\cam2_pose\cam2_20241214_165853_0103.png [[361, 75], [367, 71], [355, 70], [372, 78], [344, 75], [383, 121], [325, 117], [407, 169], [294, 159], [433, 208], [266, 192], [369, 210], [332, 209], [361, 285], [328, 284], [355, 350], [323, 350]]
data_grass\cam2_pose\cam2_20241214_165853_0104.png [[360, 75], [365, 71], [353, 69], [371, 77], [343, 75], [383, 122], [324, 117], [406, 170], [293, 160], [434, 209], [266, 193], [369, 212], [331, 210], [361, 286], [328, 287], [355, 350], [323, 350]]
data_grass\cam2_pose\cam2_20241214_165853_0105.png [[349, 76], [355, 72], [343, 71], [362, 78], [334, 77], [375, 122], [317, 119], [398, 169], [287, 161], [425, 207], [259, 194], [363, 212], [326, 210], [359, 286], [325, 287], [355, 349], [323, 350]]
data_grass\cam2_pose\cam2_20241214_165853_0106.png [[348, 76], [354, 72], [343, 71], [361, 78], [333, 77], [374, 122], [316, 119], [399, 170], [285, 161], [424, 207], [257, 194], [362, 210], [325, 209], [359, 285], [325, 285], [355, 349], [323, 350]]
data_grass\cam2_pose\cam2_20241214_165853_0107.png [[346, 75], [352, 71], [341, 70], [360, 77], [332, 76], [373, 121], [314, 119], [397, 168], [284, 162], [423, 207], [254, 195], [361, 210], [323, 209], [360, 283], [323, 284], [359, 347], [323, 350]]
data_grass\cam2_pose\cam2_20241214_165853_0108.png [[346, 75], [352, 71], [341, 71], [360, 77], [332, 75], [373, 122], [315, 119], [397, 169], [284, 161], [424, 208], [253, 197], [361, 208], [323, 207], [360, 282], [324, 283], [360, 347], [323, 349]]
data_grass\cam2_pose\cam2_20241214_165854_0109.png [[348, 75], [354, 71], [343, 70], [362, 77], [334, 76], [376, 120], [317, 118], [400, 169], [287, 161], [426, 207], [257, 196], [364, 212], [326, 210], [364, 285], [325, 287], [364, 349], [322, 351]]
data_grass\cam2_pose\cam2_20241214_165854_0110.png [[352, 75], [357, 71], [346, 70], [367, 77], [338, 77], [381, 122], [323, 120], [406, 169], [292, 164], [431, 207], [260, 198], [369, 215], [330, 214], [367, 286], [327, 287], [364, 351], [323, 350]]
data_grass\cam2_pose\cam2_20241214_165854_0111.png [[355, 74], [361, 69], [350, 69], [371, 75], [343, 76], [388, 120], [328, 119], [411, 168], [297, 165], [436, 208], [264, 200], [373, 213], [334, 212], [370, 284], [331, 285], [364, 351], [323, 349]]
data_grass\cam2_pose\cam2_20241214_165854_0112.png [[356, 72], [363, 68], [350, 68], [372, 74], [344, 75], [388, 117], [329, 118], [414, 166], [299, 165], [439, 205], [268, 200], [373, 215], [334, 213], [369, 289], [331, 286], [364, 351], [324, 349]]
data_grass\cam2_pose\cam2_20241214_165854_0113.png [[356, 72], [363, 68], [350, 67], [372, 73], [344, 75], [388, 117], [329, 118], [415, 165], [299, 165], [439, 204], [266, 201], [372, 217], [334, 213], [369, 290], [331, 287], [364, 351], [324, 348]]
data_grass\cam2_pose\cam2_20241214_165854_0114.png [[353, 72], [359, 68], [347, 68], [370, 73], [341, 75], [387, 117], [328, 119], [413, 164], [298, 165], [437, 204], [268, 199], [371, 216], [332, 213], [368, 290], [329, 288], [363, 351], [326, 350]]
data_grass\cam2_pose\cam2_20241214_165854_0115.png [[347, 75], [353, 70], [341, 71], [364, 75], [336, 77], [380, 119], [322, 121], [408, 165], [294, 166], [431, 204], [262, 201], [369, 215], [329, 213], [367, 290], [329, 288], [364, 351], [325, 353]]
data_grass\cam2_pose\cam2_20241214_165854_0116.png [[340, 75], [346, 70], [334, 71], [358, 75], [330, 77], [375, 119], [318, 122], [402, 165], [289, 167], [426, 202], [257, 203], [364, 213], [325, 212], [362, 289], [325, 289], [364, 351], [325, 353]]
data_grass\cam2_pose\cam2_20241214_165854_0117.png [[339, 75], [345, 70], [334, 70], [357, 75], [375, 119], [317, 122], [401, 165], [289, 168], [425, 201], [257, 201], [363, 210], [324, 210], [362, 285], [324, 288], [364, 350], [325, 352]]
data_grass\cam2_pose\cam2_20241214_165855_0118.png [[336, 75], [341, 70], [331, 71], [355, 74], [373, 119], [316, 122], [399, 164], [288, 167], [422, 201], [258, 200], [362, 212], [323, 211], [362, 288], [323, 287], [365, 349], [325, 352]]
data_grass\cam2_pose\cam2_20241214_165855_0119.png [[338, 75], [344, 69], [333, 70], [357, 73], [375, 117], [318, 121], [400, 163], [291, 168], [422, 201], [260, 203], [363, 209], [325, 209], [363, 288], [325, 288], [365, 353], [325, 353]]
data_grass\cam2_pose\cam2_20241214_165855_0120.png [[343, 75], [348, 69], [338, 71], [363, 73], [382, 117], [325, 120], [404, 164], [299, 168], [425, 203], [267, 202], [367, 212], [329, 210], [365, 290], [326, 286], [364, 356], [325, 353]]
data_grass\cam2_pose\cam2_20241214_165855_0121.png [[348, 73], [354, 67], [344, 69], [369, 71], [387, 115], [331, 119], [410, 162], [305, 167], [431, 204], [273, 202], [370, 214], [332, 211], [368, 290], [328, 284], [365, 356], [325, 351]]
data_grass\cam2_pose\cam2_20241214_165855_0122.png [[349, 72], [355, 66], [345, 68], [370, 71], [388, 114], [332, 119], [411, 162], [305, 166], [433, 204], [275, 201], [371, 212], [334, 209], [368, 289], [328, 284], [365, 356], [325, 350]]
data_grass\cam2_pose\cam2_20241214_165855_0123.png [[351, 71], [356, 65], [347, 67], [372, 69], [390, 113], [334, 118], [413, 159], [308, 165], [434, 201], [277, 201], [371, 210], [334, 207], [368, 289], [328, 282], [365, 356], [327, 348]]
data_grass\cam2_pose\cam2_20241214_165855_0124.png [[350, 71], [356, 65], [346, 67], [372, 69], [390, 112], [334, 117], [413, 158], [310, 164], [434, 200], [279, 199], [371, 210], [334, 206], [368, 289], [328, 282], [365, 355], [328, 348]]
data_grass\cam2_pose\cam2_20241214_165855_0125.png [[347, 72], [353, 66], [344, 68], [369, 70], [387, 114], [332, 119], [410, 160], [308, 165], [431, 200], [277, 203], [369, 210], [333, 208], [367, 286], [328, 283], [365, 355], [328, 349]]
data_grass\cam2_pose\cam2_20241214_165855_0126.png [[346, 74], [352, 67], [343, 69], [368, 71], [385, 114], [332, 120], [409, 160], [307, 166], [430, 200], [277, 203], [369, 210], [334, 208], [367, 285], [328, 283], [365, 355], [328, 349]]
data_grass\cam2_pose\cam2_20241214_165855_0127.png [[340, 76], [345, 70], [337, 72], [361, 73], [380, 115], [328, 122], [404, 162], [306, 168], [424, 199], [275, 204], [365, 212], [329, 209], [363, 284], [329, 284], [365, 355], [329, 350]]
data_grass\cam2_pose\cam2_20241214_165856_0128.png [[338, 76], [344, 71], [336, 72], [360, 74], [378, 115], [328, 122], [401, 161], [305, 168], [422, 198], [275, 204], [362, 210], [328, 208], [362, 284], [328, 285], [364, 356], [329, 350]]
data_grass\cam2_pose\cam2_20241214_165856_0129.png [[332, 78], [337, 72], [329, 74], [355, 75], [372, 116], [323, 123], [396, 161], [302, 169], [416, 201], [273, 205], [358, 212], [325, 210], [358, 288], [325, 287], [364, 356], [329, 351]]
data_grass\cam2_pose\cam2_20241214_165856_0130.png [[329, 79], [334, 72], [326, 75], [351, 75], [369, 117], [321, 124], [391, 161], [299, 170], [410, 199], [273, 206], [355, 211], [323, 208], [352, 286], [325, 286], [362, 354], [329, 351]]
data_grass\cam2_pose\cam2_20241214_165856_0131.png [[329, 79], [333, 73], [326, 75], [350, 76], [369, 117], [321, 123], [390, 161], [299, 170], [409, 199], [272, 206], [355, 211], [323, 208], [352, 286], [325, 286], [360, 354], [329, 351]]
data_grass\cam2_pose\cam2_20241214_165856_0132.png [[329, 79], [333, 73], [326, 75], [351, 76], [368, 115], [322, 123], [389, 161], [302, 170], [407, 201], [274, 206], [356, 212], [323, 209], [352, 287], [325, 287], [355, 357], [330, 351]]
data_grass\cam2_pose\cam2_20241214_165856_0133.png [[329, 79], [334, 73], [327, 75], [352, 75], [368, 115], [323, 123], [390, 160], [302, 170], [407, 200], [275, 207], [356, 209], [324, 206], [352, 287], [326, 287], [355, 357], [330, 351]]
data_grass\cam2_pose\cam2_20241214_165856_0134.png [[329, 79], [334, 72], [327, 75], [352, 75], [370, 116], [324, 123], [391, 161], [304, 170], [407, 201], [276, 207], [357, 211], [325, 209], [352, 287], [326, 287], [355, 358], [329, 351]]
data_grass\cam2_pose\cam2_20241214_165856_0135.png [[333, 77], [337, 71], [331, 74], [356, 74], [372, 111], [329, 121], [392, 158], [308, 169], [408, 198], [283, 206], [359, 210], [328, 207], [353, 285], [326, 285], [354, 358], [329, 351]]
data_grass\cam2_pose\cam2_20241214_165856_0136.png [[335, 75], [339, 69], [333, 72], [358, 72], [374, 110], [332, 120], [394, 157], [312, 168], [407, 197], [287, 204], [362, 210], [331, 207], [357, 284], [325, 282], [355, 357], [329, 350]]
data_grass\cam2_pose\cam2_20241214_165856_0137.png [[335, 75], [340, 69], [334, 71], [358, 72], [374, 110], [332, 120], [394, 156], [312, 168], [407, 197], [287, 205], [363, 210], [331, 207], [356, 286], [325, 282], [355, 357], [329, 349]]
data_grass\cam2_pose\cam2_20241214_165856_0138.png [[335, 75], [340, 69], [334, 71], [358, 72], [375, 110], [333, 121], [394, 157], [313, 168], [406, 197], [287, 204], [364, 209], [331, 206], [356, 285], [324, 282], [355, 357], [330, 349]]
data_grass\cam2_pose\cam2_20241214_165856_0139.png [[335, 77], [340, 70], [334, 72], [358, 72], [373, 110], [334, 120], [392, 157], [314, 168], [404, 197], [289, 205], [362, 209], [332, 206], [357, 287], [327, 285], [355, 357], [333, 349]]
data_grass\cam2_pose\cam2_20241214_165857_0140.png [[335, 77], [340, 71], [334, 73], [358, 73], [373, 110], [336, 117], [392, 158], [314, 167], [404, 197], [290, 206], [362, 207], [331, 205], [358, 284], [328, 284], [355, 357], [333, 350]]
data_grass\cam2_pose\cam2_20241214_165857_0141.png [[334, 78], [339, 72], [332, 75], [357, 74], [372, 111], [335, 119], [390, 158], [313, 170], [402, 197], [290, 207], [360, 212], [331, 210], [356, 287], [332, 283], [354, 358], [333, 350]]
data_grass\cam2_pose\cam2_20241214_165857_0142.png [[334, 78], [338, 72], [332, 75], [357, 74], [371, 111], [336, 117], [390, 157], [314, 168], [401, 197], [290, 206], [361, 211], [331, 209], [356, 285], [332, 284], [355, 358], [333, 351]]
data_grass\cam2_pose\cam2_20241214_165857_0143.png [[333, 79], [337, 73], [332, 75], [356, 75], [371, 112], [335, 119], [388, 158], [313, 170], [400, 196], [290, 207], [359, 212], [331, 209], [355, 285], [332, 284], [354, 357], [334, 350]]
data_grass\cam2_pose\cam2_20241214_165857_0144.png [[333, 78], [337, 72], [331, 75], [356, 75], [370, 112], [334, 118], [386, 158], [313, 170], [398, 196], [290, 207], [359, 210], [331, 208], [354, 284], [331, 283], [355, 357], [334, 350]]
data_grass\cam2_pose\cam2_20241214_165857_0145.png [[333, 78], [337, 72], [331, 75], [356, 75], [370, 112], [334, 118], [386, 158], [313, 170], [398, 196], [290, 207], [359, 210], [331, 208], [354, 284], [331, 283], [355, 357], [334, 350]]
data_grass\cam2_pose\cam2_20241214_165857_0146.png [[333, 79], [337, 73], [331, 75], [356, 75], [370, 112], [334, 121], [386, 157], [312, 170], [397, 196], [288, 209], [357, 210], [329, 208], [354, 284], [331, 283], [355, 357], [334, 350]]
data_grass\cam2_pose\cam2_20241214_165857_0147.png [[333, 79], [337, 73], [331, 76], [355, 75], [370, 112], [335, 119], [387, 157], [312, 170], [398, 196], [288, 207], [359, 210], [331, 207], [354, 285], [331, 284], [355, 357], [334, 350]]
data_grass\cam2_pose\cam2_20241214_165857_0148.png [[332, 79], [337, 73], [331, 75], [355, 75], [370, 112], [334, 119], [386, 157], [311, 170], [398, 195], [288, 209], [358, 212], [330, 210], [355, 285], [331, 284], [355, 357], [334, 351]]
data_grass\cam2_pose\cam2_20241214_165857_0149.png [[333, 78], [337, 72], [331, 75], [355, 75], [370, 112], [334, 118], [386, 157], [311, 171], [398, 196], [288, 209], [358, 211], [330, 210], [355, 286], [331, 284], [354, 358], [334, 351]]
data_grass\cam2_pose\cam2_20241214_165858_0150.png [[332, 78], [337, 72], [331, 75], [355, 75], [369, 112], [334, 117], [387, 157], [312, 169], [399, 196], [289, 208], [358, 210], [330, 209], [355, 285], [331, 283], [354, 358], [334, 350]]
data_grass\cam2_pose\cam2_20241214_165858_0151.png [[332, 78], [337, 72], [331, 75], [356, 75], [370, 112], [334, 118], [387, 157], [312, 171], [398, 195], [287, 209], [359, 210], [331, 208], [355, 285], [331, 283], [355, 357], [334, 350]]
data_grass\cam2_pose\cam2_20241214_165858_0152.png [[332, 78], [337, 72], [331, 75], [356, 75], [370, 112], [334, 120], [387, 157], [311, 171], [399, 196], [288, 208], [358, 210], [331, 208], [355, 285], [331, 283], [354, 357], [334, 350]]
data_grass\cam2_pose\cam2_20241214_165858_0153.png [[333, 78], [337, 73], [331, 75], [355, 75], [370, 112], [334, 119], [387, 157], [312, 170], [399, 196], [288, 209], [359, 212], [330, 209], [355, 286], [331, 284], [355, 357], [334, 350]]
data_grass\cam2_pose\cam2_20241214_165858_0154.png [[333, 78], [337, 73], [331, 75], [356, 75], [370, 112], [334, 118], [388, 158], [312, 169], [399, 195], [289, 207], [359, 210], [331, 208], [355, 285], [331, 283], [355, 357], [334, 350]]
data_grass\cam2_pose\cam2_20241214_165858_0155.png [[333, 79], [337, 73], [331, 75], [355, 75], [370, 112], [334, 121], [387, 157], [312, 171], [399, 196], [289, 209], [359, 214], [331, 211], [355, 287], [331, 285], [354, 358], [334, 351]]
data_grass\cam2_pose\cam2_20241214_165858_0156.png [[333, 78], [338, 72], [331, 75], [356, 75], [370, 113], [335, 119], [387, 158], [313, 170], [399, 196], [289, 208], [359, 211], [331, 209], [355, 285], [331, 284], [355, 357], [334, 350]]
data_grass\cam2_pose\cam2_20241214_165858_0157.png [[333, 78], [337, 72], [331, 75], [356, 76], [370, 113], [335, 119], [387, 157], [313, 171], [399, 195], [289, 209], [359, 211], [331, 208], [355, 285], [331, 284], [354, 357], [334, 350]]
data_grass\cam2_pose\cam2_20241214_165858_0158.png [[333, 79], [337, 73], [331, 75], [356, 75], [370, 112], [334, 119], [388, 158], [313, 170], [399, 196], [289, 209], [359, 211], [331, 208], [355, 285], [331, 283], [354, 357], [334, 350]]
data_grass\cam2_pose\cam2_20241214_165858_0159.png [[333, 78], [337, 73], [331, 75], [356, 75], [370, 112], [335, 118], [387, 158], [313, 169], [399, 196], [290, 207], [359, 210], [331, 207], [355, 285], [331, 284], [354, 358], [334, 350]]
data_grass\cam2_pose\cam2_20241214_165858_0160.png [[333, 78], [337, 73], [331, 75], [356, 76], [370, 112], [334, 119], [386, 156], [313, 170], [399, 196], [289, 209], [360, 211], [332, 209], [354, 285], [331, 284], [355, 358], [334, 350]]
data_grass\cam2_pose\cam2_20241214_165859_0161.png [[333, 79], [337, 73], [331, 75], [356, 75], [370, 113], [335, 118], [388, 157], [312, 171], [399, 195], [289, 209], [358, 212], [331, 209], [355, 287], [331, 285], [354, 358], [334, 350]]
data_grass\cam2_pose\cam2_20241214_165859_0162.png [[333, 80], [337, 74], [331, 76], [356, 75], [370, 113], [334, 120], [387, 157], [312, 171], [399, 195], [289, 208], [359, 212], [331, 210], [354, 287], [331, 285], [354, 358], [334, 351]]
data_grass\cam2_pose\cam2_20241214_165859_0163.png [[332, 79], [336, 74], [331, 75], [355, 76], [369, 112], [334, 119], [386, 156], [312, 171], [397, 195], [289, 208], [358, 209], [330, 206], [353, 286], [329, 284], [354, 357], [334, 350]]
data_grass\cam2_pose\cam2_20241214_165859_0164.png [[331, 80], [335, 74], [330, 75], [354, 76], [368, 111], [334, 121], [386, 156], [311, 171], [397, 195], [287, 209], [356, 209], [330, 206], [353, 286], [329, 284], [355, 357], [333, 350]]
data_grass\cam2_pose\cam2_20241214_165859_0165.png [[328, 82], [333, 76], [326, 78], [351, 77], [366, 112], [333, 118], [382, 156], [312, 173], [393, 195], [288, 210], [355, 210], [329, 209], [350, 286], [328, 287], [354, 356], [333, 351]]
data_grass\cam2_pose\cam2_20241214_165859_0166.png [[328, 81], [332, 76], [326, 78], [350, 77], [365, 111], [332, 118], [381, 156], [313, 171], [392, 195], [290, 208], [356, 209], [330, 207], [349, 285], [329, 284], [354, 356], [334, 351]]
data_grass\cam2_pose\cam2_20241214_165859_0167.png [[327, 81], [331, 75], [326, 76], [349, 75], [365, 110], [336, 115], [378, 155], [321, 169], [385, 198], [298, 209], [356, 208], [334, 206], [348, 285], [330, 285], [355, 358], [334, 350]]
data_grass\cam2_pose\cam2_20241214_165859_0168.png [[327, 81], [331, 75], [326, 76], [350, 75], [366, 110], [335, 114], [377, 154], [323, 170], [384, 196], [300, 209], [358, 206], [335, 206], [349, 284], [330, 285], [355, 357], [334, 351]]
data_grass\cam2_pose\cam2_20241214_165859_0169.png [[329, 80], [332, 74], [350, 74], [368, 109], [337, 114], [378, 153], [329, 169], [380, 198], [307, 209], [359, 205], [337, 204], [350, 285], [329, 285], [355, 358], [334, 350]]
data_grass\cam2_pose\cam2_20241214_165859_0170.png [[329, 79], [332, 73], [351, 72], [368, 107], [341, 111], [378, 154], [333, 167], [379, 197], [313, 207], [359, 205], [338, 204], [350, 288], [332, 286], [355, 358], [334, 350]]
data_grass\cam2_pose\cam2_20241214_165900_0171.png [[328, 78], [331, 72], [350, 70], [367, 106], [345, 109], [373, 152], [335, 166], [374, 196], [316, 207], [360, 200], [341, 200], [349, 282], [334, 282], [354, 357], [337, 348]]
data_grass\cam2_pose\cam2_20241214_165900_0172.png [[328, 78], [330, 72], [349, 69], [367, 105], [349, 108], [373, 151], [335, 167], [373, 195], [317, 207], [359, 202], [341, 201], [349, 282], [334, 282], [354, 356], [339, 347]]
data_grass\cam2_pose\cam2_20241214_165900_0173.png [[328, 79], [330, 73], [349, 70], [366, 106], [349, 108], [369, 150], [336, 164], [368, 193], [320, 208], [359, 201], [342, 200], [349, 282], [335, 281], [353, 356], [341, 349]]
data_grass\cam2_pose\cam2_20241214_165900_0174.png [[327, 79], [330, 73], [349, 71], [365, 107], [348, 108], [369, 150], [336, 165], [368, 194], [319, 210], [357, 201], [341, 200], [349, 282], [335, 281], [353, 357], [341, 350]]
data_grass\cam2_pose\cam2_20241214_165900_0175.png [[326, 82], [330, 77], [349, 76], [364, 110], [340, 113], [368, 152], [334, 168], [368, 194], [316, 210], [355, 204], [339, 205], [346, 284], [332, 284], [353, 357], [341, 350]]
data_grass\cam2_pose\cam2_20241214_165900_0176.png [[326, 83], [329, 77], [349, 76], [363, 109], [342, 113], [368, 152], [334, 167], [368, 195], [315, 209], [355, 204], [339, 206], [345, 284], [332, 284], [353, 357], [341, 350]]
data_grass\cam2_pose\cam2_20241214_165900_0177.png [[326, 83], [331, 77], [325, 78], [349, 78], [361, 111], [338, 116], [367, 152], [326, 172], [370, 194], [309, 212], [355, 204], [336, 205], [343, 281], [331, 282], [352, 356], [341, 351]]
data_grass\cam2_pose\cam2_20241214_165900_0178.png [[325, 82], [330, 77], [324, 78], [348, 79], [360, 111], [337, 116], [368, 152], [326, 172], [370, 192], [308, 212], [353, 205], [335, 207], [343, 283], [331, 283], [353, 357], [341, 351]]
data_grass\cam2_pose\cam2_20241214_165900_0179.png [[325, 83], [330, 77], [322, 79], [347, 79], [358, 110], [332, 117], [368, 152], [320, 175], [373, 189], [302, 214], [353, 204], [334, 206], [344, 282], [330, 284], [353, 355], [341, 351]]
data_grass\cam2_pose\cam2_20241214_165900_0180.png [[325, 83], [330, 77], [322, 79], [347, 80], [358, 110], [331, 117], [368, 153], [320, 174], [374, 193], [301, 213], [352, 207], [332, 208], [344, 282], [330, 284], [353, 355], [341, 350]]
data_grass\cam2_pose\cam2_20241214_165900_0181.png [[326, 81], [332, 76], [324, 78], [349, 80], [359, 111], [328, 117], [371, 154], [317, 170], [379, 192], [297, 210], [353, 205], [331, 205], [344, 282], [330, 285], [355, 354], [341, 350]]
data_grass\cam2_pose\cam2_20241214_165901_0182.png [[331, 80], [337, 75], [328, 76], [352, 79], [361, 111], [330, 116], [375, 154], [315, 172], [384, 193], [292, 211], [354, 206], [330, 206], [346, 282], [330, 285], [354, 355], [340, 349]]
data_grass\cam2_pose\cam2_20241214_165901_0183.png [[331, 80], [337, 74], [329, 76], [353, 78], [362, 111], [331, 116], [377, 154], [314, 171], [385, 192], [292, 209], [354, 206], [329, 206], [346, 283], [329, 286], [355, 356], [340, 349]]
data_grass\cam2_pose\cam2_20241214_165901_0184.png [[338, 77], [344, 72], [335, 74], [359, 77], [367, 110], [335, 115], [383, 155], [312, 169], [392, 194], [287, 208], [355, 206], [329, 205], [348, 281], [329, 284], [354, 354], [339, 349]]
data_grass\cam2_pose\cam2_20241214_165901_0185.png [[344, 74], [351, 70], [340, 71], [364, 75], [371, 109], [335, 116], [389, 153], [312, 167], [400, 194], [286, 204], [359, 206], [331, 205], [352, 282], [328, 284], [355, 354], [338, 349]]
data_grass\cam2_pose\cam2_20241214_165901_0186.png [[346, 71], [353, 67], [342, 66], [365, 73], [374, 110], [331, 119], [392, 155], [310, 167], [405, 195], [281, 204], [361, 206], [330, 204], [353, 283], [326, 282], [355, 356], [332, 347]]
data_grass\cam2_pose\cam2_20241214_165901_0187.png [[345, 70], [352, 66], [341, 65], [365, 73], [374, 110], [330, 118], [393, 156], [308, 165], [406, 196], [281, 202], [361, 207], [329, 205], [354, 284], [326, 282], [355, 356], [329, 347]]
data_grass\cam2_pose\cam2_20241214_165901_0188.png [[343, 70], [350, 65], [338, 65], [362, 73], [373, 112], [325, 120], [394, 157], [304, 167], [409, 197], [274, 203], [360, 207], [326, 205], [356, 284], [323, 279], [356, 357], [323, 348]]
data_grass\cam2_pose\cam2_20241214_165901_0189.png [[337, 73], [344, 68], [333, 68], [356, 75], [370, 115], [321, 122], [392, 159], [297, 168], [410, 198], [267, 204], [356, 209], [322, 206], [356, 284], [323, 283], [356, 356], [324, 350]]
data_grass\cam2_pose\cam2_20241214_165901_0190.png [[336, 74], [343, 70], [331, 69], [355, 75], [368, 115], [319, 122], [391, 159], [295, 170], [409, 196], [266, 203], [356, 209], [322, 207], [355, 285], [323, 284], [356, 356], [325, 350]]
data_grass\cam2_pose\cam2_20241214_165902_0191.png [[328, 75], [334, 70], [322, 71], [346, 77], [361, 116], [309, 124], [386, 158], [287, 171], [406, 194], [258, 207], [350, 211], [316, 210], [352, 289], [320, 287], [353, 354], [323, 351]]
data_grass\cam2_pose\cam2_20241214_165902_0192.png [[327, 75], [333, 70], [322, 71], [345, 77], [360, 116], [308, 124], [385, 158], [286, 171], [405, 194], [258, 206], [350, 212], [316, 211], [351, 286], [319, 285], [353, 353], [323, 351]]
data_grass\cam2_pose\cam2_20241214_165902_0193.png [[327, 75], [333, 70], [322, 71], [345, 77], [361, 116], [308, 125], [385, 159], [285, 172], [407, 195], [257, 207], [350, 212], [316, 212], [351, 287], [320, 286], [353, 350], [323, 351]]
data_grass\cam2_pose\cam2_20241214_165902_0194.png [[329, 75], [335, 71], [324, 71], [346, 77], [319, 77], [361, 117], [308, 125], [388, 160], [285, 172], [409, 195], [256, 206], [351, 213], [316, 212], [350, 288], [320, 287], [352, 349], [323, 351]]
data_grass\cam2_pose\cam2_20241214_165902_0195.png [[330, 75], [336, 71], [325, 71], [347, 77], [362, 117], [309, 125], [388, 162], [286, 171], [412, 199], [255, 207], [353, 215], [317, 214], [350, 288], [320, 288], [351, 349], [323, 350]]
data_grass\cam2_pose\cam2_20241214_165902_0196.png [[336, 76], [343, 72], [331, 71], [353, 77], [326, 77], [368, 119], [313, 123], [395, 164], [288, 170], [418, 201], [260, 204], [357, 214], [319, 212], [352, 288], [320, 287], [351, 351], [322, 350]]
data_grass\cam2_pose\cam2_20241214_165902_0197.png [[338, 75], [345, 71], [333, 70], [355, 77], [328, 77], [371, 120], [314, 123], [397, 166], [290, 170], [421, 203], [260, 204], [358, 214], [320, 212], [352, 289], [320, 287], [351, 351], [322, 350]]
data_grass\cam2_pose\cam2_20241214_165902_0198.png [[345, 75], [352, 71], [340, 71], [362, 77], [334, 77], [376, 120], [320, 122], [402, 165], [292, 168], [425, 204], [262, 201], [361, 212], [323, 210], [355, 288], [322, 286], [351, 351], [322, 349]]
data_grass\cam2_pose\cam2_20241214_165902_0199.png [[350, 74], [356, 70], [345, 69], [366, 77], [339, 75], [379, 120], [322, 120], [404, 166], [294, 165], [426, 204], [263, 197], [361, 213], [323, 210], [355, 290], [322, 286], [351, 351], [320, 348]]
