predicted >> actual
258.25558135015615 , 108.66066277643407  >>  259.13323974609375 , 112.3984146118164
271.59467266151734 , 113.21484361773783  >>  271.50958251953125 , 116.27393341064453
283.845115063167 , 117.39734216886255  >>  283.5263366699219 , 119.03467559814453
295.13495591051543 , 121.25187586146657  >>  295.312255859375 , 122.5114974975586
305.57291886562615 , 124.81556470674165  >>  306.418701171875 , 124.56517028808594
315.2519165586538 , 128.120130574663  >>  316.6295471191406 , 128.17361450195312
324.2518238913665 , 131.1928440445258  >>  327.8013610839844 , 130.1259307861328
332.64168738928817 , 134.05727871338857  >>  327.8023376464844 , 130.12449645996094
255.74381184149078 , 126.26955692546797  >>  250.59896850585938 , 126.93356323242188
268.9909022703302 , 130.0183324686846  >>  268.76031494140625 , 131.19183349609375
281.1721985718335 , 133.4655004264376  >>  280.65252685546875 , 134.38206481933594
292.4113493112642 , 136.6460519328105  >>  292.59063720703125 , 136.64617919921875
302.81358832913963 , 139.58976696475523  >>  303.5758056640625 , 139.72206115722656
312.4690397719117 , 142.32214962808933  >>  314.68145751953125 , 141.7487030029297
321.4553359734393 , 144.8651689881028  >>  324.8365783691406 , 144.94776916503906
329.8397092812028 , 147.23785103252482  >>  324.83673095703125 , 144.9488525390625
253.30840918816364 , 143.34307716080986  >>  253.5067138671875 , 143.40509033203125
266.4630262048093 , 146.33203563825984  >>  266.3979187011719 , 146.70318603515625
278.5741016170397 , 149.08388325789147  >>  278.21044921875 , 148.548583984375
289.76107256292454 , 151.62575822113652  >>  289.8459777832031 , 151.75071716308594
300.12581930910926 , 153.98080950194762  >>  300.825927734375 , 153.5549774169922
309.7557769039429 , 156.1689038686737  >>  311.66546630859375 , 156.4272918701172
318.726407701221 , 158.20718768458943  >>  322.7379150390625 , 157.90113830566406
327.10318284079716 , 160.11053713485816  >>  322.7360534667969 , 157.8979034423828
250.94594279945028 , 159.90527382176387  >>  251.38009643554688 , 159.32455444335938
264.0077738946436 , 162.17705982310034  >>  263.9949035644531 , 161.09027099609375
276.0477260682402 , 164.27111498316154  >>  275.12738037109375 , 163.78070068359375
287.18120352523596 , 166.20751104039624  >>  287.634033203125 , 165.630615234375
297.5068635872546 , 168.0034070225519  >>  298.2965087890625 , 168.2867889404297
307.1095481242253 , 169.67355909750623  >>  308.961181640625 , 169.6786346435547
316.0626200602509 , 171.23072695130784  >>  319.6791076660156 , 172.46817016601562
324.429841206581 , 172.68600039128629  >>  319.6798095703125 , 172.4683380126953
248.65318453410228 , 175.97877796478008  >>  249.08651733398438 , 173.7512664794922
261.62206002980975 , 177.57331613854643  >>  260.4413146972656 , 176.31491088867188
273.5901425161132 , 179.04480565955473  >>  272.7151184082031 , 177.80361938476562
284.6689732828065 , 180.40696065780696  >>  284.5167541503906 , 180.4799041748047
294.9541118885426 , 181.67153029106103  >>  296.1712646484375 , 181.7620086669922
304.52789952174396 , 182.84863850323595  >>  306.4909973144531 , 184.25839233398438
313.46166815970366 , 183.94705564306722  >>  317.40692138671875 , 185.31520080566406
321.8175210033747 , 184.97441737061388  >>  317.4078674316406 , 185.31515502929688
246.42709398352787 , 191.58490453650396  >>  245.13673400878906 , 188.82778930664062
259.3029716262338 , 192.5396035906755  >>  258.2818298339844 , 190.2686767578125
271.19857894133605 , 193.4216191990607  >>  269.3778381347656 , 192.649169921875
282.22175623197046 , 194.23894732420763  >>  282.3110046386719 , 193.75494384765625
292.46508520999475 , 194.9984525601422  >>  292.6962890625 , 195.92506408691406
302.0084955150657 , 195.7060613961879  >>  303.98046875 , 196.91131591796875
310.9213545807231 , 196.36691717286328  >>  314.67303466796875 , 199.10549926757812
319.26415650352703 , 196.98550530532768  >>  314.67352294921875 , 199.10594177246094