data_bruh_jack\cam1_pose\cam1_20241016_004659_0000.png [[329, 57], [335, 47], [359, 47], [377, 100], [360, 101], [374, 176], [335, 189], [373, 245], [325, 248], [358, 246], [342, 246], [365, 354], [348, 353], [380, 453], [359, 429]]
data_bruh_jack\cam1_pose\cam1_20241016_004659_0001.png [[329, 57], [335, 47], [359, 46], [377, 100], [360, 101], [374, 175], [334, 187], [373, 245], [325, 245], [358, 245], [341, 244], [365, 354], [347, 352], [380, 453], [359, 429]]
data_bruh_jack\cam1_pose\cam1_20241016_004659_0002.png [[329, 57], [335, 47], [360, 46], [377, 100], [360, 101], [374, 176], [334, 189], [373, 245], [325, 246], [358, 246], [342, 245], [364, 355], [346, 353], [380, 453], [358, 429]]
data_bruh_jack\cam1_pose\cam1_20241016_004659_0003.png [[329, 57], [335, 47], [360, 46], [377, 100], [360, 101], [374, 176], [334, 189], [373, 245], [325, 246], [358, 246], [342, 245], [364, 355], [346, 353], [380, 453], [358, 429]]
data_bruh_jack\cam1_pose\cam1_20241016_004659_0004.png [[329, 57], [335, 47], [360, 46], [377, 100], [360, 101], [375, 175], [335, 189], [373, 244], [326, 245], [358, 245], [341, 245], [364, 354], [345, 352], [380, 453], [358, 429]]
data_bruh_jack\cam1_pose\cam1_20241016_004659_0005.png [[330, 55], [336, 45], [361, 44], [380, 98], [361, 100], [376, 172], [335, 185], [375, 243], [326, 245], [358, 246], [339, 244], [361, 350], [340, 348], [378, 455], [355, 428]]
data_bruh_jack\cam1_pose\cam1_20241016_004659_0006.png [[330, 55], [336, 45], [361, 44], [380, 98], [360, 100], [377, 171], [335, 185], [376, 242], [326, 245], [358, 247], [338, 245], [361, 350], [339, 347], [378, 455], [355, 427]]
data_bruh_jack\cam1_pose\cam1_20241016_004700_0007.png [[329, 55], [335, 45], [361, 44], [379, 97], [359, 100], [377, 171], [335, 184], [376, 241], [326, 245], [357, 245], [339, 243], [360, 350], [339, 346], [378, 454], [353, 427]]
data_bruh_jack\cam1_pose\cam1_20241016_004700_0008.png [[329, 55], [335, 45], [361, 44], [379, 98], [358, 100], [377, 171], [335, 184], [376, 241], [325, 245], [357, 248], [338, 246], [360, 352], [339, 348], [378, 453], [352, 427]]
data_bruh_jack\cam1_pose\cam1_20241016_004700_0009.png [[329, 55], [335, 45], [361, 45], [378, 98], [357, 100], [377, 172], [334, 185], [376, 242], [323, 243], [358, 249], [337, 245], [360, 352], [338, 348], [378, 454], [351, 427]]
data_bruh_jack\cam1_pose\cam1_20241016_004700_0010.png [[327, 57], [334, 47], [327, 50], [359, 47], [376, 100], [353, 103], [377, 171], [334, 185], [378, 243], [321, 243], [358, 252], [336, 251], [359, 350], [337, 347], [377, 454], [352, 429]]
data_bruh_jack\cam1_pose\cam1_20241016_004700_0011.png [[327, 57], [333, 48], [326, 51], [358, 48], [376, 100], [352, 104], [377, 171], [333, 185], [379, 240], [320, 243], [358, 251], [336, 248], [358, 350], [337, 347], [377, 454], [352, 430]]
data_bruh_jack\cam1_pose\cam1_20241016_004700_0012.png [[326, 58], [332, 48], [325, 52], [358, 48], [375, 101], [349, 105], [377, 171], [332, 186], [381, 240], [318, 241], [358, 249], [335, 247], [358, 350], [338, 347], [377, 453], [352, 430]]
data_bruh_jack\cam1_pose\cam1_20241016_004700_0013.png [[326, 58], [332, 48], [325, 52], [358, 49], [375, 101], [348, 105], [377, 171], [332, 186], [382, 240], [319, 240], [359, 249], [336, 247], [359, 349], [338, 346], [376, 451], [352, 429]]
data_bruh_jack\cam1_pose\cam1_20241016_004700_0014.png [[326, 58], [332, 48], [325, 52], [358, 49], [374, 101], [348, 105], [377, 170], [332, 185], [382, 240], [319, 239], [358, 246], [337, 244], [359, 347], [338, 345], [377, 451], [352, 429]]
data_bruh_jack\cam1_pose\cam1_20241016_004700_0015.png [[326, 57], [332, 48], [325, 52], [358, 49], [375, 101], [346, 105], [378, 170], [332, 184], [383, 240], [319, 237], [357, 246], [336, 245], [359, 349], [338, 346], [378, 451], [353, 428]]
data_bruh_jack\cam1_pose\cam1_20241016_004700_0016.png [[327, 57], [333, 47], [325, 51], [358, 48], [376, 100], [343, 108], [380, 170], [333, 184], [388, 239], [317, 235], [360, 247], [337, 245], [361, 350], [338, 347], [378, 449], [353, 428]]
data_bruh_jack\cam1_pose\cam1_20241016_004700_0017.png [[327, 57], [334, 47], [325, 51], [359, 48], [377, 100], [343, 108], [381, 170], [333, 184], [389, 240], [316, 234], [361, 248], [337, 245], [361, 348], [338, 345], [378, 449], [353, 428]]
data_bruh_jack\cam1_pose\cam1_20241016_004700_0018.png [[328, 57], [335, 47], [326, 51], [360, 49], [378, 100], [344, 108], [383, 170], [333, 184], [391, 240], [314, 235], [361, 249], [336, 246], [362, 349], [338, 347], [378, 447], [353, 428]]
data_bruh_jack\cam1_pose\cam1_20241016_004700_0019.png [[328, 57], [336, 47], [327, 51], [361, 48], [379, 100], [344, 110], [385, 171], [332, 185], [393, 240], [314, 236], [363, 251], [337, 248], [363, 350], [338, 348], [379, 448], [352, 429]]
data_bruh_jack\cam1_pose\cam1_20241016_004700_0020.png [[329, 56], [337, 47], [328, 51], [362, 48], [380, 100], [343, 111], [386, 171], [332, 184], [394, 240], [313, 236], [364, 251], [337, 247], [363, 350], [337, 346], [378, 449], [352, 428]]
data_bruh_jack\cam1_pose\cam1_20241016_004700_0021.png [[331, 55], [337, 45], [329, 49], [363, 47], [382, 98], [341, 113], [388, 169], [330, 183], [398, 239], [312, 234], [366, 249], [334, 245], [363, 348], [335, 343], [378, 447], [351, 425]]
data_bruh_jack\cam1_pose\cam1_20241016_004700_0022.png [[331, 54], [338, 44], [329, 48], [364, 45], [383, 98], [340, 113], [391, 169], [329, 181], [401, 237], [309, 232], [368, 248], [335, 242], [363, 347], [333, 342], [377, 449], [347, 426]]
data_bruh_jack\cam1_pose\cam1_20241016_004700_0023.png [[331, 54], [338, 44], [329, 48], [364, 45], [383, 97], [340, 114], [391, 169], [328, 182], [401, 239], [308, 233], [368, 248], [335, 242], [364, 348], [332, 342], [377, 449], [346, 426]]
data_bruh_jack\cam1_pose\cam1_20241016_004700_0024.png [[331, 54], [338, 44], [329, 48], [364, 45], [383, 97], [338, 114], [391, 169], [327, 182], [403, 237], [307, 232], [369, 248], [335, 243], [364, 348], [332, 343], [377, 449], [343, 428]]
data_bruh_jack\cam1_pose\cam1_20241016_004700_0025.png [[331, 54], [337, 45], [328, 48], [363, 46], [383, 97], [339, 113], [391, 169], [325, 181], [403, 237], [306, 232], [368, 246], [334, 242], [364, 349], [333, 344], [377, 450], [342, 428]]
data_bruh_jack\cam1_pose\cam1_20241016_004700_0026.png [[331, 54], [337, 45], [328, 49], [362, 46], [382, 98], [338, 114], [391, 169], [324, 181], [404, 237], [304, 232], [368, 245], [335, 239], [363, 348], [332, 344], [377, 449], [341, 428]]
data_bruh_jack\cam1_pose\cam1_20241016_004701_0027.png [[330, 55], [337, 45], [327, 49], [362, 47], [381, 98], [337, 114], [391, 169], [322, 182], [405, 237], [302, 233], [367, 246], [333, 242], [364, 350], [332, 345], [377, 450], [342, 430]]
data_bruh_jack\cam1_pose\cam1_20241016_004701_0028.png [[329, 56], [336, 46], [326, 50], [361, 48], [380, 99], [335, 115], [391, 169], [321, 182], [405, 237], [300, 233], [367, 246], [332, 242], [363, 350], [332, 345], [377, 451], [342, 431]]
data_bruh_jack\cam1_pose\cam1_20241016_004701_0029.png [[326, 56], [334, 47], [323, 51], [358, 49], [377, 101], [331, 115], [389, 169], [316, 182], [405, 235], [294, 233], [362, 244], [328, 242], [362, 349], [330, 344], [377, 449], [342, 431]]
data_bruh_jack\cam1_pose\cam1_20241016_004701_0030.png [[326, 56], [333, 47], [323, 51], [358, 49], [377, 101], [330, 114], [389, 170], [314, 183], [406, 236], [293, 233], [362, 244], [328, 242], [362, 349], [331, 345], [376, 449], [342, 431]]
data_bruh_jack\cam1_pose\cam1_20241016_004701_0031.png [[326, 56], [333, 47], [322, 51], [358, 49], [377, 101], [329, 115], [389, 170], [313, 182], [406, 235], [292, 233], [362, 245], [327, 243], [362, 348], [330, 345], [376, 447], [342, 431]]
data_bruh_jack\cam1_pose\cam1_20241016_004701_0032.png [[327, 55], [335, 46], [324, 49], [359, 48], [379, 101], [328, 114], [391, 169], [311, 182], [409, 234], [290, 233], [364, 242], [327, 242], [364, 348], [331, 345], [374, 443], [342, 431]]
data_bruh_jack\cam1_pose\cam1_20241016_004701_0033.png [[328, 55], [337, 45], [325, 49], [361, 49], [379, 101], [328, 115], [393, 170], [311, 182], [410, 235], [290, 234], [364, 245], [327, 243], [364, 350], [332, 346], [374, 442], [342, 431]]
data_bruh_jack\cam1_pose\cam1_20241016_004701_0034.png [[329, 55], [337, 46], [326, 49], [362, 49], [380, 101], [328, 114], [395, 170], [311, 182], [412, 234], [290, 234], [365, 245], [328, 244], [364, 351], [333, 347], [374, 443], [342, 431]]
data_bruh_jack\cam1_pose\cam1_20241016_004701_0035.png [[331, 54], [339, 45], [326, 49], [363, 49], [382, 102], [329, 115], [397, 172], [311, 182], [414, 237], [290, 234], [366, 246], [328, 245], [364, 351], [332, 348], [374, 443], [342, 431]]
data_bruh_jack\cam1_pose\cam1_20241016_004701_0036.png [[333, 54], [341, 44], [329, 48], [365, 48], [386, 101], [329, 115], [400, 170], [313, 181], [417, 236], [292, 234], [369, 248], [329, 245], [365, 353], [333, 348], [373, 444], [342, 430]]
data_bruh_jack\cam1_pose\cam1_20241016_004701_0037.png [[333, 54], [341, 44], [329, 48], [365, 48], [386, 101], [329, 115], [400, 170], [313, 181], [417, 236], [292, 234], [369, 248], [329, 245], [365, 353], [333, 348], [373, 444], [342, 430]]
data_bruh_jack\cam1_pose\cam1_20241016_004701_0038.png [[337, 52], [346, 42], [332, 46], [369, 46], [390, 99], [332, 113], [404, 169], [314, 180], [424, 236], [292, 234], [372, 248], [332, 245], [368, 349], [332, 345], [374, 444], [341, 430]]
data_bruh_jack\cam1_pose\cam1_20241016_004701_0039.png [[337, 51], [346, 42], [333, 46], [370, 45], [390, 99], [332, 113], [405, 169], [314, 179], [424, 235], [291, 234], [373, 248], [332, 245], [368, 349], [332, 346], [374, 444], [338, 430]]
data_bruh_jack\cam1_pose\cam1_20241016_004701_0040.png [[337, 51], [346, 42], [333, 45], [370, 45], [391, 99], [332, 113], [406, 169], [314, 178], [425, 236], [290, 234], [373, 248], [331, 245], [367, 348], [332, 345], [374, 444], [337, 430]]
data_bruh_jack\cam1_pose\cam1_20241016_004701_0041.png [[337, 51], [346, 42], [333, 45], [370, 45], [391, 98], [331, 113], [406, 169], [314, 177], [426, 235], [289, 233], [373, 248], [331, 244], [367, 348], [331, 345], [374, 444], [335, 430]]
data_bruh_jack\cam1_pose\cam1_20241016_004701_0042.png [[337, 51], [346, 42], [332, 45], [369, 45], [391, 98], [331, 113], [407, 170], [314, 177], [426, 235], [288, 233], [373, 247], [331, 243], [367, 349], [329, 345], [374, 444], [334, 431]]
data_bruh_jack\cam1_pose\cam1_20241016_004701_0043.png [[337, 51], [345, 42], [332, 45], [369, 45], [390, 99], [331, 113], [406, 170], [313, 177], [427, 235], [287, 233], [371, 247], [330, 243], [367, 349], [328, 345], [374, 443], [332, 431]]
data_bruh_jack\cam1_pose\cam1_20241016_004701_0044.png [[336, 51], [344, 42], [332, 45], [369, 45], [390, 99], [330, 113], [406, 170], [311, 177], [427, 235], [286, 232], [371, 248], [329, 244], [367, 351], [328, 347], [374, 444], [331, 431]]
data_bruh_jack\cam1_pose\cam1_20241016_004701_0045.png [[333, 53], [342, 44], [329, 47], [365, 47], [386, 102], [325, 116], [404, 172], [307, 177], [425, 236], [281, 233], [368, 247], [326, 244], [367, 350], [325, 348], [374, 443], [331, 432]]
data_bruh_jack\cam1_pose\cam1_20241016_004701_0046.png [[333, 53], [341, 44], [328, 47], [365, 47], [386, 102], [323, 115], [404, 172], [305, 178], [425, 235], [280, 233], [367, 246], [326, 245], [367, 349], [325, 347], [374, 443], [331, 432]]
data_bruh_jack\cam1_pose\cam1_20241016_004702_0047.png [[332, 53], [341, 44], [328, 47], [364, 47], [385, 102], [322, 114], [403, 171], [304, 178], [425, 235], [280, 233], [368, 247], [325, 246], [367, 348], [325, 347], [375, 443], [331, 432]]
data_bruh_jack\cam1_pose\cam1_20241016_004702_0048.png [[332, 52], [341, 43], [328, 47], [364, 47], [386, 103], [321, 114], [403, 172], [302, 178], [425, 236], [279, 232], [368, 247], [325, 245], [368, 349], [325, 347], [375, 443], [331, 432]]
data_bruh_jack\cam1_pose\cam1_20241016_004702_0049.png [[333, 52], [342, 43], [328, 46], [365, 47], [385, 103], [320, 113], [403, 172], [301, 177], [425, 235], [278, 233], [368, 245], [324, 243], [368, 349], [325, 347], [376, 442], [331, 432]]
data_bruh_jack\cam1_pose\cam1_20241016_004702_0050.png [[334, 52], [342, 43], [328, 46], [365, 47], [386, 103], [320, 113], [404, 172], [301, 177], [425, 235], [277, 232], [368, 243], [324, 241], [368, 346], [325, 347], [376, 441], [331, 432]]
data_bruh_jack\cam1_pose\cam1_20241016_004702_0051.png [[338, 51], [349, 42], [333, 45], [369, 48], [389, 104], [321, 114], [408, 173], [301, 177], [430, 236], [275, 233], [371, 246], [325, 243], [371, 350], [326, 349], [376, 443], [331, 432]]
data_bruh_jack\cam1_pose\cam1_20241016_004702_0052.png [[340, 51], [350, 42], [335, 45], [370, 48], [391, 104], [322, 113], [409, 173], [301, 177], [431, 236], [275, 233], [373, 245], [326, 243], [371, 349], [327, 348], [376, 443], [331, 432]]
data_bruh_jack\cam1_pose\cam1_20241016_004702_0053.png [[342, 51], [352, 42], [336, 45], [372, 48], [392, 105], [322, 114], [411, 173], [301, 177], [433, 236], [275, 233], [374, 245], [327, 243], [371, 349], [326, 349], [376, 442], [331, 432]]
data_bruh_jack\cam1_pose\cam1_20241016_004702_0054.png [[343, 50], [353, 41], [337, 44], [373, 47], [394, 104], [323, 113], [412, 172], [301, 176], [435, 236], [275, 233], [375, 247], [326, 245], [372, 351], [327, 350], [376, 442], [331, 432]]
data_bruh_jack\cam1_pose\cam1_20241016_004702_0055.png [[344, 50], [354, 41], [338, 44], [374, 47], [395, 104], [323, 113], [413, 173], [301, 176], [436, 236], [275, 232], [376, 248], [327, 244], [372, 351], [326, 350], [376, 442], [331, 432]]
data_bruh_jack\cam1_pose\cam1_20241016_004702_0056.png [[346, 50], [355, 41], [340, 43], [375, 47], [396, 104], [324, 113], [415, 172], [302, 175], [437, 236], [274, 232], [377, 247], [328, 243], [373, 354], [326, 350], [376, 442], [331, 432]]
data_bruh_jack\cam1_pose\cam1_20241016_004702_0057.png [[347, 48], [357, 39], [340, 42], [375, 45], [397, 103], [324, 111], [416, 171], [299, 174], [440, 234], [271, 230], [377, 247], [327, 243], [374, 350], [326, 346], [376, 442], [328, 432]]
data_bruh_jack\cam1_pose\cam1_20241016_004702_0058.png [[346, 48], [356, 39], [340, 42], [375, 46], [397, 103], [323, 111], [416, 171], [298, 173], [440, 234], [270, 230], [377, 247], [326, 242], [373, 351], [325, 347], [376, 441], [327, 433]]
data_bruh_jack\cam1_pose\cam1_20241016_004702_0059.png [[346, 48], [356, 39], [340, 42], [374, 46], [395, 103], [322, 111], [416, 171], [297, 173], [440, 234], [268, 230], [376, 247], [326, 243], [372, 351], [325, 347], [376, 442], [327, 434]]
data_bruh_jack\cam1_pose\cam1_20241016_004702_0060.png [[345, 48], [355, 40], [338, 42], [373, 47], [395, 104], [321, 112], [415, 172], [296, 174], [439, 234], [267, 230], [376, 247], [325, 244], [371, 351], [325, 347], [376, 442], [327, 434]]
data_bruh_jack\cam1_pose\cam1_20241016_004702_0061.png [[344, 49], [354, 40], [338, 43], [372, 47], [394, 105], [319, 113], [414, 172], [295, 175], [439, 235], [266, 230], [374, 246], [324, 244], [371, 351], [324, 348], [376, 442], [326, 435]]
data_bruh_jack\cam1_pose\cam1_20241016_004702_0062.png [[343, 50], [353, 41], [337, 43], [371, 48], [392, 106], [317, 114], [413, 173], [293, 175], [438, 236], [264, 232], [374, 247], [323, 244], [371, 351], [324, 349], [376, 442], [326, 435]]
data_bruh_jack\cam1_pose\cam1_20241016_004702_0063.png [[338, 50], [349, 42], [332, 43], [366, 49], [388, 107], [311, 114], [409, 173], [287, 176], [433, 233], [260, 231], [370, 244], [320, 242], [370, 348], [322, 347], [376, 442], [326, 435]]
data_bruh_jack\cam1_pose\cam1_20241016_004702_0064.png [[338, 50], [348, 41], [331, 43], [365, 48], [325, 48], [386, 107], [310, 114], [408, 173], [285, 177], [433, 233], [259, 232], [370, 244], [320, 242], [370, 347], [322, 347], [376, 441], [326, 435]]
data_bruh_jack\cam1_pose\cam1_20241016_004702_0065.png [[338, 50], [347, 41], [331, 43], [364, 48], [325, 49], [386, 107], [309, 113], [407, 173], [284, 177], [433, 233], [258, 232], [370, 242], [319, 241], [370, 345], [322, 346], [376, 441], [327, 435]]
data_bruh_jack\cam1_pose\cam1_20241016_004702_0066.png [[337, 49], [347, 41], [331, 43], [364, 48], [324, 49], [385, 107], [308, 113], [407, 173], [284, 177], [433, 233], [257, 233], [369, 242], [319, 241], [370, 344], [322, 345], [377, 440], [327, 434]]
data_bruh_jack\cam1_pose\cam1_20241016_004703_0067.png [[338, 49], [347, 41], [331, 42], [364, 48], [324, 49], [385, 107], [308, 112], [407, 173], [284, 176], [433, 232], [256, 232], [369, 241], [319, 241], [371, 344], [322, 345], [377, 440], [327, 435]]
data_bruh_jack\cam1_pose\cam1_20241016_004703_0068.png [[341, 49], [350, 41], [334, 43], [366, 48], [326, 51], [388, 107], [309, 113], [410, 173], [284, 176], [437, 234], [257, 233], [372, 241], [320, 242], [373, 343], [323, 344], [378, 441], [327, 435]]
data_bruh_jack\cam1_pose\cam1_20241016_004703_0069.png [[342, 50], [352, 41], [335, 43], [367, 49], [328, 51], [389, 108], [310, 114], [411, 174], [284, 177], [438, 235], [257, 233], [372, 243], [321, 242], [374, 345], [323, 344], [378, 441], [327, 435]]
data_bruh_jack\cam1_pose\cam1_20241016_004703_0070.png [[343, 50], [353, 41], [336, 43], [369, 49], [329, 52], [391, 108], [311, 114], [413, 174], [285, 176], [440, 235], [257, 233], [373, 245], [321, 243], [375, 346], [323, 345], [377, 441], [327, 434]]
data_bruh_jack\cam1_pose\cam1_20241016_004703_0071.png [[345, 49], [355, 41], [337, 43], [370, 48], [330, 51], [392, 108], [312, 114], [414, 174], [286, 176], [440, 235], [258, 232], [374, 245], [322, 243], [374, 345], [323, 343], [378, 442], [326, 434]]
data_bruh_jack\cam1_pose\cam1_20241016_004703_0072.png [[346, 48], [356, 40], [339, 42], [371, 48], [331, 51], [393, 108], [313, 113], [415, 174], [287, 174], [441, 235], [259, 231], [376, 243], [324, 241], [374, 346], [324, 343], [377, 441], [326, 432]]
data_bruh_jack\cam1_pose\cam1_20241016_004703_0073.png [[347, 48], [356, 40], [340, 42], [372, 48], [331, 50], [394, 107], [313, 113], [415, 173], [288, 173], [442, 235], [260, 231], [376, 243], [325, 240], [374, 344], [324, 341], [377, 441], [324, 431]]
data_bruh_jack\cam1_pose\cam1_20241016_004703_0074.png [[347, 48], [357, 39], [340, 41], [372, 48], [332, 50], [394, 107], [313, 112], [416, 173], [289, 172], [442, 234], [260, 230], [376, 245], [324, 241], [375, 348], [323, 343], [377, 441], [322, 432]]
data_bruh_jack\cam1_pose\cam1_20241016_004703_0075.png [[346, 47], [355, 39], [338, 41], [371, 47], [331, 49], [393, 107], [311, 111], [415, 174], [284, 174], [441, 235], [256, 231], [374, 244], [322, 241], [372, 349], [317, 342], [377, 441], [314, 435]]
data_bruh_jack\cam1_pose\cam1_20241016_004703_0076.png [[345, 47], [355, 40], [338, 41], [370, 48], [329, 50], [392, 108], [310, 111], [413, 174], [283, 174], [440, 235], [255, 231], [374, 244], [320, 240], [372, 347], [316, 340], [377, 441], [314, 436]]
data_bruh_jack\cam1_pose\cam1_20241016_004703_0077.png [[344, 48], [353, 40], [336, 42], [368, 49], [328, 50], [390, 109], [308, 112], [412, 176], [282, 173], [439, 236], [253, 231], [373, 245], [319, 240], [371, 345], [315, 339], [377, 441], [314, 437]]
data_bruh_jack\cam1_pose\cam1_20241016_004703_0078.png [[343, 49], [352, 41], [335, 42], [367, 49], [327, 50], [388, 110], [306, 113], [410, 176], [279, 175], [437, 236], [251, 232], [372, 245], [319, 242], [371, 345], [315, 341], [377, 441], [314, 438]]
data_bruh_jack\cam1_pose\cam1_20241016_004703_0079.png [[341, 49], [350, 42], [333, 42], [365, 50], [325, 50], [386, 110], [304, 113], [409, 177], [277, 176], [436, 237], [249, 233], [371, 246], [317, 243], [371, 344], [314, 341], [377, 441], [314, 438]]
data_bruh_jack\cam1_pose\cam1_20241016_004703_0080.png [[336, 48], [345, 41], [328, 42], [360, 49], [319, 49], [381, 109], [298, 111], [404, 176], [272, 175], [430, 236], [244, 233], [368, 242], [314, 240], [371, 341], [314, 340], [376, 438], [315, 438]]
data_bruh_jack\cam1_pose\cam1_20241016_004703_0081.png [[336, 48], [344, 40], [328, 42], [359, 48], [319, 49], [380, 109], [296, 111], [403, 176], [271, 174], [430, 236], [243, 232], [368, 239], [314, 238], [371, 339], [315, 338], [376, 437], [315, 438]]
data_bruh_jack\cam1_pose\cam1_20241016_004703_0082.png [[335, 48], [344, 40], [328, 41], [359, 48], [319, 49], [380, 109], [296, 110], [403, 176], [271, 174], [430, 236], [243, 232], [368, 240], [314, 239], [371, 338], [315, 338], [374, 435], [315, 438]]
data_bruh_jack\cam1_pose\cam1_20241016_004703_0083.png [[336, 48], [344, 41], [328, 42], [359, 48], [319, 49], [380, 109], [296, 110], [403, 176], [271, 174], [430, 235], [243, 232], [368, 240], [314, 239], [370, 335], [316, 337], [373, 435], [315, 438]]
data_bruh_jack\cam1_pose\cam1_20241016_004703_0084.png [[336, 49], [345, 41], [328, 42], [359, 48], [319, 49], [381, 110], [296, 110], [403, 177], [271, 174], [430, 236], [244, 233], [368, 239], [315, 239], [370, 333], [316, 336], [371, 435], [315, 438]]
data_bruh_jack\cam1_pose\cam1_20241016_004703_0085.png [[337, 49], [346, 41], [329, 42], [361, 49], [320, 49], [382, 110], [297, 111], [404, 177], [272, 175], [430, 236], [244, 233], [369, 240], [316, 240], [370, 337], [317, 338], [371, 436], [315, 439]]
data_bruh_jack\cam1_pose\cam1_20241016_004704_0086.png [[343, 50], [352, 42], [335, 43], [366, 50], [326, 51], [388, 112], [304, 111], [409, 178], [277, 174], [434, 236], [248, 231], [373, 240], [320, 239], [370, 338], [319, 339], [370, 437], [315, 438]]
data_bruh_jack\cam1_pose\cam1_20241016_004704_0087.png [[344, 50], [353, 42], [336, 43], [367, 50], [327, 50], [389, 112], [305, 111], [410, 178], [278, 173], [436, 237], [249, 231], [374, 240], [322, 237], [370, 339], [319, 340], [370, 438], [314, 437]]
data_bruh_jack\cam1_pose\cam1_20241016_004704_0088.png [[345, 50], [354, 42], [337, 42], [368, 50], [328, 50], [391, 112], [306, 110], [410, 178], [279, 173], [436, 237], [249, 230], [375, 241], [323, 238], [371, 338], [320, 339], [370, 438], [314, 436]]
data_bruh_jack\cam1_pose\cam1_20241016_004704_0089.png [[347, 49], [355, 41], [338, 42], [370, 49], [329, 50], [391, 112], [306, 110], [411, 178], [280, 173], [436, 236], [250, 230], [375, 242], [323, 240], [372, 342], [319, 339], [370, 438], [313, 436]]
data_bruh_jack\cam1_pose\cam1_20241016_004704_0090.png [[347, 49], [356, 41], [339, 42], [370, 49], [330, 50], [391, 111], [306, 110], [412, 177], [280, 172], [437, 236], [250, 230], [375, 240], [323, 238], [372, 342], [318, 338], [370, 438], [312, 438]]
data_bruh_jack\cam1_pose\cam1_20241016_004704_0091.png [[347, 48], [356, 40], [338, 41], [370, 48], [329, 48], [391, 111], [305, 108], [410, 177], [279, 170], [436, 236], [248, 228], [375, 241], [322, 237], [371, 341], [317, 333], [370, 438], [308, 437]]
data_bruh_jack\cam1_pose\cam1_20241016_004704_0092.png [[346, 48], [355, 40], [338, 41], [369, 48], [328, 49], [389, 111], [305, 108], [410, 178], [278, 170], [435, 236], [247, 228], [374, 242], [322, 239], [372, 344], [316, 336], [370, 438], [308, 440]]
data_bruh_jack\cam1_pose\cam1_20241016_004704_0093.png [[344, 48], [353, 40], [337, 42], [368, 49], [327, 49], [388, 111], [303, 109], [409, 178], [276, 171], [434, 236], [245, 229], [374, 242], [321, 238], [372, 342], [316, 335], [370, 438], [309, 441]]
data_bruh_jack\cam1_pose\cam1_20241016_004704_0094.png [[343, 49], [352, 41], [335, 42], [366, 49], [326, 50], [387, 112], [301, 110], [407, 178], [275, 171], [433, 236], [244, 230], [373, 242], [319, 239], [372, 342], [315, 338], [370, 438], [309, 443]]
data_bruh_jack\cam1_pose\cam1_20241016_004704_0095.png [[342, 49], [351, 42], [334, 42], [364, 50], [324, 50], [385, 113], [299, 110], [405, 179], [273, 171], [431, 237], [242, 230], [371, 241], [318, 237], [371, 338], [314, 337], [370, 438], [309, 443]]
data_bruh_jack\cam1_pose\cam1_20241016_004704_0096.png [[340, 49], [349, 42], [332, 42], [363, 49], [322, 49], [382, 112], [298, 110], [403, 178], [272, 171], [429, 237], [241, 230], [369, 239], [316, 236], [370, 338], [314, 338], [371, 438], [309, 443]]
data_bruh_jack\cam1_pose\cam1_20241016_004704_0097.png [[334, 47], [343, 40], [325, 41], [358, 48], [316, 48], [376, 112], [292, 107], [397, 178], [266, 170], [422, 237], [236, 229], [364, 239], [310, 238], [368, 339], [311, 341], [370, 437], [308, 446]]
data_bruh_jack\cam1_pose\cam1_20241016_004704_0098.png [[334, 47], [343, 40], [325, 41], [358, 48], [316, 48], [376, 112], [292, 107], [397, 178], [266, 170], [422, 237], [236, 229], [364, 239], [310, 238], [368, 339], [311, 341], [370, 437], [308, 446]]
data_bruh_jack\cam1_pose\cam1_20241016_004704_0099.png [[332, 47], [341, 39], [324, 40], [355, 48], [315, 47], [375, 111], [289, 107], [395, 177], [265, 169], [419, 237], [235, 228], [362, 241], [308, 239], [366, 341], [310, 340], [365, 435], [308, 445]]
