data_bruh_jack\cam2_pose\cam2_20241016_004659_0000.png [[210, 70], [218, 63], [202, 63], [233, 71], [194, 70], [253, 126], [175, 125], [269, 189], [157, 187], [289, 245], [133, 241], [238, 243], [189, 242], [239, 333], [195, 334], [246, 420], [194, 423]]
data_bruh_jack\cam2_pose\cam2_20241016_004659_0001.png [[210, 70], [218, 63], [202, 63], [233, 70], [194, 70], [253, 126], [175, 124], [269, 189], [157, 186], [289, 245], [133, 241], [239, 243], [189, 242], [239, 334], [195, 336], [246, 421], [194, 423]]
data_bruh_jack\cam2_pose\cam2_20241016_004659_0002.png [[210, 70], [219, 63], [203, 63], [233, 70], [194, 70], [253, 126], [176, 124], [269, 189], [157, 187], [289, 244], [133, 241], [239, 242], [189, 241], [239, 333], [195, 335], [246, 421], [194, 423]]
data_bruh_jack\cam2_pose\cam2_20241016_004659_0003.png [[212, 69], [221, 63], [205, 63], [234, 69], [196, 69], [254, 126], [177, 123], [270, 189], [157, 186], [290, 245], [133, 240], [240, 242], [190, 240], [240, 333], [194, 334], [246, 422], [193, 423]]
data_bruh_jack\cam2_pose\cam2_20241016_004659_0004.png [[212, 69], [221, 63], [205, 63], [234, 69], [196, 69], [254, 125], [177, 123], [271, 188], [157, 186], [291, 244], [133, 240], [240, 242], [190, 240], [240, 332], [194, 335], [246, 422], [193, 424]]
data_bruh_jack\cam2_pose\cam2_20241016_004659_0005.png [[212, 69], [222, 63], [205, 63], [235, 69], [196, 69], [254, 125], [177, 123], [271, 188], [157, 186], [291, 244], [133, 240], [241, 240], [190, 239], [241, 331], [194, 333], [246, 423], [193, 424]]
data_bruh_jack\cam2_pose\cam2_20241016_004659_0006.png [[213, 69], [222, 62], [206, 62], [235, 69], [196, 69], [254, 125], [177, 123], [271, 188], [157, 185], [292, 244], [133, 240], [240, 243], [189, 242], [242, 333], [193, 335], [246, 423], [192, 423]]
data_bruh_jack\cam2_pose\cam2_20241016_004700_0007.png [[213, 68], [222, 62], [206, 62], [235, 69], [196, 68], [254, 125], [176, 123], [271, 187], [156, 184], [292, 243], [132, 240], [240, 242], [189, 240], [241, 333], [192, 335], [246, 422], [191, 423]]
data_bruh_jack\cam2_pose\cam2_20241016_004700_0008.png [[212, 68], [222, 61], [205, 61], [234, 69], [195, 67], [254, 125], [176, 122], [271, 187], [155, 185], [292, 242], [131, 239], [240, 243], [189, 241], [241, 334], [192, 336], [246, 423], [190, 423]]
data_bruh_jack\cam2_pose\cam2_20241016_004700_0009.png [[209, 68], [218, 61], [201, 61], [229, 69], [190, 68], [249, 125], [170, 123], [267, 187], [149, 184], [289, 242], [124, 241], [237, 243], [187, 241], [238, 334], [188, 336], [246, 423], [187, 426]]
data_bruh_jack\cam2_pose\cam2_20241016_004700_0010.png [[207, 68], [217, 61], [200, 61], [228, 69], [189, 68], [247, 125], [169, 123], [266, 188], [148, 185], [288, 242], [123, 241], [236, 245], [185, 243], [238, 336], [187, 338], [246, 423], [188, 426]]
data_bruh_jack\cam2_pose\cam2_20241016_004700_0011.png [[207, 68], [217, 61], [200, 61], [228, 69], [189, 68], [247, 125], [169, 123], [266, 188], [148, 185], [288, 242], [123, 241], [236, 245], [185, 243], [238, 336], [187, 338], [246, 423], [188, 426]]
data_bruh_jack\cam2_pose\cam2_20241016_004700_0012.png [[205, 68], [215, 61], [198, 61], [225, 69], [186, 66], [244, 125], [164, 122], [264, 187], [144, 184], [286, 241], [119, 241], [232, 247], [182, 243], [236, 335], [186, 337], [246, 423], [188, 426]]
data_bruh_jack\cam2_pose\cam2_20241016_004700_0013.png [[205, 68], [214, 61], [197, 61], [224, 70], [185, 66], [244, 125], [163, 122], [263, 186], [143, 185], [286, 242], [118, 240], [232, 247], [181, 243], [236, 334], [186, 338], [246, 422], [188, 426]]
data_bruh_jack\cam2_pose\cam2_20241016_004700_0014.png [[204, 67], [214, 61], [196, 60], [223, 69], [184, 66], [243, 125], [162, 122], [262, 186], [141, 185], [286, 241], [117, 239], [231, 246], [181, 243], [235, 334], [185, 338], [246, 422], [188, 426]]
data_bruh_jack\cam2_pose\cam2_20241016_004700_0015.png [[205, 67], [214, 60], [197, 60], [223, 69], [184, 65], [242, 124], [161, 120], [262, 185], [139, 183], [286, 240], [116, 237], [231, 243], [181, 241], [234, 333], [185, 338], [241, 418], [188, 426]]
data_bruh_jack\cam2_pose\cam2_20241016_004700_0016.png [[206, 67], [215, 61], [197, 60], [224, 69], [185, 65], [242, 125], [161, 120], [263, 185], [140, 183], [287, 240], [116, 237], [231, 245], [181, 243], [234, 333], [186, 339], [239, 418], [188, 426]]
data_bruh_jack\cam2_pose\cam2_20241016_004700_0017.png [[207, 67], [216, 61], [199, 60], [224, 69], [185, 65], [243, 125], [162, 120], [264, 186], [141, 183], [287, 241], [117, 238], [232, 245], [182, 242], [235, 332], [187, 339], [238, 419], [187, 426]]
data_bruh_jack\cam2_pose\cam2_20241016_004700_0018.png [[207, 67], [216, 61], [199, 60], [224, 69], [185, 65], [243, 125], [162, 120], [264, 186], [141, 183], [287, 241], [117, 238], [232, 245], [182, 242], [235, 332], [187, 339], [238, 419], [187, 426]]
data_bruh_jack\cam2_pose\cam2_20241016_004700_0019.png [[208, 68], [217, 62], [200, 60], [226, 69], [187, 66], [244, 125], [163, 121], [265, 186], [142, 183], [288, 240], [118, 239], [232, 245], [182, 243], [234, 333], [187, 338], [238, 420], [187, 426]]
data_bruh_jack\cam2_pose\cam2_20241016_004700_0020.png [[210, 68], [219, 62], [202, 61], [227, 70], [188, 66], [246, 126], [164, 122], [265, 187], [143, 184], [289, 240], [118, 240], [233, 248], [184, 245], [234, 336], [187, 339], [238, 421], [187, 426]]
data_bruh_jack\cam2_pose\cam2_20241016_004700_0021.png [[215, 68], [224, 62], [208, 60], [232, 69], [194, 66], [250, 125], [169, 121], [269, 186], [147, 183], [292, 240], [122, 238], [238, 249], [188, 247], [236, 338], [189, 341], [237, 422], [185, 426]]
data_bruh_jack\cam2_pose\cam2_20241016_004700_0022.png [[216, 68], [225, 62], [208, 60], [232, 69], [194, 65], [250, 125], [169, 121], [269, 186], [147, 182], [292, 241], [121, 237], [238, 250], [188, 247], [237, 340], [189, 341], [237, 422], [184, 427]]
data_bruh_jack\cam2_pose\cam2_20241016_004700_0023.png [[216, 68], [225, 62], [208, 60], [232, 69], [194, 65], [250, 125], [169, 120], [269, 186], [147, 182], [292, 240], [121, 237], [238, 250], [188, 248], [236, 340], [189, 341], [238, 422], [184, 428]]
data_bruh_jack\cam2_pose\cam2_20241016_004700_0024.png [[216, 68], [225, 62], [208, 60], [231, 68], [194, 65], [250, 124], [169, 121], [269, 186], [146, 182], [292, 240], [119, 237], [238, 250], [188, 248], [236, 337], [189, 338], [238, 422], [184, 429]]
data_bruh_jack\cam2_pose\cam2_20241016_004700_0025.png [[214, 68], [223, 62], [206, 60], [229, 69], [191, 65], [248, 125], [166, 121], [267, 186], [143, 182], [291, 240], [117, 236], [237, 250], [187, 248], [236, 338], [186, 342], [238, 423], [183, 431]]
data_bruh_jack\cam2_pose\cam2_20241016_004700_0026.png [[213, 68], [222, 62], [205, 60], [228, 70], [190, 65], [247, 125], [164, 121], [266, 186], [141, 183], [291, 240], [116, 237], [236, 249], [186, 246], [236, 338], [185, 343], [238, 423], [184, 432]]
data_bruh_jack\cam2_pose\cam2_20241016_004701_0027.png [[212, 68], [220, 62], [203, 60], [187, 65], [243, 125], [162, 120], [265, 185], [138, 183], [289, 239], [114, 237], [233, 249], [184, 246], [236, 338], [185, 342], [238, 422], [184, 432]]
data_bruh_jack\cam2_pose\cam2_20241016_004701_0028.png [[211, 68], [219, 62], [202, 60], [224, 69], [186, 65], [242, 125], [161, 119], [263, 185], [137, 182], [288, 238], [113, 237], [232, 249], [183, 246], [236, 337], [185, 340], [238, 421], [184, 431]]
data_bruh_jack\cam2_pose\cam2_20241016_004701_0029.png [[210, 68], [218, 62], [202, 60], [223, 69], [185, 64], [241, 125], [160, 119], [262, 185], [137, 182], [287, 238], [112, 236], [231, 246], [182, 245], [235, 335], [184, 339], [238, 420], [184, 432]]
data_bruh_jack\cam2_pose\cam2_20241016_004701_0030.png [[210, 66], [217, 61], [202, 59], [222, 68], [184, 63], [239, 124], [158, 118], [261, 185], [136, 180], [286, 237], [112, 236], [231, 247], [181, 244], [233, 332], [183, 338], [235, 420], [184, 431]]
data_bruh_jack\cam2_pose\cam2_20241016_004701_0031.png [[210, 66], [218, 61], [202, 59], [223, 68], [184, 63], [239, 123], [158, 117], [261, 185], [137, 180], [286, 237], [113, 236], [231, 247], [181, 245], [233, 335], [184, 339], [234, 420], [184, 431]]
data_bruh_jack\cam2_pose\cam2_20241016_004701_0032.png [[211, 67], [219, 61], [203, 59], [185, 62], [239, 124], [159, 117], [261, 185], [137, 180], [286, 237], [113, 236], [232, 248], [182, 246], [233, 336], [185, 339], [232, 420], [184, 431]]
data_bruh_jack\cam2_pose\cam2_20241016_004701_0033.png [[212, 67], [220, 61], [204, 59], [186, 63], [240, 125], [160, 117], [262, 185], [137, 180], [286, 237], [114, 236], [232, 249], [183, 247], [233, 337], [185, 340], [231, 422], [184, 431]]
data_bruh_jack\cam2_pose\cam2_20241016_004701_0034.png [[214, 68], [221, 62], [206, 59], [187, 63], [241, 124], [161, 117], [262, 186], [138, 182], [286, 237], [115, 236], [233, 250], [184, 248], [233, 338], [185, 342], [231, 424], [184, 432]]
data_bruh_jack\cam2_pose\cam2_20241016_004701_0035.png [[216, 68], [223, 63], [207, 60], [188, 64], [242, 125], [162, 118], [263, 186], [140, 182], [287, 238], [116, 237], [233, 249], [184, 247], [233, 336], [186, 342], [231, 424], [184, 432]]
data_bruh_jack\cam2_pose\cam2_20241016_004701_0036.png [[219, 69], [226, 63], [211, 61], [192, 64], [244, 126], [165, 119], [265, 187], [146, 182], [289, 238], [121, 239], [236, 248], [187, 248], [235, 336], [188, 340], [231, 424], [185, 431]]
data_bruh_jack\cam2_pose\cam2_20241016_004701_0037.png [[221, 69], [228, 64], [213, 62], [193, 64], [245, 126], [166, 118], [265, 187], [148, 181], [289, 238], [124, 239], [237, 247], [188, 247], [236, 336], [190, 339], [231, 425], [185, 430]]
data_bruh_jack\cam2_pose\cam2_20241016_004701_0038.png [[226, 70], [232, 64], [218, 62], [198, 65], [249, 127], [171, 118], [268, 187], [152, 182], [291, 240], [130, 239], [241, 248], [191, 245], [237, 335], [192, 338], [232, 425], [185, 429]]
data_bruh_jack\cam2_pose\cam2_20241016_004701_0039.png [[227, 70], [233, 64], [220, 62], [199, 64], [250, 126], [172, 118], [269, 187], [153, 181], [291, 240], [131, 238], [241, 245], [191, 242], [237, 334], [193, 338], [232, 424], [185, 429]]
data_bruh_jack\cam2_pose\cam2_20241016_004701_0040.png [[228, 70], [234, 64], [220, 62], [199, 64], [250, 126], [172, 118], [269, 187], [154, 181], [291, 240], [132, 237], [242, 244], [191, 241], [237, 335], [192, 337], [232, 424], [185, 430]]
data_bruh_jack\cam2_pose\cam2_20241016_004701_0041.png [[228, 70], [235, 64], [221, 62], [200, 64], [250, 126], [173, 117], [269, 187], [154, 180], [292, 239], [132, 236], [241, 244], [192, 242], [237, 333], [193, 336], [232, 424], [185, 431]]
data_bruh_jack\cam2_pose\cam2_20241016_004701_0042.png [[229, 70], [235, 64], [221, 62], [200, 64], [250, 126], [173, 117], [269, 187], [154, 181], [292, 239], [132, 236], [242, 242], [192, 240], [237, 333], [193, 336], [231, 424], [185, 431]]
data_bruh_jack\cam2_pose\cam2_20241016_004701_0043.png [[229, 70], [235, 64], [221, 62], [200, 64], [250, 126], [173, 117], [269, 187], [154, 180], [291, 239], [132, 236], [242, 243], [192, 241], [237, 334], [192, 337], [231, 424], [185, 432]]
data_bruh_jack\cam2_pose\cam2_20241016_004701_0044.png [[228, 69], [234, 64], [221, 62], [200, 64], [250, 126], [173, 117], [269, 187], [153, 180], [291, 240], [131, 236], [241, 247], [191, 245], [236, 335], [191, 338], [231, 424], [185, 432]]
data_bruh_jack\cam2_pose\cam2_20241016_004701_0045.png [[226, 70], [232, 64], [218, 62], [198, 64], [246, 126], [169, 118], [265, 188], [150, 182], [287, 239], [127, 237], [239, 250], [190, 249], [237, 336], [190, 343], [232, 425], [186, 436]]
data_bruh_jack\cam2_pose\cam2_20241016_004701_0046.png [[226, 70], [232, 64], [218, 62], [197, 64], [245, 127], [169, 118], [264, 188], [149, 182], [286, 239], [127, 237], [238, 248], [190, 246], [238, 334], [190, 341], [232, 424], [187, 435]]
data_bruh_jack\cam2_pose\cam2_20241016_004702_0047.png [[226, 70], [231, 64], [217, 61], [196, 64], [244, 126], [168, 117], [263, 188], [148, 181], [285, 239], [126, 237], [237, 249], [190, 248], [237, 334], [190, 341], [232, 423], [187, 435]]
data_bruh_jack\cam2_pose\cam2_20241016_004702_0048.png [[226, 69], [232, 64], [218, 60], [197, 62], [242, 126], [167, 114], [260, 188], [148, 179], [281, 240], [125, 236], [236, 248], [188, 247], [238, 333], [190, 343], [230, 421], [187, 434]]
data_bruh_jack\cam2_pose\cam2_20241016_004702_0049.png [[227, 69], [232, 64], [219, 61], [197, 62], [241, 126], [168, 114], [259, 188], [149, 178], [281, 240], [126, 236], [237, 246], [188, 245], [238, 334], [190, 342], [229, 421], [187, 434]]
data_bruh_jack\cam2_pose\cam2_20241016_004702_0050.png [[227, 69], [233, 64], [220, 61], [198, 62], [242, 127], [169, 114], [259, 188], [149, 178], [280, 239], [128, 236], [237, 247], [189, 246], [238, 334], [191, 342], [228, 422], [187, 434]]
data_bruh_jack\cam2_pose\cam2_20241016_004702_0051.png [[230, 71], [236, 66], [223, 62], [200, 63], [242, 128], [171, 115], [260, 188], [152, 179], [280, 241], [131, 237], [238, 249], [191, 248], [237, 337], [193, 344], [228, 423], [187, 433]]
data_bruh_jack\cam2_pose\cam2_20241016_004702_0052.png [[230, 71], [236, 66], [223, 62], [200, 63], [242, 128], [171, 115], [260, 188], [152, 179], [280, 241], [131, 237], [238, 249], [191, 248], [237, 337], [193, 344], [228, 423], [187, 433]]
data_bruh_jack\cam2_pose\cam2_20241016_004702_0053.png [[232, 72], [237, 66], [225, 63], [201, 64], [243, 128], [173, 115], [260, 189], [154, 179], [281, 241], [133, 237], [238, 245], [193, 244], [236, 337], [194, 343], [229, 423], [187, 432]]
data_bruh_jack\cam2_pose\cam2_20241016_004702_0054.png [[236, 72], [241, 67], [229, 63], [206, 64], [245, 128], [177, 116], [262, 188], [160, 178], [281, 241], [139, 236], [241, 244], [194, 243], [238, 339], [197, 344], [229, 424], [188, 431]]
data_bruh_jack\cam2_pose\cam2_20241016_004702_0055.png [[237, 72], [242, 66], [229, 63], [206, 64], [246, 129], [178, 116], [262, 188], [161, 178], [281, 240], [140, 235], [241, 243], [195, 241], [238, 338], [197, 342], [229, 424], [189, 431]]
data_bruh_jack\cam2_pose\cam2_20241016_004702_0056.png [[237, 72], [242, 66], [230, 63], [207, 64], [246, 128], [178, 115], [262, 188], [162, 177], [281, 240], [142, 234], [242, 245], [197, 244], [238, 338], [198, 342], [229, 424], [190, 433]]
data_bruh_jack\cam2_pose\cam2_20241016_004702_0057.png [[238, 72], [242, 66], [230, 63], [207, 63], [246, 128], [178, 115], [262, 188], [162, 176], [281, 240], [142, 234], [242, 245], [197, 243], [238, 339], [198, 342], [228, 424], [191, 431]]
data_bruh_jack\cam2_pose\cam2_20241016_004702_0058.png [[238, 71], [242, 66], [230, 63], [206, 63], [245, 127], [178, 114], [261, 188], [163, 176], [280, 239], [142, 234], [242, 246], [197, 244], [238, 339], [198, 343], [228, 424], [191, 431]]
data_bruh_jack\cam2_pose\cam2_20241016_004702_0059.png [[237, 71], [242, 66], [230, 63], [206, 63], [245, 127], [178, 114], [261, 188], [162, 177], [280, 239], [143, 234], [241, 246], [196, 243], [238, 338], [198, 342], [228, 424], [192, 432]]
data_bruh_jack\cam2_pose\cam2_20241016_004702_0060.png [[235, 72], [239, 66], [228, 63], [204, 63], [241, 128], [175, 114], [257, 188], [160, 177], [277, 237], [142, 236], [238, 244], [192, 243], [236, 339], [198, 344], [227, 425], [193, 436]]
data_bruh_jack\cam2_pose\cam2_20241016_004702_0061.png [[234, 71], [238, 66], [227, 63], [203, 63], [240, 128], [174, 114], [256, 188], [159, 177], [275, 238], [142, 236], [238, 245], [192, 245], [236, 339], [197, 345], [228, 424], [193, 437]]
data_bruh_jack\cam2_pose\cam2_20241016_004702_0062.png [[233, 71], [238, 66], [227, 62], [202, 63], [238, 127], [173, 113], [254, 188], [159, 177], [274, 239], [141, 237], [236, 245], [191, 246], [236, 338], [197, 345], [227, 424], [193, 437]]
data_bruh_jack\cam2_pose\cam2_20241016_004702_0063.png [[232, 71], [236, 66], [226, 62], [201, 62], [237, 127], [172, 113], [253, 188], [158, 177], [273, 238], [141, 237], [237, 249], [191, 248], [236, 340], [197, 347], [227, 423], [193, 437]]
data_bruh_jack\cam2_pose\cam2_20241016_004702_0064.png [[232, 70], [236, 65], [226, 62], [201, 62], [236, 126], [172, 113], [252, 187], [157, 177], [272, 238], [140, 236], [236, 249], [191, 249], [235, 339], [196, 347], [228, 423], [192, 437]]
data_bruh_jack\cam2_pose\cam2_20241016_004702_0065.png [[232, 70], [236, 65], [225, 61], [200, 61], [236, 126], [171, 112], [251, 188], [157, 178], [271, 238], [140, 236], [236, 248], [191, 248], [235, 340], [195, 348], [228, 423], [192, 437]]
data_bruh_jack\cam2_pose\cam2_20241016_004702_0066.png [[231, 69], [235, 64], [224, 60], [200, 60], [234, 125], [170, 110], [249, 187], [157, 177], [267, 237], [141, 237], [236, 249], [193, 251], [234, 339], [196, 348], [226, 421], [192, 437]]
data_bruh_jack\cam2_pose\cam2_20241016_004703_0067.png [[232, 69], [235, 64], [225, 60], [200, 60], [234, 125], [171, 110], [248, 188], [158, 176], [267, 237], [142, 236], [236, 251], [194, 252], [234, 341], [196, 349], [226, 422], [192, 437]]
data_bruh_jack\cam2_pose\cam2_20241016_004703_0068.png [[232, 69], [236, 64], [226, 60], [200, 60], [233, 125], [172, 111], [248, 188], [160, 176], [266, 238], [143, 236], [236, 249], [194, 252], [234, 340], [197, 347], [225, 422], [192, 437]]
data_bruh_jack\cam2_pose\cam2_20241016_004703_0069.png [[232, 70], [236, 65], [226, 61], [201, 60], [233, 125], [172, 111], [248, 188], [161, 177], [266, 238], [145, 237], [236, 246], [194, 249], [234, 340], [197, 347], [224, 422], [192, 437]]
data_bruh_jack\cam2_pose\cam2_20241016_004703_0070.png [[233, 71], [236, 66], [227, 62], [202, 61], [234, 125], [174, 111], [248, 188], [162, 178], [266, 239], [147, 238], [235, 247], [193, 249], [234, 341], [198, 346], [224, 423], [192, 437]]
data_bruh_jack\cam2_pose\cam2_20241016_004703_0071.png [[235, 71], [237, 66], [228, 62], [203, 62], [235, 126], [175, 113], [248, 189], [164, 179], [266, 239], [149, 238], [235, 247], [194, 249], [235, 341], [199, 345], [225, 423], [192, 437]]
data_bruh_jack\cam2_pose\cam2_20241016_004703_0072.png [[237, 71], [240, 66], [231, 62], [206, 61], [236, 125], [178, 111], [248, 189], [169, 175], [265, 238], [156, 236], [237, 246], [197, 248], [237, 341], [202, 345], [225, 425], [194, 436]]
data_bruh_jack\cam2_pose\cam2_20241016_004703_0073.png [[238, 71], [240, 66], [231, 62], [206, 61], [236, 125], [179, 111], [248, 189], [170, 175], [265, 237], [157, 235], [237, 244], [198, 247], [237, 341], [202, 345], [225, 424], [194, 436]]
data_bruh_jack\cam2_pose\cam2_20241016_004703_0074.png [[238, 71], [241, 66], [231, 61], [207, 61], [236, 125], [179, 111], [248, 189], [170, 175], [264, 237], [157, 235], [237, 246], [198, 248], [237, 342], [202, 347], [225, 424], [194, 437]]
data_bruh_jack\cam2_pose\cam2_20241016_004703_0075.png [[238, 70], [241, 65], [231, 61], [206, 60], [235, 125], [179, 110], [248, 189], [170, 175], [263, 238], [157, 236], [237, 244], [199, 246], [237, 342], [203, 347], [224, 424], [195, 438]]
data_bruh_jack\cam2_pose\cam2_20241016_004703_0076.png [[238, 71], [241, 65], [231, 61], [207, 60], [235, 125], [179, 110], [247, 189], [171, 175], [263, 238], [158, 236], [236, 243], [198, 246], [236, 342], [203, 348], [224, 424], [194, 440]]
data_bruh_jack\cam2_pose\cam2_20241016_004703_0077.png [[237, 71], [240, 66], [231, 62], [206, 60], [234, 125], [179, 110], [246, 189], [171, 175], [262, 238], [158, 237], [236, 243], [197, 245], [236, 342], [203, 349], [224, 424], [195, 440]]
data_bruh_jack\cam2_pose\cam2_20241016_004703_0078.png [[236, 71], [239, 66], [230, 62], [205, 60], [228, 124], [178, 109], [241, 189], [170, 176], [255, 239], [159, 239], [235, 248], [198, 252], [236, 343], [203, 350], [224, 424], [194, 438]]
data_bruh_jack\cam2_pose\cam2_20241016_004703_0079.png [[235, 70], [239, 66], [229, 60], [205, 59], [227, 123], [178, 108], [239, 189], [170, 175], [253, 238], [160, 239], [234, 247], [198, 251], [236, 342], [203, 349], [224, 423], [194, 440]]
data_bruh_jack\cam2_pose\cam2_20241016_004703_0080.png [[235, 70], [238, 65], [229, 60], [205, 58], [226, 123], [178, 108], [237, 188], [171, 174], [251, 237], [161, 239], [233, 246], [199, 249], [236, 340], [203, 347], [223, 422], [194, 440]]
data_bruh_jack\cam2_pose\cam2_20241016_004703_0081.png [[235, 69], [238, 64], [229, 60], [204, 58], [225, 122], [178, 107], [235, 189], [172, 174], [250, 238], [162, 239], [233, 246], [199, 249], [235, 339], [203, 345], [222, 419], [194, 439]]
data_bruh_jack\cam2_pose\cam2_20241016_004703_0082.png [[235, 68], [238, 63], [229, 59], [204, 57], [224, 120], [178, 107], [232, 191], [173, 175], [248, 238], [163, 240], [232, 247], [199, 249], [234, 339], [203, 346], [221, 419], [194, 441]]
data_bruh_jack\cam2_pose\cam2_20241016_004703_0083.png [[235, 68], [238, 63], [229, 59], [204, 57], [222, 119], [178, 106], [230, 192], [173, 174], [245, 241], [164, 240], [232, 244], [200, 247], [234, 338], [204, 345], [221, 419], [194, 441]]
data_bruh_jack\cam2_pose\cam2_20241016_004703_0084.png [[235, 70], [238, 65], [229, 60], [205, 59], [218, 116], [181, 107], [178, 176], [172, 241], [231, 249], [202, 252], [231, 343], [206, 347], [217, 422], [194, 441]]
data_bruh_jack\cam2_pose\cam2_20241016_004703_0085.png [[235, 71], [238, 66], [230, 62], [205, 60], [219, 117], [182, 108], [228, 189], [180, 177], [244, 245], [175, 241], [229, 251], [202, 252], [230, 342], [207, 346], [217, 422], [195, 441]]
data_bruh_jack\cam2_pose\cam2_20241016_004704_0086.png [[236, 71], [239, 66], [230, 62], [206, 60], [218, 116], [183, 109], [229, 189], [181, 176], [244, 245], [177, 240], [227, 253], [202, 254], [230, 343], [208, 346], [217, 422], [195, 440]]
data_bruh_jack\cam2_pose\cam2_20241016_004704_0087.png [[236, 72], [239, 66], [230, 63], [206, 61], [218, 116], [184, 109], [231, 189], [183, 177], [244, 244], [179, 240], [227, 252], [203, 253], [230, 342], [209, 346], [217, 422], [196, 440]]
data_bruh_jack\cam2_pose\cam2_20241016_004704_0088.png [[237, 72], [240, 66], [231, 63], [207, 61], [218, 114], [187, 108], [187, 175], [187, 238], [224, 251], [207, 252], [232, 343], [210, 347], [220, 421], [196, 442]]
data_bruh_jack\cam2_pose\cam2_20241016_004704_0089.png [[238, 71], [240, 66], [232, 63], [207, 61], [217, 113], [188, 108], [188, 175], [188, 238], [224, 251], [208, 253], [232, 341], [210, 345], [220, 422], [197, 442]]
data_bruh_jack\cam2_pose\cam2_20241016_004704_0090.png [[238, 71], [240, 66], [232, 62], [208, 61], [218, 113], [188, 108], [189, 175], [242, 245], [189, 237], [225, 251], [209, 252], [232, 341], [210, 345], [220, 422], [198, 442]]
data_bruh_jack\cam2_pose\cam2_20241016_004704_0091.png [[238, 71], [241, 66], [232, 62], [208, 60], [217, 112], [188, 108], [190, 175], [241, 245], [191, 237], [221, 250], [209, 252], [232, 339], [211, 344], [220, 422], [199, 442]]
data_bruh_jack\cam2_pose\cam2_20241016_004704_0092.png [[238, 71], [241, 66], [232, 62], [208, 60], [216, 112], [189, 108], [190, 174], [242, 245], [192, 237], [220, 250], [209, 251], [231, 339], [211, 344], [220, 422], [199, 443]]
data_bruh_jack\cam2_pose\cam2_20241016_004704_0093.png [[238, 71], [241, 66], [232, 62], [208, 60], [215, 111], [190, 107], [193, 176], [196, 239], [218, 251], [211, 254], [230, 340], [216, 342], [220, 424], [200, 447]]
data_bruh_jack\cam2_pose\cam2_20241016_004704_0094.png [[238, 71], [241, 66], [232, 62], [207, 60], [212, 110], [190, 107], [193, 175], [197, 240], [217, 251], [211, 253], [229, 337], [217, 339], [221, 424], [201, 446]]
data_bruh_jack\cam2_pose\cam2_20241016_004704_0095.png [[238, 71], [241, 66], [232, 61], [207, 59], [210, 108], [190, 106], [193, 174], [198, 240], [217, 249], [211, 251], [228, 334], [217, 339], [220, 425], [200, 446]]
data_bruh_jack\cam2_pose\cam2_20241016_004704_0096.png [[238, 70], [241, 65], [232, 60], [207, 58], [210, 107], [190, 105], [194, 175], [199, 240], [218, 254], [211, 257], [227, 339], [215, 342], [220, 424], [200, 446]]
data_bruh_jack\cam2_pose\cam2_20241016_004704_0097.png [[238, 69], [241, 65], [232, 60], [207, 58], [210, 108], [190, 105], [194, 174], [200, 240], [217, 254], [211, 256], [227, 338], [216, 341], [219, 424], [200, 447]]
data_bruh_jack\cam2_pose\cam2_20241016_004704_0098.png [[238, 69], [241, 63], [232, 59], [207, 57], [209, 107], [191, 104], [195, 174], [201, 239], [215, 252], [209, 255], [222, 339], [217, 341], [218, 423], [200, 448]]
data_bruh_jack\cam2_pose\cam2_20241016_004704_0099.png [[238, 68], [241, 63], [232, 59], [207, 57], [210, 107], [191, 103], [195, 173], [202, 239], [215, 248], [209, 251], [211, 332], [218, 340], [215, 423], [200, 448]]
