match keypoints image0 [[329, 57], [194, 70], [0.77794456], [335, 47], [218, 63], [0.42618656], [377, 100], [253, 126], [0.93768245], [373, 245], [195, 334], [0.12639123], [380, 453], [194, 423], [0.06587515]]"
match keypoints image1 [[329, 57], [194, 70], [0.7657076], [335, 47], [202, 63], [0.55452716], [359, 46], [218, 63], [0.31655312], [377, 100], [253, 126], [0.8649072], [373, 245], [133, 241], [0.15197484], [380, 453], [194, 423], [0.35915813]]"
match keypoints image2 [[329, 57], [194, 70], [0.8408452], [335, 47], [203, 63], [0.7357689], [377, 100], [253, 126], [0.94266295], [373, 245], [239, 333], [0.12388323], [380, 453], [194, 423], [0.55522346]]"
match keypoints image3 [[329, 57], [196, 69], [0.74675107], [335, 47], [221, 63], [0.400047], [377, 100], [254, 126], [0.9399272], [360, 101], [177, 123], [0.07055992], [374, 176], [157, 186], [0.3393313], [373, 245], [133, 240], [0.32589695], [380, 453], [193, 423], [0.45684233]]"
match keypoints image4 [[329, 57], [196, 69], [0.7021603], [335, 47], [205, 63], [0.71898484], [360, 46], [234, 69], [0.6641564], [377, 100], [254, 125], [0.93197227], [360, 101], [177, 123], [0.5196619], [375, 175], [157, 186], [0.8894225], [373, 244], [133, 240], [0.8368802], [380, 453], [193, 424], [0.7366687]]"
match keypoints image5 [[330, 55], [196, 69], [0.7861241], [336, 45], [205, 63], [0.5127726], [380, 98], [254, 125], [0.9501793], [376, 172], [271, 188], [0.1855278], [375, 243], [241, 240], [0.27452278], [326, 245], [190, 239], [0.074803896], [361, 350], [241, 331], [0.100054875], [355, 428], [246, 423], [0.41567296]]"
match keypoints image6 [[330, 55], [196, 69], [0.77867377], [336, 45], [206, 62], [0.4084912], [380, 98], [254, 125], [0.95271593], [377, 171], [271, 188], [0.0912074], [376, 242], [240, 243], [0.30971044], [326, 245], [189, 242], [0.089805014], [361, 350], [242, 333], [0.0546624], [355, 427], [192, 423], [0.41773066]]"
match keypoints image7 [[329, 55], [196, 68], [0.7138846], [335, 45], [222, 62], [0.46473274], [379, 97], [254, 125], [0.94794536], [376, 241], [292, 243], [0.3961374], [353, 427], [246, 422], [0.6988041]]"
match keypoints image8 [[329, 55], [195, 67], [0.56372386], [335, 45], [205, 61], [0.5280524], [379, 98], [254, 125], [0.9489611], [358, 100], [176, 122], [0.06276394], [377, 171], [155, 185], [0.33915174], [376, 241], [131, 239], [0.39361882], [352, 427], [246, 423], [0.5724074]]"
match keypoints image9 [[335, 45], [201, 61], [0.31624353], [361, 45], [209, 68], [0.6135287], [378, 98], [249, 125], [0.78070855], [377, 172], [267, 187], [0.5527304], [334, 185], [170, 123], [0.20100263], [376, 242], [289, 242], [0.57133806], [323, 243], [149, 184], [0.05159265], [337, 245], [237, 243], [0.2903212], [338, 348], [238, 334], [0.52623755], [351, 427], [246, 423], [0.74300635]]"
match keypoints image10 [[327, 57], [189, 68], [0.7446135], [359, 47], [200, 61], [0.5840844], [376, 100], [247, 125], [0.9482704], [377, 171], [266, 188], [0.24999131], [334, 185], [169, 123], [0.19294594], [378, 243], [123, 241], [0.4696857], [358, 252], [236, 245], [0.87013245], [336, 251], [185, 243], [0.83831525], [359, 350], [238, 336], [0.7427515], [337, 347], [187, 338], [0.8001452], [352, 429], [246, 423], [0.59607303]]"
match keypoints image11 [[327, 57], [189, 68], [0.8765949], [333, 48], [200, 61], [0.8443699], [376, 100], [247, 125], [0.95606214], [377, 171], [266, 188], [0.37736297], [333, 185], [148, 185], [0.6356984], [379, 240], [288, 242], [0.54407054], [358, 251], [236, 245], [0.83449286], [336, 248], [185, 243], [0.85518813], [358, 350], [238, 336], [0.45207998], [337, 347], [187, 338], [0.74761754], [352, 430], [246, 423], [0.47024843]]"
match keypoints image12 [[326, 58], [186, 66], [0.60110384], [358, 48], [205, 68], [0.33898786], [375, 101], [244, 125], [0.93658274], [377, 171], [264, 187], [0.71358615], [332, 186], [164, 122], [0.686258], [381, 240], [286, 241], [0.80355704], [318, 241], [144, 184], [0.19581765], [335, 247], [232, 247], [0.13557957], [338, 347], [236, 335], [0.5724839], [377, 453], [188, 426], [0.08072558], [352, 430], [246, 423], [0.9164949]]"
match keypoints image13 [[326, 58], [185, 66], [0.6314899], [332, 48], [197, 61], [0.649422], [375, 101], [244, 125], [0.950045], [382, 240], [118, 240], [0.266809], [352, 429], [246, 422], [0.6560722]]"
match keypoints image14 [[332, 48], [196, 60], [0.17386734], [325, 52], [184, 66], [0.26007628], [374, 101], [243, 125], [0.92216986], [348, 105], [162, 122], [0.17645739], [377, 170], [262, 186], [0.8975135], [332, 185], [141, 185], [0.09168293], [382, 240], [286, 241], [0.91310143], [358, 246], [231, 246], [0.9228372], [337, 244], [181, 243], [0.86777127], [359, 347], [235, 334], [0.8418018], [338, 345], [185, 338], [0.8587942], [377, 451], [188, 426], [0.25020692], [352, 429], [246, 422], [0.84327924]]"
match keypoints image15 [[326, 57], [205, 67], [0.3785582], [332, 48], [214, 60], [0.40160695], [375, 101], [242, 124], [0.93222606], [378, 170], [262, 185], [0.52858394], [332, 184], [161, 120], [0.122901484], [383, 240], [286, 240], [0.7323551], [319, 237], [116, 237], [0.15277348], [357, 246], [231, 243], [0.8935985], [336, 245], [181, 241], [0.78787696], [359, 349], [234, 333], [0.6236208], [338, 346], [185, 338], [0.8469078], [353, 428], [241, 418], [0.6646829]]"
match keypoints image16 [[333, 47], [197, 60], [0.36217135], [325, 51], [185, 65], [0.50043124], [376, 100], [242, 125], [0.9433676], [380, 170], [263, 185], [0.66004974], [333, 184], [161, 120], [0.27046803], [388, 239], [287, 240], [0.84711987], [317, 235], [116, 237], [0.5088245], [360, 247], [231, 245], [0.9461722], [337, 245], [181, 243], [0.93104655], [361, 350], [234, 333], [0.73202485], [338, 347], [186, 339], [0.8451167], [353, 428], [239, 418], [0.7903406]]"
match keypoints image17 [[334, 47], [185, 65], [0.46321756], [359, 48], [199, 60], [0.78906995], [377, 100], [243, 125], [0.9117894], [343, 108], [162, 120], [0.25447425], [389, 240], [232, 245], [0.30480438], [338, 345], [187, 339], [0.1775979], [378, 449], [238, 419], [0.14558145], [353, 428], [187, 426], [0.36137852]]"
match keypoints image18 [[335, 47], [207, 67], [0.4344121], [326, 51], [185, 65], [0.1118539], [378, 100], [243, 125], [0.8997275], [391, 240], [235, 332], [0.14207587], [336, 246], [232, 245], [0.57478946], [338, 347], [187, 339], [0.5544568], [353, 428], [187, 426], [0.43893296]]"
match keypoints image19 [[328, 57], [187, 66], [0.10738608], [361, 48], [200, 60], [0.33388534], [379, 100], [244, 125], [0.619085], [344, 110], [163, 121], [0.33701354], [332, 185], [142, 183], [0.25971293], [393, 240], [288, 240], [0.4556283], [337, 248], [232, 245], [0.11270205], [338, 348], [187, 338], [0.39790723], [352, 429], [238, 420], [0.62503874]]"
match keypoints image20 [[329, 56], [188, 66], [0.3395839], [337, 47], [202, 61], [0.4232619], [380, 100], [246, 126], [0.92169046], [343, 111], [164, 122], [0.4534827], [386, 171], [143, 184], [0.5524471], [394, 240], [233, 248], [0.25110465], [337, 247], [184, 245], [0.4667169], [337, 346], [187, 339], [0.5067637], [352, 428], [238, 421], [0.6125354]]"
match keypoints image21 [[331, 55], [215, 68], [0.8227916], [337, 45], [224, 62], [0.60843307], [329, 49], [194, 66], [0.43179014], [382, 98], [250, 125], [0.9515715], [341, 113], [169, 121], [0.7515514], [388, 169], [269, 186], [0.5280111], [398, 239], [292, 240], [0.85172147], [312, 234], [122, 238], [0.41192627], [366, 249], [238, 249], [0.9382135], [334, 245], [188, 247], [0.8324651], [363, 348], [236, 338], [0.7071137], [335, 343], [189, 341], [0.761612], [351, 425], [237, 422], [0.7043922]]"
match keypoints image22 [[338, 44], [194, 65], [0.18388993], [364, 45], [216, 68], [0.38363653], [383, 98], [250, 125], [0.9481709], [340, 113], [169, 121], [0.8890016], [391, 169], [269, 186], [0.6331293], [329, 181], [147, 182], [0.8209453], [401, 237], [292, 241], [0.9313321], [309, 232], [121, 237], [0.943732], [368, 248], [238, 250], [0.9543509], [335, 242], [188, 247], [0.9471914], [363, 347], [237, 340], [0.6939676], [333, 342], [189, 341], [0.8351674], [347, 426], [237, 422], [0.6821134]]"
match keypoints image23 [[338, 44], [194, 65], [0.49108818], [383, 97], [250, 125], [0.9557155], [340, 114], [169, 120], [0.9296936], [391, 169], [269, 186], [0.7231552], [328, 182], [147, 182], [0.84391665], [401, 239], [292, 240], [0.9154445], [308, 233], [121, 237], [0.93949103], [368, 248], [238, 250], [0.9559756], [335, 242], [188, 248], [0.9547565], [364, 348], [236, 340], [0.56363523], [332, 342], [189, 341], [0.80973935], [346, 426], [238, 422], [0.78890646]]"
match keypoints image24 [[338, 44], [194, 65], [0.4245566], [383, 97], [250, 124], [0.95691097], [338, 114], [169, 121], [0.93822277], [391, 169], [269, 186], [0.7095576], [327, 182], [146, 182], [0.9404625], [403, 237], [292, 240], [0.9412995], [307, 232], [119, 237], [0.93885195], [369, 248], [238, 250], [0.95819646], [335, 243], [188, 248], [0.94825524], [364, 348], [236, 337], [0.6931378], [332, 343], [189, 338], [0.79249305], [377, 449], [238, 422], [0.42749956], [343, 428], [184, 429], [0.77027583]]"
match keypoints image25 [[331, 54], [214, 68], [0.6503848], [328, 48], [191, 65], [0.49888355], [383, 97], [248, 125], [0.93510383], [339, 113], [166, 121], [0.89594895], [391, 169], [267, 186], [0.93017393], [325, 181], [143, 182], [0.9053936], [403, 237], [291, 240], [0.95506525], [368, 246], [237, 250], [0.9585262], [334, 242], [187, 248], [0.9549465], [364, 349], [236, 338], [0.54969585], [333, 344], [186, 342], [0.90372413], [342, 428], [183, 431], [0.51597553]]"
match keypoints image26 [[331, 54], [213, 68], [0.70277745], [337, 45], [222, 62], [0.4923515], [328, 49], [190, 65], [0.14648403], [382, 98], [247, 125], [0.93440205], [338, 114], [164, 121], [0.66617316], [391, 169], [266, 186], [0.26302832], [324, 181], [141, 183], [0.7442206], [404, 237], [291, 240], [0.9317636], [368, 245], [236, 249], [0.93262285], [335, 239], [186, 246], [0.91047627], [363, 348], [236, 338], [0.61176026], [332, 344], [185, 343], [0.91551745], [341, 428], [238, 423], [0.4945178]]"
match keypoints image27 [[330, 55], [212, 68], [0.21811847], [337, 45], [203, 60], [0.49510226], [327, 49], [187, 65], [0.6413781], [381, 98], [243, 125], [0.95661485], [337, 114], [162, 120], [0.9440545], [391, 169], [265, 185], [0.9465688], [322, 182], [138, 183], [0.9285505], [405, 237], [289, 239], [0.9527827], [367, 246], [233, 249], [0.95537627], [333, 242], [184, 246], [0.95352346], [364, 350], [236, 338], [0.55409217], [332, 345], [185, 342], [0.855801], [342, 430], [238, 422], [0.45161414]]"
match keypoints image28 [[336, 46], [202, 60], [0.24428923], [326, 50], [186, 65], [0.5545612], [380, 99], [242, 125], [0.95187944], [335, 115], [161, 119], [0.88060576], [391, 169], [263, 185], [0.8014706], [321, 182], [137, 182], [0.89781016], [405, 237], [288, 238], [0.950582], [367, 246], [232, 249], [0.95200515], [332, 242], [183, 246], [0.9495135], [363, 350], [236, 337], [0.6562227], [332, 345], [185, 340], [0.8692193], [377, 451], [238, 421], [0.46816477], [342, 431], [184, 431], [0.7572898]]"
match keypoints image29 [[326, 56], [185, 64], [0.5082627], [334, 47], [202, 60], [0.6926484], [377, 101], [241, 125], [0.9484872], [331, 115], [160, 119], [0.7810442], [389, 169], [262, 185], [0.4911039], [316, 182], [137, 182], [0.57818365], [405, 235], [287, 238], [0.9569652], [362, 244], [231, 246], [0.95310444], [328, 242], [182, 245], [0.95578134], [362, 349], [235, 335], [0.6762439], [330, 344], [184, 339], [0.9159685], [377, 449], [238, 420], [0.4252485], [342, 431], [184, 432], [0.59576225]]"
match keypoints image30 [[333, 47], [184, 63], [0.3857681], [358, 49], [210, 66], [0.5424538], [377, 101], [239, 124], [0.93299407], [330, 114], [158, 118], [0.8866093], [389, 170], [261, 185], [0.24073228], [314, 183], [136, 180], [0.6836758], [406, 236], [286, 237], [0.6747989], [328, 242], [181, 244], [0.59308374], [331, 345], [183, 338], [0.44634718], [342, 431], [184, 431], [0.40128535]]"
match keypoints image31 [[326, 56], [210, 66], [0.80540144], [333, 47], [218, 61], [0.5386722], [322, 51], [184, 63], [0.60838735], [377, 101], [239, 123], [0.9379043], [329, 115], [158, 117], [0.9333892], [389, 170], [261, 185], [0.7558346], [313, 182], [137, 180], [0.8867332], [406, 235], [286, 237], [0.9504199], [362, 245], [231, 247], [0.9529608], [327, 243], [181, 245], [0.95602566], [362, 348], [233, 335], [0.2279464], [330, 345], [184, 339], [0.9224049], [342, 431], [234, 420], [0.6391726]]"
match keypoints image32 [[327, 55], [211, 67], [0.93984145], [335, 46], [219, 61], [0.9474195], [324, 49], [203, 59], [0.7576731], [379, 101], [239, 124], [0.9516037], [328, 114], [159, 117], [0.91753155], [391, 169], [261, 185], [0.5228571], [311, 182], [137, 180], [0.93118995], [409, 234], [286, 237], [0.94346744], [327, 242], [182, 246], [0.8203758], [364, 348], [233, 336], [0.10692275], [331, 345], [185, 339], [0.52690345], [342, 431], [232, 420], [0.52092874]]"
match keypoints image33 [[328, 55], [212, 67], [0.900668], [337, 45], [220, 61], [0.92890716], [379, 101], [240, 125], [0.94894165], [328, 115], [160, 117], [0.88786906], [393, 170], [262, 185], [0.6144874], [311, 182], [137, 180], [0.8705881], [410, 235], [286, 237], [0.9019447], [327, 243], [183, 247], [0.67268336], [332, 346], [185, 340], [0.20650336], [342, 431], [184, 431], [0.45829543]]"
match keypoints image34 [[329, 55], [214, 68], [0.84525007], [337, 46], [221, 62], [0.84749544], [326, 49], [187, 63], [0.3383813], [380, 101], [241, 124], [0.9561269], [328, 114], [161, 117], [0.90963423], [395, 170], [262, 186], [0.66264844], [311, 182], [138, 182], [0.90361166], [412, 234], [286, 237], [0.9254448], [365, 245], [233, 250], [0.9324576], [328, 244], [184, 248], [0.93044746], [364, 351], [233, 338], [0.26868522], [333, 347], [185, 342], [0.48983112], [342, 431], [231, 424], [0.80722636]]"
match keypoints image35 [[331, 54], [216, 68], [0.57555306], [339, 45], [207, 60], [0.67279166], [382, 102], [242, 125], [0.9577084], [329, 115], [162, 118], [0.9337493], [397, 172], [263, 186], [0.5018351], [311, 182], [140, 182], [0.91548467], [414, 237], [287, 238], [0.92959225], [366, 246], [233, 249], [0.9535476], [328, 245], [184, 247], [0.9510963], [364, 351], [233, 336], [0.116807915], [332, 348], [186, 342], [0.77044076], [342, 431], [231, 424], [0.72553426]]"
match keypoints image36 [[333, 54], [219, 69], [0.9418683], [341, 44], [226, 63], [0.9234699], [329, 48], [192, 64], [0.3189379], [386, 101], [244, 126], [0.9573053], [329, 115], [165, 119], [0.9488926], [400, 170], [265, 187], [0.7401243], [313, 181], [146, 182], [0.9254203], [417, 236], [289, 238], [0.82370734], [292, 234], [121, 239], [0.8721904], [329, 245], [236, 248], [0.27562332], [333, 348], [235, 336], [0.7871346], [342, 430], [231, 424], [0.8597679]]"
match keypoints image37 [[333, 54], [221, 69], [0.950202], [341, 44], [228, 64], [0.87802833], [329, 48], [193, 64], [0.87708104], [386, 101], [245, 126], [0.9588238], [329, 115], [166, 118], [0.94811594], [400, 170], [265, 187], [0.46512857], [313, 181], [148, 181], [0.9359155], [417, 236], [289, 238], [0.84345543], [292, 234], [124, 239], [0.89220154], [329, 245], [188, 247], [0.6584163], [333, 348], [190, 339], [0.48043898], [373, 444], [231, 425], [0.46765652], [342, 430], [185, 430], [0.6091119]]"
match keypoints image38 [[337, 52], [226, 70], [0.95875496], [346, 42], [232, 64], [0.95924515], [390, 99], [249, 127], [0.9605378], [332, 113], [171, 118], [0.8915049], [404, 169], [268, 187], [0.8640933], [314, 180], [152, 182], [0.85667616], [424, 236], [291, 240], [0.848193], [292, 234], [130, 239], [0.82331765], [372, 248], [241, 248], [0.95473737], [332, 245], [191, 245], [0.9477189], [368, 349], [237, 335], [0.6222366], [332, 345], [192, 338], [0.8347569], [341, 430], [232, 425], [0.65073675]]"
match keypoints image39 [[337, 51], [227, 70], [0.92493504], [346, 42], [233, 64], [0.9359044], [390, 99], [250, 126], [0.9606974], [332, 113], [172, 118], [0.95481926], [405, 169], [269, 187], [0.5510876], [314, 179], [153, 181], [0.9029676], [424, 235], [291, 240], [0.89472455], [291, 234], [131, 238], [0.8713876], [373, 248], [241, 245], [0.94797903], [332, 245], [191, 242], [0.9431944], [368, 349], [237, 334], [0.25249574], [332, 346], [193, 338], [0.6847229], [338, 430], [232, 424], [0.9321021]]"
match keypoints image40 [[337, 51], [228, 70], [0.9491416], [346, 42], [234, 64], [0.94785655], [391, 99], [250, 126], [0.9594931], [332, 113], [172, 118], [0.94715345], [406, 169], [269, 187], [0.6211256], [314, 178], [154, 181], [0.89986223], [425, 236], [291, 240], [0.8775811], [290, 234], [132, 237], [0.8265605], [373, 248], [242, 244], [0.9494596], [331, 245], [191, 241], [0.8981546], [367, 348], [237, 335], [0.40693253], [332, 345], [192, 337], [0.5906794], [337, 430], [232, 424], [0.7221268]]"
match keypoints image41 [[337, 51], [228, 70], [0.9560279], [346, 42], [235, 64], [0.9559236], [391, 98], [250, 126], [0.9617071], [331, 113], [173, 117], [0.9481714], [406, 169], [269, 187], [0.7582166], [314, 177], [154, 180], [0.78646266], [426, 235], [292, 239], [0.9193417], [289, 233], [132, 236], [0.85002834], [373, 248], [241, 244], [0.9567325], [331, 244], [192, 242], [0.95602524], [367, 348], [237, 333], [0.71832484], [331, 345], [193, 336], [0.7295618], [335, 430], [232, 424], [0.51404554]]"
match keypoints image42 [[337, 51], [229, 70], [0.93526685], [346, 42], [235, 64], [0.89319295], [332, 45], [200, 64], [0.7188981], [391, 98], [250, 126], [0.9568028], [331, 113], [173, 117], [0.9243956], [407, 170], [269, 187], [0.27488306], [426, 235], [292, 239], [0.8748388], [288, 233], [132, 236], [0.84383917], [373, 247], [242, 242], [0.94556373], [331, 243], [192, 240], [0.93324053], [367, 349], [237, 333], [0.47670445], [329, 345], [193, 336], [0.8007479], [334, 431], [185, 431], [0.2803994]]"
match keypoints image43 [[337, 51], [229, 70], [0.9514656], [345, 42], [235, 64], [0.952561], [332, 45], [200, 64], [0.85087264], [390, 99], [250, 126], [0.9615244], [331, 113], [173, 117], [0.95098794], [406, 170], [269, 187], [0.65390235], [313, 177], [154, 180], [0.84330493], [427, 235], [291, 239], [0.8020553], [287, 233], [132, 236], [0.8836429], [371, 247], [242, 243], [0.9477164], [330, 243], [192, 241], [0.9534785], [328, 345], [192, 337], [0.82107943], [332, 431], [231, 424], [0.794594]]"
match keypoints image44 [[336, 51], [228, 69], [0.9305564], [344, 42], [234, 64], [0.7645274], [332, 45], [200, 64], [0.25816596], [390, 99], [250, 126], [0.9602548], [330, 113], [173, 117], [0.94720876], [406, 170], [269, 187], [0.79000926], [311, 177], [153, 180], [0.87615323], [427, 235], [291, 240], [0.9285793], [371, 248], [241, 247], [0.95836306], [329, 244], [191, 245], [0.95289713], [328, 347], [191, 338], [0.8487018], [331, 431], [231, 424], [0.58094794]]"
match keypoints image45 [[342, 44], [198, 64], [0.72732884], [365, 47], [226, 70], [0.59904057], [386, 102], [246, 126], [0.9562789], [325, 116], [169, 118], [0.9079498], [404, 172], [265, 188], [0.8267679], [425, 236], [287, 239], [0.8817032], [281, 233], [127, 237], [0.90361255], [368, 247], [239, 250], [0.9087535], [326, 244], [190, 249], [0.8762023], [367, 350], [237, 336], [0.6236027], [325, 348], [190, 343], [0.50013095], [331, 432], [232, 425], [0.81677806]]"
match keypoints image46 [[333, 53], [226, 70], [0.7576576], [341, 44], [218, 62], [0.6478355], [328, 47], [197, 64], [0.7222912], [386, 102], [245, 127], [0.9589607], [323, 115], [169, 118], [0.9239104], [404, 172], [264, 188], [0.46672556], [305, 178], [149, 182], [0.91456974], [425, 235], [286, 239], [0.8823278], [280, 233], [127, 237], [0.93773437], [367, 246], [238, 248], [0.9544861], [326, 245], [190, 246], [0.92712504], [325, 347], [190, 341], [0.3319323], [331, 432], [232, 424], [0.8675797]]"
match keypoints image47 [[332, 53], [226, 70], [0.9427196], [341, 44], [231, 64], [0.9334364], [385, 102], [244, 126], [0.96277547], [322, 114], [168, 117], [0.95369583], [403, 171], [263, 188], [0.86477464], [304, 178], [148, 181], [0.64909333], [425, 235], [285, 239], [0.9229672], [280, 233], [126, 237], [0.9121706], [368, 247], [237, 249], [0.9595089], [325, 246], [190, 248], [0.95598465], [367, 348], [237, 334], [0.8908675], [325, 347], [190, 341], [0.9338824], [331, 432], [187, 435], [0.7225997]]"
match keypoints image48 [[341, 43], [197, 62], [0.890636], [364, 47], [226, 69], [0.8928693], [386, 103], [242, 126], [0.9555168], [321, 114], [167, 114], [0.880645], [403, 172], [260, 188], [0.6935252], [302, 178], [148, 179], [0.7221214], [425, 236], [281, 240], [0.8910544], [279, 232], [125, 236], [0.945311], [368, 247], [236, 248], [0.9347896], [325, 245], [188, 247], [0.9102182], [368, 349], [238, 333], [0.89634544], [325, 347], [190, 343], [0.13368097], [331, 432], [230, 421], [0.59685]]"
match keypoints image49 [[333, 52], [227, 69], [0.9380959], [342, 43], [232, 64], [0.90609604], [385, 103], [241, 126], [0.95368105], [403, 172], [259, 188], [0.67326593], [425, 235], [281, 240], [0.7794942], [278, 233], [126, 236], [0.7360851], [368, 245], [237, 246], [0.95490074], [324, 243], [168, 114], [0.28715146], [368, 349], [238, 334], [0.71172917], [325, 347], [188, 245], [0.51046515], [331, 432], [229, 421], [0.8252719]]"
match keypoints image50 [[334, 52], [227, 69], [0.8607362], [342, 43], [233, 64], [0.81125844], [328, 46], [198, 62], [0.7119591], [386, 103], [242, 127], [0.9551861], [320, 113], [169, 114], [0.8899479], [404, 172], [259, 188], [0.63380915], [301, 177], [149, 178], [0.62261933], [425, 235], [280, 239], [0.8475237], [277, 232], [128, 236], [0.87016964], [368, 243], [237, 247], [0.9359775], [324, 241], [189, 246], [0.8537321], [368, 346], [238, 334], [0.33814886], [325, 347], [191, 342], [0.21116787], [331, 432], [228, 422], [0.87082]]"
match keypoints image51 [[338, 51], [230, 71], [0.9556717], [349, 42], [236, 66], [0.94833434], [389, 104], [242, 128], [0.9603603], [321, 114], [171, 115], [0.9582104], [408, 173], [260, 188], [0.76048154], [301, 177], [152, 179], [0.92173654], [430, 236], [280, 241], [0.7060231], [275, 233], [131, 237], [0.8974286], [371, 246], [238, 249], [0.9576029], [325, 243], [191, 248], [0.9551087], [371, 350], [237, 337], [0.7534377], [326, 349], [193, 344], [0.27177066], [331, 432], [228, 423], [0.85508865]]"
match keypoints image52 [[340, 51], [230, 71], [0.9587959], [350, 42], [236, 66], [0.9505391], [391, 104], [242, 128], [0.9589719], [322, 113], [171, 115], [0.9504272], [409, 173], [260, 188], [0.86901665], [301, 177], [152, 179], [0.8868664], [431, 236], [280, 241], [0.77694863], [275, 233], [131, 237], [0.9197416], [373, 245], [238, 249], [0.954797], [326, 243], [191, 248], [0.9433212], [371, 349], [237, 337], [0.8197056], [327, 348], [193, 344], [0.25338438], [331, 432], [228, 423], [0.9064848]]"
match keypoints image53 [[352, 42], [225, 63], [0.6510978], [336, 45], [201, 64], [0.63054717], [372, 48], [232, 72], [0.893053], [392, 105], [243, 128], [0.95781714], [322, 114], [173, 115], [0.94871813], [411, 173], [260, 189], [0.89381516], [301, 177], [154, 179], [0.9369155], [433, 236], [281, 241], [0.91491824], [275, 233], [133, 237], [0.78317297], [374, 245], [238, 245], [0.9584871], [327, 243], [193, 244], [0.9515886], [371, 349], [236, 337], [0.666756], [326, 349], [194, 343], [0.8928071], [331, 432], [229, 423], [0.8590275]]"
match keypoints image54 [[353, 41], [229, 63], [0.64471287], [337, 44], [206, 64], [0.94368094], [373, 47], [236, 72], [0.8085568], [394, 104], [245, 128], [0.9587003], [323, 113], [177, 116], [0.9558265], [412, 172], [262, 188], [0.9146262], [301, 176], [160, 178], [0.9012145], [435, 236], [281, 241], [0.8348144], [375, 247], [241, 244], [0.9547451], [326, 245], [194, 243], [0.9415031], [372, 351], [238, 339], [0.70697886], [327, 350], [197, 344], [0.856571], [331, 432], [229, 424], [0.80980766]]"
match keypoints image55 [[354, 41], [229, 63], [0.69219834], [338, 44], [206, 64], [0.93063915], [374, 47], [237, 72], [0.85268575], [395, 104], [246, 129], [0.9486206], [323, 113], [178, 116], [0.87844086], [413, 173], [262, 188], [0.78957033], [301, 176], [161, 178], [0.6680826], [436, 236], [281, 240], [0.71698713], [376, 248], [241, 243], [0.9336902], [327, 244], [195, 241], [0.77855206], [372, 351], [238, 338], [0.25362566], [326, 350], [197, 342], [0.7287029], [331, 432], [229, 424], [0.85013515]]"
match keypoints image56 [[346, 50], [237, 72], [0.9130914], [355, 41], [230, 63], [0.8239897], [340, 43], [207, 64], [0.862913], [396, 104], [246, 128], [0.9625017], [324, 113], [178, 115], [0.9577497], [415, 172], [262, 188], [0.8420166], [302, 175], [162, 177], [0.9134749], [437, 236], [281, 240], [0.92308205], [274, 232], [142, 234], [0.76791507], [377, 247], [242, 245], [0.9592162], [328, 243], [197, 244], [0.960855], [373, 354], [238, 338], [0.6456436], [326, 350], [198, 342], [0.6822702], [331, 432], [229, 424], [0.89886904]]"
match keypoints image57 [[347, 48], [238, 72], [0.9286308], [357, 39], [230, 63], [0.90595055], [340, 42], [207, 63], [0.95561755], [397, 103], [246, 128], [0.9587415], [324, 111], [178, 115], [0.93302214], [416, 171], [262, 188], [0.76690066], [299, 174], [162, 176], [0.90427077], [440, 234], [281, 240], [0.8735304], [271, 230], [142, 234], [0.52325124], [377, 247], [242, 245], [0.9562104], [327, 243], [197, 243], [0.9555731], [374, 350], [238, 339], [0.36422792], [326, 346], [198, 342], [0.5816506], [376, 442], [228, 424], [0.61468655], [328, 432], [191, 431], [0.77268946]]"
match keypoints image58 [[356, 39], [230, 63], [0.91353154], [340, 42], [206, 63], [0.94425124], [375, 46], [238, 71], [0.94295764], [397, 103], [245, 127], [0.96195155], [323, 111], [178, 114], [0.944468], [416, 171], [261, 188], [0.84445244], [298, 173], [163, 176], [0.95721185], [440, 234], [280, 239], [0.94843405], [270, 230], [142, 234], [0.5574309], [377, 247], [242, 246], [0.96266884], [326, 242], [197, 244], [0.9623952], [373, 351], [238, 339], [0.81900483], [325, 347], [198, 343], [0.9150945], [327, 433], [191, 431], [0.92890656]]"
match keypoints image59 [[346, 48], [237, 71], [0.94039506], [356, 39], [230, 63], [0.9199633], [340, 42], [206, 63], [0.91920847], [395, 103], [245, 127], [0.96329695], [322, 111], [178, 114], [0.9600671], [416, 171], [261, 188], [0.88732576], [297, 173], [162, 177], [0.94541943], [440, 234], [280, 239], [0.9116438], [268, 230], [143, 234], [0.07300164], [376, 247], [241, 246], [0.9609957], [326, 243], [196, 243], [0.9587157], [372, 351], [238, 338], [0.7139442], [325, 347], [198, 342], [0.8567579], [376, 442], [228, 424], [0.089252956], [327, 434], [192, 432], [0.38915762]]"
match keypoints image60 [[355, 40], [228, 63], [0.953343], [338, 42], [204, 63], [0.95506525], [373, 47], [235, 72], [0.9344001], [395, 104], [241, 128], [0.9615955], [321, 112], [175, 114], [0.94925505], [415, 172], [257, 188], [0.9315235], [296, 174], [160, 177], [0.90420526], [439, 234], [277, 237], [0.9057898], [267, 230], [142, 236], [0.29534048], [376, 247], [238, 244], [0.95320004], [325, 244], [192, 243], [0.94609976], [371, 351], [236, 339], [0.6457564], [325, 347], [198, 344], [0.9022921], [327, 434], [193, 436], [0.4843385]]"
match keypoints image61 [[354, 40], [227, 63], [0.7541438], [338, 43], [203, 63], [0.9550133], [372, 47], [234, 71], [0.9446327], [394, 105], [240, 128], [0.95961213], [319, 113], [174, 114], [0.9095046], [414, 172], [256, 188], [0.9290095], [295, 175], [159, 177], [0.6928827], [439, 235], [275, 238], [0.4674911], [374, 246], [238, 245], [0.95582217], [324, 244], [192, 245], [0.95628995], [371, 351], [236, 339], [0.37537357], [324, 348], [197, 345], [0.90602523], [326, 435], [228, 424], [0.57053804]]"
match keypoints image62 [[343, 50], [233, 71], [0.58058953], [353, 41], [227, 62], [0.8356255], [392, 106], [238, 127], [0.9557971], [317, 114], [173, 113], [0.8547495], [413, 173], [254, 188], [0.88327825], [293, 175], [159, 177], [0.7932142], [438, 236], [274, 239], [0.8619852], [264, 232], [141, 237], [0.4265464], [374, 247], [236, 245], [0.956692], [323, 244], [191, 246], [0.95446396], [371, 351], [236, 338], [0.77701664], [324, 349], [197, 345], [0.9331863], [326, 435], [193, 437], [0.7834652]]"
match keypoints image63 [[338, 50], [232, 71], [0.70025724], [332, 43], [226, 62], [0.6641473], [388, 107], [237, 127], [0.94898355], [311, 114], [172, 113], [0.69551116], [409, 173], [253, 188], [0.27453032], [433, 233], [273, 238], [0.32268238], [370, 244], [237, 249], [0.67037433], [320, 242], [191, 248], [0.61112106], [370, 348], [236, 340], [0.16257682], [322, 347], [197, 347], [0.6808534], [376, 442], [193, 437], [0.28677446]]"
match keypoints image64 [[338, 50], [201, 62], [0.40251642], [348, 41], [226, 62], [0.34782323], [365, 48], [232, 70], [0.72670764], [386, 107], [236, 126], [0.9540417], [310, 114], [172, 113], [0.8831563], [408, 173], [252, 187], [0.83979297], [285, 177], [157, 177], [0.5715475], [433, 233], [272, 238], [0.67052215], [259, 232], [140, 236], [0.28954372], [370, 244], [236, 249], [0.9226803], [320, 242], [191, 249], [0.85341704], [370, 347], [235, 339], [0.6166861], [322, 347], [196, 347], [0.85543627], [326, 435], [192, 437], [0.35445437]]"
match keypoints image65 [[347, 41], [225, 61], [0.6858632], [331, 43], [200, 61], [0.9362353], [364, 48], [232, 70], [0.54074776], [386, 107], [236, 126], [0.95735866], [309, 113], [171, 112], [0.9141065], [407, 173], [251, 188], [0.9154467], [284, 177], [157, 178], [0.8969795], [433, 233], [271, 238], [0.7181353], [258, 232], [140, 236], [0.2944505], [370, 242], [236, 248], [0.955065], [319, 241], [191, 248], [0.9306842], [370, 345], [235, 340], [0.5365266], [322, 346], [195, 348], [0.73513156], [327, 435], [228, 423], [0.39119652]]"
match keypoints image66 [[347, 41], [224, 60], [0.8467907], [331, 43], [200, 60], [0.8005144], [364, 48], [231, 69], [0.8738328], [385, 107], [234, 125], [0.9465598], [308, 113], [170, 110], [0.7913362], [407, 173], [249, 187], [0.90116376], [284, 177], [157, 177], [0.89111906], [433, 233], [267, 237], [0.65245795], [257, 233], [141, 237], [0.5247256], [369, 242], [236, 249], [0.9446043], [319, 241], [193, 251], [0.934893], [370, 344], [234, 339], [0.43072367], [322, 345], [196, 348], [0.59732205], [327, 434], [226, 421], [0.6301914]]"
match keypoints image67 [[347, 41], [225, 60], [0.76662606], [331, 42], [200, 60], [0.9394379], [364, 48], [232, 69], [0.9035622], [385, 107], [234, 125], [0.95673203], [308, 112], [171, 110], [0.8262632], [407, 173], [248, 188], [0.92483294], [284, 176], [158, 176], [0.9368498], [433, 232], [267, 237], [0.75682116], [369, 241], [236, 251], [0.95174396], [319, 241], [194, 252], [0.9414813], [371, 344], [234, 341], [0.552188], [322, 345], [196, 349], [0.68636423], [327, 435], [226, 422], [0.45296293]]"
match keypoints image68 [[341, 49], [232, 69], [0.9537864], [334, 43], [226, 60], [0.95219743], [326, 51], [200, 60], [0.4720081], [388, 107], [233, 125], [0.955402], [309, 113], [172, 111], [0.9303978], [410, 173], [248, 188], [0.9209302], [284, 176], [160, 176], [0.928276], [437, 234], [266, 238], [0.35474184], [257, 233], [143, 236], [0.74984914], [372, 241], [236, 249], [0.9468027], [320, 242], [194, 252], [0.92530096], [373, 343], [234, 340], [0.38360286], [323, 344], [197, 347], [0.38091066], [327, 435], [225, 422], [0.23080221]]"
match keypoints image69 [[342, 50], [232, 70], [0.51767546], [335, 43], [226, 61], [0.55977136], [389, 108], [233, 125], [0.9480174], [310, 114], [172, 111], [0.8836406], [411, 174], [248, 188], [0.9182215], [284, 177], [161, 177], [0.7311225], [438, 235], [266, 238], [0.74355745], [257, 233], [145, 237], [0.2742809], [372, 243], [236, 246], [0.94594294], [321, 242], [194, 249], [0.90346885], [374, 345], [234, 340], [0.6418604], [323, 344], [197, 347], [0.79231185], [327, 435], [224, 422], [0.27085495]]"
match keypoints image70 [[353, 41], [227, 62], [0.7350849], [336, 43], [202, 61], [0.6905579], [369, 49], [233, 71], [0.901236], [391, 108], [234, 125], [0.9618241], [311, 114], [174, 111], [0.94687575], [413, 174], [248, 188], [0.9584416], [285, 176], [162, 178], [0.9477248], [440, 235], [266, 239], [0.8063967], [257, 233], [147, 238], [0.2591597], [373, 245], [235, 247], [0.96059316], [321, 243], [193, 249], [0.9383509], [375, 346], [234, 341], [0.46581307], [323, 345], [198, 346], [0.8784046], [327, 434], [224, 423], [0.2881174]]"
match keypoints image71 [[355, 41], [228, 62], [0.8275451], [337, 43], [203, 62], [0.7891543], [370, 48], [235, 71], [0.7026196], [392, 108], [235, 126], [0.95573264], [312, 114], [175, 113], [0.92591405], [414, 174], [248, 189], [0.94420445], [286, 176], [164, 179], [0.88246995], [440, 235], [266, 239], [0.7756697], [258, 232], [149, 238], [0.21251012], [374, 245], [235, 247], [0.950579], [322, 243], [194, 249], [0.9309279], [374, 345], [235, 341], [0.85385793], [323, 343], [199, 345], [0.92123175], [378, 442], [225, 423], [0.33656535], [326, 434], [192, 437], [0.4361953]]"
match keypoints image72 [[346, 48], [237, 71], [0.9558433], [356, 40], [240, 66], [0.9368288], [339, 42], [231, 62], [0.94937086], [331, 51], [206, 61], [0.24157941], [393, 108], [236, 125], [0.9600073], [313, 113], [178, 111], [0.9061782], [415, 174], [248, 189], [0.9078701], [287, 174], [169, 175], [0.6444166], [441, 235], [265, 238], [0.8929563], [259, 231], [156, 236], [0.516572], [376, 243], [237, 246], [0.9535429], [324, 241], [197, 248], [0.9538432], [374, 346], [237, 341], [0.71163535], [324, 343], [202, 345], [0.92612904], [377, 441], [225, 425], [0.44437835], [326, 432], [194, 436], [0.83509594]]"
match keypoints image73 [[347, 48], [238, 71], [0.45857668], [340, 42], [231, 62], [0.6602182], [331, 50], [206, 61], [0.06304623], [394, 107], [236, 125], [0.9288268], [313, 113], [179, 111], [0.83195126], [415, 173], [248, 189], [0.8621749], [288, 173], [170, 175], [0.550435], [442, 235], [265, 237], [0.803075], [260, 231], [157, 235], [0.736104], [376, 243], [237, 244], [0.88635314], [325, 240], [198, 247], [0.89631426], [374, 344], [237, 341], [0.5908095], [324, 341], [202, 345], [0.81804603], [324, 431], [225, 424], [0.48759747]]"
match keypoints image74 [[357, 39], [231, 61], [0.7275479], [372, 48], [238, 71], [0.63303465], [332, 50], [207, 61], [0.12114711], [394, 107], [236, 125], [0.933825], [313, 112], [179, 111], [0.88542914], [416, 173], [248, 189], [0.8942596], [289, 172], [170, 175], [0.50684613], [442, 234], [264, 237], [0.8760864], [260, 230], [157, 235], [0.47792783], [376, 245], [237, 246], [0.93402696], [324, 241], [198, 248], [0.89915776], [375, 348], [237, 342], [0.29916546], [323, 343], [202, 347], [0.8831123], [322, 432], [194, 437], [0.5889996]]"
match keypoints image75 [[346, 47], [238, 70], [0.9456717], [338, 41], [231, 61], [0.9462382], [331, 49], [206, 60], [0.23481846], [393, 107], [235, 125], [0.9503742], [311, 111], [179, 110], [0.92607963], [415, 174], [248, 189], [0.8788623], [284, 174], [170, 175], [0.8888122], [441, 235], [263, 238], [0.88407546], [256, 231], [157, 236], [0.29853645], [374, 244], [237, 244], [0.9182079], [322, 241], [199, 246], [0.94204175], [372, 349], [237, 342], [0.47280508], [314, 435], [195, 438], [0.53262883]]"
match keypoints image76 [[338, 41], [231, 61], [0.33297256], [370, 48], [238, 71], [0.38849273], [392, 108], [235, 125], [0.94679993], [310, 111], [179, 110], [0.89319164], [413, 174], [247, 189], [0.9111426], [283, 174], [171, 175], [0.83076245], [440, 235], [263, 238], [0.857217], [374, 244], [236, 243], [0.94148403], [320, 240], [198, 246], [0.8114683], [372, 347], [236, 342], [0.5889024], [316, 340], [203, 348], [0.8812442], [314, 436], [194, 440], [0.3495871]]"
match keypoints image77 [[353, 40], [231, 62], [0.2917445], [368, 49], [237, 71], [0.43130326], [390, 109], [234, 125], [0.95234156], [308, 112], [179, 110], [0.9009872], [412, 176], [246, 189], [0.8244809], [282, 173], [171, 175], [0.7991349], [439, 236], [262, 238], [0.8486738], [253, 231], [158, 237], [0.6315177], [373, 245], [236, 243], [0.93266624], [319, 240], [197, 245], [0.92396504], [371, 345], [236, 342], [0.41755933], [377, 441], [224, 424], [0.18180509], [314, 437], [195, 440], [0.2786079]]"
match keypoints image78 [[343, 49], [236, 71], [0.9088107], [352, 41], [239, 66], [0.93048185], [335, 42], [230, 62], [0.9433183], [327, 50], [205, 60], [0.4073647], [388, 110], [228, 124], [0.9567727], [306, 113], [178, 109], [0.89408135], [410, 176], [241, 189], [0.9263191], [279, 175], [170, 176], [0.7419771], [437, 236], [255, 239], [0.76700455], [251, 232], [159, 239], [0.07972185], [372, 245], [235, 248], [0.82832384], [319, 242], [198, 252], [0.9365785], [371, 345], [236, 343], [0.5183965], [315, 341], [203, 350], [0.8680461], [314, 438], [194, 438], [0.23663217]]"
match keypoints image79 [[350, 42], [229, 60], [0.77520245], [333, 42], [205, 59], [0.8537834], [365, 50], [235, 70], [0.43993077], [386, 110], [227, 123], [0.939614], [304, 113], [178, 108], [0.88613343], [409, 177], [239, 189], [0.6566504], [277, 176], [170, 175], [0.3885487], [436, 237], [253, 238], [0.73270386], [371, 246], [234, 247], [0.93370754], [317, 243], [198, 251], [0.8976086], [371, 344], [236, 342], [0.6498084], [314, 341], [203, 349], [0.930565], [314, 438], [224, 423], [0.51822996]]"
match keypoints image80 [[345, 41], [229, 60], [0.43543267], [328, 42], [205, 58], [0.63696915], [360, 49], [235, 70], [0.5145512], [381, 109], [226, 123], [0.94247735], [298, 111], [178, 108], [0.81277525], [404, 176], [237, 188], [0.56601745], [272, 175], [171, 174], [0.6798448], [430, 236], [251, 237], [0.7714024], [368, 242], [233, 246], [0.8303355], [314, 240], [199, 249], [0.5228825], [371, 341], [236, 340], [0.75453925], [314, 340], [203, 347], [0.9283127], [376, 438], [223, 422], [0.8231277], [315, 438], [194, 440], [0.7904786]]"
match keypoints image81 [[336, 48], [235, 69], [0.6541699], [328, 42], [229, 60], [0.6186176], [319, 49], [204, 58], [0.2864216], [380, 109], [225, 122], [0.90721583], [296, 111], [178, 107], [0.7739334], [403, 176], [235, 189], [0.5232006], [271, 174], [172, 174], [0.4491892], [430, 236], [250, 238], [0.66089535], [368, 239], [233, 246], [0.80590045], [314, 238], [199, 249], [0.462431], [371, 339], [235, 339], [0.6751541], [315, 338], [203, 345], [0.8464413], [376, 437], [222, 419], [0.79673594], [315, 438], [194, 439], [0.651341]]"
match keypoints image82 [[335, 48], [235, 68], [0.9365557], [328, 41], [229, 59], [0.8977483], [319, 49], [204, 57], [0.5271261], [380, 109], [224, 120], [0.8601093], [296, 110], [178, 107], [0.81890815], [403, 176], [232, 191], [0.5318464], [271, 174], [173, 175], [0.20639817], [430, 236], [248, 238], [0.591149], [368, 240], [199, 249], [0.2928967], [371, 338], [203, 346], [0.51969516], [374, 435], [221, 419], [0.82522863], [315, 438], [194, 441], [0.74230003]]"
match keypoints image83 [[336, 48], [235, 68], [0.6860274], [328, 42], [229, 59], [0.6237155], [319, 49], [204, 57], [0.18368676], [380, 109], [230, 192], [0.46711338], [296, 110], [178, 106], [0.89504415], [271, 174], [173, 174], [0.55617946], [430, 235], [245, 241], [0.49671283], [243, 232], [164, 240], [0.100509025], [368, 240], [232, 244], [0.9090887], [314, 239], [200, 247], [0.75939566], [370, 335], [234, 338], [0.86950207], [316, 337], [204, 345], [0.9274248], [373, 435], [221, 419], [0.8126197], [315, 438], [194, 441], [0.81036955]]"
match keypoints image84 [[336, 49], [235, 70], [0.74201024], [328, 42], [229, 60], [0.5477045], [319, 49], [205, 59], [0.33985034], [381, 110], [218, 116], [0.22704375], [296, 110], [181, 107], [0.843919], [271, 174], [178, 176], [0.9027788], [244, 233], [172, 241], [0.7299482], [368, 239], [231, 249], [0.8520257], [315, 239], [202, 252], [0.597544], [370, 333], [231, 343], [0.6243167], [316, 336], [206, 347], [0.862463], [371, 435], [217, 422], [0.5104011], [315, 438], [194, 441], [0.6200548]]"
match keypoints image85 [[337, 49], [235, 71], [0.6003732], [346, 41], [238, 66], [0.47027692], [329, 42], [230, 62], [0.50413257], [320, 49], [205, 60], [0.49062636], [382, 110], [219, 117], [0.6908996], [297, 111], [182, 108], [0.8597581], [404, 177], [228, 189], [0.10737472], [272, 175], [180, 177], [0.90837485], [369, 240], [229, 251], [0.94744956], [316, 240], [202, 252], [0.77685785], [370, 337], [230, 342], [0.84203345], [317, 338], [207, 346], [0.85259014], [371, 436], [217, 422], [0.4876712], [315, 439], [195, 441], [0.6644638]]"
match keypoints image86 [[343, 50], [236, 71], [0.94837004], [352, 42], [239, 66], [0.8556213], [335, 43], [230, 62], [0.870248], [326, 51], [206, 60], [0.31194273], [388, 112], [218, 116], [0.57155704], [304, 111], [183, 109], [0.89405197], [277, 174], [181, 176], [0.9578253], [248, 231], [177, 240], [0.061619934], [373, 240], [227, 253], [0.928988], [320, 239], [202, 254], [0.9068612], [370, 338], [230, 343], [0.68955725], [319, 339], [208, 346], [0.73498136], [315, 438], [217, 422], [0.5000477]]"
match keypoints image87 [[344, 50], [206, 61], [0.32375598], [353, 42], [230, 63], [0.27637044], [389, 112], [218, 116], [0.8865003], [305, 111], [184, 109], [0.8591518], [278, 173], [183, 177], [0.95798844], [249, 231], [179, 240], [0.74516517], [374, 240], [227, 252], [0.9408911], [322, 237], [203, 253], [0.944021], [370, 339], [230, 342], [0.5763692], [319, 340], [209, 346], [0.8202413], [370, 438], [217, 422], [0.60440534], [314, 437], [196, 440], [0.81441534]]"
match keypoints image88 [[345, 50], [231, 63], [0.102470525], [391, 112], [237, 72], [0.72669137], [306, 110], [187, 108], [0.439992], [436, 237], [218, 114], [0.6289999], [375, 241], [187, 175], [0.14015527], [371, 338], [187, 238], [0.8045127], [370, 438], [196, 442], [0.72218066], [314, 436], [220, 421], [0.28241014]]"
match keypoints image89 [[338, 42], [207, 61], [0.39271808], [391, 112], [238, 71], [0.46615613], [306, 110], [188, 108], [0.73799187], [436, 236], [217, 113], [0.20662889], [375, 242], [188, 175], [0.5847132], [372, 342], [188, 238], [0.6029768], [370, 438], [197, 442], [0.5628056]]"
match keypoints image90 [[356, 41], [232, 62], [0.7197574], [339, 42], [208, 61], [0.7501745], [391, 111], [238, 71], [0.43706062], [306, 110], [188, 108], [0.7448161], [280, 172], [189, 175], [0.5653363], [250, 230], [189, 237], [0.15369663], [312, 438], [198, 442], [0.3908762]]"
match keypoints image91 [[347, 48], [238, 71], [0.9070657], [356, 40], [241, 66], [0.4849488], [338, 41], [232, 62], [0.4482841], [391, 111], [217, 112], [0.12229556], [305, 108], [188, 108], [0.8286881], [279, 170], [190, 175], [0.7744761], [248, 228], [191, 237], [0.17788461], [371, 341], [211, 344], [0.575749], [370, 438], [199, 442], [0.49383867]]"
match keypoints image92 [[346, 48], [238, 71], [0.8786914], [355, 40], [241, 66], [0.70281345], [338, 41], [232, 62], [0.6017799], [328, 49], [208, 60], [0.29452088], [305, 108], [189, 108], [0.9043954], [278, 170], [190, 174], [0.9215193], [247, 228], [192, 237], [0.54161096], [372, 344], [211, 344], [0.6858964], [370, 438], [199, 443], [0.6213942]]"
match keypoints image93 [[344, 48], [238, 71], [0.54399115], [353, 40], [232, 62], [0.29588303], [303, 109], [190, 107], [0.18607867], [276, 171], [193, 176], [0.17833218], [245, 229], [196, 239], [0.21339396], [309, 441], [200, 447], [0.519685]]"
match keypoints image94 [[343, 49], [238, 71], [0.20524675], [352, 41], [232, 62], [0.21669285], [326, 50], [207, 60], [0.07310193], [301, 110], [190, 107], [0.16486284], [275, 171], [193, 175], [0.13124835], [315, 338], [197, 240], [0.25939128], [309, 443], [201, 446], [0.5252468]]"
match keypoints image95 [[342, 49], [238, 71], [0.9478432], [351, 42], [241, 66], [0.8130495], [334, 42], [232, 61], [0.9367831], [324, 50], [207, 59], [0.27639535], [299, 110], [190, 106], [0.91100156], [405, 179], [217, 249], [0.098575205], [273, 171], [193, 174], [0.85866153], [242, 230], [198, 240], [0.2255302], [371, 338], [217, 339], [0.65100753], [309, 443], [200, 446], [0.50282824]]"
match keypoints image96 [[340, 49], [238, 70], [0.9523543], [349, 42], [241, 65], [0.8900797], [332, 42], [232, 60], [0.9361875], [322, 49], [207, 58], [0.21673387], [298, 110], [210, 107], [0.9172557], [272, 171], [194, 175], [0.933874], [241, 230], [199, 240], [0.5764888], [316, 236], [218, 254], [0.13708618], [314, 338], [215, 342], [0.8548297], [309, 443], [200, 446], [0.68325084]]"
match keypoints image97 [[334, 47], [238, 69], [0.92403156], [343, 40], [241, 65], [0.6420035], [325, 41], [232, 60], [0.63758725], [316, 48], [207, 58], [0.68016434], [292, 107], [190, 105], [0.86057043], [266, 170], [194, 174], [0.89435005], [236, 229], [200, 240], [0.6078402], [311, 341], [216, 341], [0.5106205], [370, 437], [200, 447], [0.61970633]]"
match keypoints image98 [[334, 47], [238, 69], [0.9368656], [325, 41], [232, 59], [0.9395345], [292, 107], [191, 104], [0.30067483], [266, 170], [195, 174], [0.660007], [236, 229], [201, 239], [0.48223865], [370, 437], [200, 448], [0.7719152]]"
match keypoints image99 [[332, 47], [238, 68], [0.8321457], [341, 39], [232, 59], [0.5476711], [315, 47], [207, 57], [0.26386118], [289, 107], [191, 103], [0.8248289], [265, 169], [195, 173], [0.8122193], [235, 228], [202, 239], [0.5662859], [310, 340], [218, 340], [0.5081684], [365, 435], [200, 448], [0.7097919]]"
