data_balcony\cam1_pose\cam1_20241214_164711_0000.png [[339, 64], [346, 58], [333, 60], [358, 64], [326, 69], [379, 108], [316, 118], [402, 160], [301, 168], [419, 212], [289, 218], [375, 206], [333, 209], [382, 294], [339, 298], [391, 376], [344, 376]]
data_balcony\cam1_pose\cam1_20241214_164711_0001.png [[339, 64], [345, 57], [333, 60], [358, 64], [326, 69], [379, 107], [317, 118], [403, 159], [302, 168], [419, 211], [289, 219], [376, 206], [333, 210], [382, 294], [339, 298], [391, 375], [344, 376]]
data_balcony\cam1_pose\cam1_20241214_164711_0002.png [[339, 64], [346, 57], [333, 59], [358, 63], [326, 69], [379, 107], [317, 117], [403, 159], [302, 167], [420, 211], [290, 218], [376, 207], [334, 210], [382, 294], [340, 297], [391, 376], [344, 377]]
data_balcony\cam1_pose\cam1_20241214_164711_0003.png [[340, 63], [346, 57], [334, 59], [359, 63], [328, 68], [379, 106], [318, 117], [404, 158], [304, 167], [421, 209], [291, 219], [376, 206], [334, 209], [382, 293], [340, 297], [391, 376], [344, 377]]
data_balcony\cam1_pose\cam1_20241214_164712_0004.png [[341, 63], [347, 57], [335, 59], [360, 63], [328, 68], [381, 106], [318, 117], [405, 159], [304, 166], [422, 209], [291, 219], [377, 206], [334, 208], [382, 294], [340, 298], [391, 376], [344, 377]]
data_balcony\cam1_pose\cam1_20241214_164712_0005.png [[344, 62], [351, 55], [338, 57], [363, 62], [331, 66], [385, 105], [320, 115], [408, 158], [307, 165], [425, 209], [292, 218], [379, 207], [336, 210], [383, 294], [339, 297], [391, 376], [343, 375]]
data_balcony\cam1_pose\cam1_20241214_164712_0006.png [[344, 61], [351, 54], [338, 56], [363, 61], [331, 65], [383, 104], [320, 114], [407, 156], [305, 165], [425, 210], [291, 217], [379, 206], [335, 208], [382, 292], [338, 294], [390, 375], [340, 375]]
data_balcony\cam1_pose\cam1_20241214_164712_0007.png [[344, 62], [350, 55], [337, 57], [362, 61], [330, 65], [383, 105], [319, 115], [407, 157], [304, 166], [424, 208], [290, 216], [378, 207], [335, 209], [382, 292], [338, 296], [391, 375], [340, 375]]
data_balcony\cam1_pose\cam1_20241214_164712_0008.png [[340, 63], [346, 57], [333, 59], [358, 63], [326, 67], [378, 107], [314, 116], [402, 159], [300, 167], [421, 210], [284, 219], [374, 209], [331, 213], [377, 294], [335, 297], [390, 376], [340, 377]]
data_balcony\cam1_pose\cam1_20241214_164712_0009.png [[335, 64], [341, 58], [328, 59], [352, 64], [320, 67], [372, 108], [308, 116], [397, 160], [294, 168], [416, 211], [280, 218], [368, 208], [325, 211], [375, 293], [331, 299], [390, 375], [340, 376]]
data_balcony\cam1_pose\cam1_20241214_164712_0010.png [[332, 64], [337, 57], [325, 59], [349, 64], [317, 67], [369, 108], [305, 116], [393, 161], [291, 167], [413, 210], [277, 217], [366, 207], [324, 210], [374, 292], [331, 300], [387, 373], [340, 377]]
data_balcony\cam1_pose\cam1_20241214_164712_0011.png [[331, 64], [337, 57], [325, 59], [348, 63], [317, 67], [368, 108], [305, 116], [393, 161], [291, 167], [413, 210], [277, 218], [366, 209], [323, 213], [374, 293], [331, 300], [386, 373], [340, 376]]
data_balcony\cam1_pose\cam1_20241214_164712_0012.png [[334, 64], [340, 58], [326, 60], [350, 65], [319, 68], [371, 108], [307, 117], [396, 161], [293, 168], [415, 210], [281, 218], [368, 209], [326, 212], [373, 294], [332, 300], [385, 375], [340, 376]]
data_balcony\cam1_pose\cam1_20241214_164712_0013.png [[335, 65], [340, 58], [328, 60], [351, 65], [320, 68], [372, 108], [307, 117], [397, 161], [294, 168], [418, 211], [282, 218], [370, 209], [327, 212], [374, 293], [332, 299], [385, 375], [340, 377]]
data_balcony\cam1_pose\cam1_20241214_164712_0014.png [[339, 64], [346, 58], [332, 59], [356, 64], [325, 67], [377, 108], [313, 116], [402, 161], [300, 168], [424, 212], [288, 218], [374, 208], [331, 211], [376, 293], [336, 297], [385, 375], [340, 376]]
data_balcony\cam1_pose\cam1_20241214_164713_0015.png [[340, 64], [346, 57], [333, 59], [357, 63], [326, 67], [378, 108], [313, 116], [404, 161], [301, 168], [424, 208], [289, 219], [375, 209], [331, 212], [376, 294], [336, 296], [385, 375], [340, 375]]
data_balcony\cam1_pose\cam1_20241214_164713_0016.png [[341, 63], [348, 56], [335, 57], [358, 63], [326, 66], [379, 106], [314, 114], [404, 159], [301, 167], [425, 206], [289, 218], [375, 207], [331, 210], [374, 291], [335, 293], [385, 375], [338, 375]]
data_balcony\cam1_pose\cam1_20241214_164713_0017.png [[341, 63], [348, 56], [334, 57], [358, 63], [326, 66], [378, 107], [314, 114], [403, 159], [301, 167], [424, 206], [288, 218], [374, 208], [331, 209], [374, 292], [334, 294], [385, 375], [337, 375]]
data_balcony\cam1_pose\cam1_20241214_164713_0018.png [[338, 64], [344, 58], [332, 59], [354, 66], [322, 67], [374, 109], [309, 116], [399, 159], [296, 168], [422, 207], [283, 218], [371, 208], [327, 211], [374, 293], [331, 297], [385, 374], [337, 376]]
data_balcony\cam1_pose\cam1_20241214_164713_0019.png [[337, 65], [343, 59], [330, 59], [353, 66], [320, 68], [372, 110], [307, 116], [398, 161], [293, 168], [419, 206], [282, 218], [370, 208], [326, 211], [373, 292], [331, 297], [385, 374], [337, 377]]
data_balcony\cam1_pose\cam1_20241214_164713_0020.png [[334, 64], [340, 58], [326, 59], [349, 65], [317, 67], [368, 110], [304, 115], [392, 161], [289, 168], [414, 208], [276, 218], [367, 207], [323, 209], [371, 291], [330, 293], [384, 374], [336, 376]]
data_balcony\cam1_pose\cam1_20241214_164713_0021.png [[334, 65], [340, 59], [327, 59], [349, 66], [317, 66], [367, 110], [303, 114], [391, 162], [288, 167], [412, 208], [274, 218], [367, 207], [323, 209], [370, 291], [330, 293], [381, 374], [336, 376]]
data_balcony\cam1_pose\cam1_20241214_164713_0022.png [[335, 65], [341, 59], [328, 60], [350, 66], [318, 67], [368, 110], [304, 114], [391, 163], [289, 167], [412, 209], [274, 219], [367, 206], [323, 209], [369, 290], [330, 293], [380, 374], [336, 377]]
data_balcony\cam1_pose\cam1_20241214_164713_0023.png [[340, 65], [346, 59], [333, 60], [355, 67], [322, 66], [372, 111], [309, 114], [395, 164], [292, 165], [416, 209], [279, 216], [369, 206], [326, 209], [371, 292], [331, 293], [380, 375], [336, 376]]
data_balcony\cam1_pose\cam1_20241214_164713_0024.png [[345, 65], [352, 59], [338, 59], [359, 66], [328, 66], [377, 112], [312, 114], [400, 165], [298, 166], [421, 210], [282, 216], [374, 210], [329, 210], [372, 290], [333, 293], [381, 375], [336, 376]]
data_balcony\cam1_pose\cam1_20241214_164714_0025.png [[346, 64], [353, 58], [339, 59], [360, 66], [328, 65], [378, 110], [312, 114], [400, 164], [297, 166], [424, 212], [281, 216], [375, 209], [330, 209], [373, 289], [334, 292], [380, 375], [334, 374]]
data_balcony\cam1_pose\cam1_20241214_164714_0026.png [[346, 64], [352, 59], [339, 59], [359, 66], [328, 66], [377, 111], [312, 114], [399, 165], [296, 166], [422, 210], [281, 216], [374, 209], [329, 210], [373, 290], [333, 291], [380, 375], [334, 374]]
data_balcony\cam1_pose\cam1_20241214_164714_0027.png [[345, 65], [352, 59], [338, 59], [359, 66], [327, 66], [377, 112], [311, 114], [399, 165], [295, 167], [423, 212], [280, 217], [374, 208], [330, 209], [374, 290], [333, 292], [380, 375], [334, 375]]
data_balcony\cam1_pose\cam1_20241214_164714_0028.png [[342, 65], [347, 60], [334, 60], [354, 66], [322, 67], [371, 112], [308, 114], [395, 164], [292, 166], [419, 206], [275, 216], [370, 206], [326, 208], [371, 290], [331, 290], [380, 375], [334, 375]]
data_balcony\cam1_pose\cam1_20241214_164714_0029.png [[338, 65], [344, 59], [331, 59], [350, 66], [319, 66], [367, 112], [303, 114], [391, 164], [286, 167], [418, 206], [270, 219], [367, 207], [323, 210], [369, 288], [329, 290], [380, 374], [334, 375]]
data_balcony\cam1_pose\cam1_20241214_164714_0030.png [[338, 64], [344, 59], [330, 59], [349, 66], [318, 66], [367, 112], [302, 114], [391, 163], [286, 166], [415, 204], [269, 219], [367, 208], [324, 210], [369, 290], [328, 292], [380, 374], [334, 375]]
data_balcony\cam1_pose\cam1_20241214_164714_0031.png [[338, 64], [343, 59], [330, 58], [349, 65], [318, 66], [367, 113], [301, 113], [390, 164], [286, 166], [415, 206], [269, 218], [367, 209], [324, 211], [370, 290], [328, 291], [380, 372], [334, 375]]
data_balcony\cam1_pose\cam1_20241214_164714_0032.png [[340, 65], [346, 59], [333, 59], [351, 64], [320, 66], [368, 112], [304, 113], [391, 165], [287, 165], [416, 206], [274, 216], [367, 208], [325, 210], [370, 290], [329, 291], [378, 372], [334, 375]]
data_balcony\cam1_pose\cam1_20241214_164714_0033.png [[341, 65], [347, 59], [334, 59], [352, 64], [321, 66], [368, 113], [305, 113], [392, 165], [289, 165], [417, 208], [275, 216], [367, 206], [324, 208], [370, 287], [329, 289], [377, 372], [334, 375]]
data_balcony\cam1_pose\cam1_20241214_164714_0034.png [[343, 65], [348, 60], [335, 59], [353, 65], [322, 66], [369, 113], [306, 113], [392, 165], [290, 165], [418, 208], [277, 216], [368, 206], [326, 209], [371, 288], [330, 290], [377, 373], [334, 375]]
data_balcony\cam1_pose\cam1_20241214_164714_0035.png [[348, 65], [354, 60], [341, 59], [327, 66], [375, 113], [311, 113], [397, 167], [294, 165], [425, 217], [280, 216], [373, 206], [329, 208], [373, 289], [332, 291], [377, 374], [334, 375]]
data_balcony\cam1_pose\cam1_20241214_164714_0036.png [[350, 65], [355, 60], [342, 59], [329, 66], [376, 113], [313, 112], [398, 167], [295, 164], [422, 210], [281, 215], [374, 209], [331, 209], [373, 289], [333, 291], [378, 373], [334, 375]]
data_balcony\cam1_pose\cam1_20241214_164714_0037.png [[353, 64], [358, 59], [346, 58], [332, 65], [378, 113], [314, 111], [400, 167], [297, 164], [424, 212], [281, 216], [375, 209], [332, 210], [374, 290], [333, 291], [377, 374], [332, 372]]
data_balcony\cam1_pose\cam1_20241214_164715_0038.png [[353, 64], [358, 59], [346, 58], [332, 65], [378, 113], [314, 111], [400, 167], [297, 164], [424, 212], [281, 216], [375, 207], [332, 209], [374, 289], [332, 291], [378, 373], [331, 372]]
data_balcony\cam1_pose\cam1_20241214_164715_0039.png [[352, 64], [357, 59], [344, 58], [330, 64], [376, 113], [312, 111], [398, 166], [294, 166], [420, 210], [280, 215], [373, 210], [329, 211], [373, 291], [331, 293], [377, 374], [332, 375]]
data_balcony\cam1_pose\cam1_20241214_164715_0040.png [[351, 64], [356, 59], [344, 58], [329, 65], [375, 113], [311, 112], [397, 167], [293, 165], [420, 212], [280, 216], [372, 210], [329, 210], [372, 291], [331, 293], [377, 374], [332, 375]]
data_balcony\cam1_pose\cam1_20241214_164715_0041.png [[350, 64], [355, 59], [343, 58], [328, 65], [373, 114], [310, 111], [395, 167], [292, 165], [421, 214], [278, 216], [371, 207], [328, 209], [372, 291], [331, 294], [377, 374], [332, 376]]
data_balcony\cam1_pose\cam1_20241214_164715_0042.png [[345, 63], [350, 58], [337, 57], [323, 64], [369, 113], [305, 110], [391, 167], [287, 164], [414, 213], [274, 215], [367, 209], [326, 210], [370, 291], [328, 293], [377, 374], [332, 377]]
data_balcony\cam1_pose\cam1_20241214_164715_0043.png [[344, 63], [349, 58], [337, 57], [322, 64], [368, 112], [305, 110], [389, 166], [286, 164], [412, 212], [273, 215], [367, 207], [325, 209], [370, 291], [328, 293], [377, 372], [332, 376]]
data_balcony\cam1_pose\cam1_20241214_164715_0044.png [[344, 63], [350, 57], [337, 56], [322, 63], [367, 112], [304, 109], [389, 167], [286, 163], [411, 212], [272, 215], [367, 204], [325, 207], [369, 289], [328, 294], [375, 374], [332, 377]]
data_balcony\cam1_pose\cam1_20241214_164715_0045.png [[345, 63], [350, 58], [338, 57], [323, 63], [367, 112], [305, 109], [389, 167], [286, 163], [411, 212], [273, 214], [367, 207], [326, 209], [369, 290], [329, 293], [374, 373], [332, 377]]
data_balcony\cam1_pose\cam1_20241214_164715_0046.png [[349, 64], [354, 59], [341, 57], [326, 64], [370, 114], [308, 109], [391, 168], [290, 163], [412, 213], [278, 214], [369, 207], [328, 209], [370, 290], [330, 294], [373, 374], [332, 377]]
data_balcony\cam1_pose\cam1_20241214_164715_0047.png [[352, 64], [357, 59], [344, 58], [329, 64], [373, 114], [311, 110], [393, 168], [292, 164], [412, 212], [280, 215], [371, 208], [329, 209], [371, 289], [331, 291], [373, 374], [332, 375]]
data_balcony\cam1_pose\cam1_20241214_164715_0048.png [[353, 64], [358, 59], [346, 57], [331, 64], [374, 114], [312, 110], [394, 167], [293, 163], [413, 212], [281, 216], [372, 209], [329, 210], [371, 288], [332, 292], [373, 374], [332, 375]]
data_balcony\cam1_pose\cam1_20241214_164715_0049.png [[358, 64], [363, 60], [352, 57], [335, 63], [377, 114], [315, 108], [397, 167], [296, 161], [416, 213], [284, 215], [374, 210], [331, 211], [373, 290], [333, 290], [373, 374], [332, 374]]
data_balcony\cam1_pose\cam1_20241214_164715_0050.png [[361, 64], [365, 60], [354, 57], [337, 63], [376, 114], [316, 107], [397, 166], [297, 159], [414, 212], [286, 214], [374, 210], [331, 211], [373, 290], [332, 291], [373, 374], [331, 374]]
data_balcony\cam1_pose\cam1_20241214_164716_0051.png [[361, 64], [365, 60], [354, 57], [337, 62], [376, 114], [316, 107], [397, 165], [297, 159], [413, 212], [286, 214], [373, 212], [330, 212], [373, 290], [332, 293], [373, 373], [331, 374]]
data_balcony\cam1_pose\cam1_20241214_164716_0052.png [[360, 64], [365, 60], [354, 57], [337, 62], [375, 114], [316, 107], [395, 164], [298, 158], [412, 213], [286, 213], [372, 209], [330, 209], [373, 290], [331, 293], [374, 374], [331, 375]]
data_balcony\cam1_pose\cam1_20241214_164716_0053.png [[355, 64], [360, 60], [349, 57], [332, 62], [370, 114], [310, 106], [390, 164], [293, 156], [406, 213], [284, 210], [369, 207], [327, 209], [370, 290], [330, 294], [373, 372], [331, 375]]
data_balcony\cam1_pose\cam1_20241214_164716_0054.png [[354, 64], [359, 60], [347, 57], [330, 62], [367, 114], [309, 106], [389, 165], [292, 157], [405, 213], [282, 210], [368, 207], [327, 210], [370, 290], [329, 294], [373, 373], [331, 376]]
data_balcony\cam1_pose\cam1_20241214_164716_0055.png [[350, 63], [355, 59], [344, 56], [326, 61], [364, 113], [305, 106], [385, 163], [288, 158], [402, 213], [278, 212], [365, 206], [324, 210], [367, 291], [328, 295], [374, 372], [330, 376]]
data_balcony\cam1_pose\cam1_20241214_164716_0056.png [[350, 63], [354, 58], [343, 55], [326, 60], [363, 113], [305, 105], [385, 163], [287, 158], [401, 212], [276, 214], [364, 204], [323, 208], [367, 290], [328, 293], [373, 372], [330, 375]]
data_balcony\cam1_pose\cam1_20241214_164716_0057.png [[349, 63], [354, 58], [343, 55], [325, 60], [363, 113], [304, 105], [384, 162], [287, 158], [401, 212], [275, 213], [364, 206], [323, 209], [367, 291], [327, 297], [371, 374], [330, 376]]
data_balcony\cam1_pose\cam1_20241214_164716_0058.png [[350, 62], [355, 58], [344, 55], [326, 60], [364, 113], [305, 105], [385, 163], [288, 157], [401, 212], [277, 212], [364, 204], [323, 208], [365, 291], [327, 297], [367, 375], [330, 377]]
data_balcony\cam1_pose\cam1_20241214_164716_0059.png [[352, 63], [356, 58], [345, 56], [327, 61], [364, 113], [306, 105], [385, 162], [289, 156], [401, 213], [279, 210], [364, 204], [324, 208], [365, 291], [327, 297], [367, 374], [330, 376]]
data_balcony\cam1_pose\cam1_20241214_164716_0060.png [[355, 64], [359, 60], [348, 57], [331, 62], [368, 115], [310, 106], [389, 166], [293, 156], [405, 215], [285, 208], [367, 206], [327, 209], [367, 293], [328, 299], [367, 375], [331, 377]]
data_balcony\cam1_pose\cam1_20241214_164716_0061.png [[356, 64], [361, 60], [349, 57], [332, 62], [369, 115], [311, 106], [389, 164], [294, 156], [405, 213], [287, 208], [368, 205], [326, 208], [368, 293], [329, 299], [367, 375], [331, 377]]
data_balcony\cam1_pose\cam1_20241214_164716_0062.png [[357, 64], [362, 60], [350, 57], [333, 62], [370, 115], [312, 106], [391, 166], [295, 155], [407, 214], [287, 207], [368, 207], [327, 210], [368, 293], [329, 299], [367, 375], [331, 376]]
data_balcony\cam1_pose\cam1_20241214_164716_0063.png [[360, 63], [365, 59], [353, 56], [336, 61], [371, 114], [314, 104], [392, 165], [297, 153], [408, 214], [289, 205], [370, 209], [329, 210], [368, 295], [329, 299], [367, 375], [330, 376]]
data_balcony\cam1_pose\cam1_20241214_164716_0064.png [[360, 63], [365, 59], [353, 56], [336, 61], [371, 114], [314, 104], [392, 165], [297, 153], [408, 214], [289, 205], [370, 209], [329, 210], [368, 295], [329, 299], [367, 375], [330, 376]]
data_balcony\cam1_pose\cam1_20241214_164717_0065.png [[359, 63], [363, 59], [352, 56], [334, 60], [370, 114], [312, 104], [391, 164], [295, 154], [406, 213], [287, 207], [368, 209], [328, 210], [367, 294], [328, 299], [367, 375], [331, 378]]
data_balcony\cam1_pose\cam1_20241214_164717_0066.png [[358, 63], [363, 59], [352, 56], [334, 60], [368, 114], [311, 103], [389, 164], [295, 155], [405, 213], [287, 207], [367, 208], [327, 210], [367, 293], [328, 298], [367, 375], [332, 379]]
data_balcony\cam1_pose\cam1_20241214_164717_0067.png [[353, 63], [357, 59], [347, 55], [329, 59], [362, 113], [306, 103], [383, 162], [291, 154], [400, 214], [283, 209], [364, 208], [326, 211], [365, 293], [328, 299], [367, 374], [332, 378]]
data_balcony\cam1_pose\cam1_20241214_164717_0068.png [[352, 62], [356, 57], [346, 55], [328, 59], [361, 113], [305, 102], [382, 163], [289, 154], [397, 213], [283, 209], [362, 206], [324, 210], [364, 294], [327, 301], [367, 374], [332, 379]]
data_balcony\cam1_pose\cam1_20241214_164717_0069.png [[351, 62], [355, 57], [345, 54], [326, 58], [360, 113], [303, 102], [381, 163], [289, 154], [397, 213], [282, 209], [362, 207], [323, 211], [363, 295], [327, 302], [367, 374], [332, 379]]
data_balcony\cam1_pose\cam1_20241214_164717_0070.png [[349, 60], [353, 56], [343, 53], [324, 57], [358, 112], [302, 101], [378, 162], [286, 152], [393, 212], [278, 207], [360, 203], [322, 207], [361, 290], [326, 299], [365, 373], [332, 379]]
data_balcony\cam1_pose\cam1_20241214_164717_0071.png [[349, 60], [353, 56], [343, 53], [324, 57], [358, 111], [302, 100], [378, 163], [286, 152], [393, 213], [278, 206], [361, 205], [323, 209], [361, 292], [326, 301], [364, 373], [332, 380]]
data_balcony\cam1_pose\cam1_20241214_164717_0072.png [[350, 60], [353, 56], [343, 53], [324, 57], [357, 112], [302, 101], [378, 163], [286, 152], [393, 213], [279, 206], [361, 204], [322, 209], [359, 292], [327, 298], [362, 374], [332, 380]]
data_balcony\cam1_pose\cam1_20241214_164717_0073.png [[352, 61], [356, 57], [346, 54], [327, 58], [358, 113], [304, 101], [378, 164], [289, 152], [393, 215], [282, 205], [361, 209], [325, 211], [359, 294], [327, 301], [358, 374], [331, 379]]
data_balcony\cam1_pose\cam1_20241214_164717_0074.png [[353, 62], [357, 58], [347, 55], [328, 58], [359, 114], [306, 101], [379, 164], [290, 153], [393, 215], [283, 206], [361, 208], [325, 211], [359, 292], [328, 300], [359, 374], [331, 379]]
data_balcony\cam1_pose\cam1_20241214_164717_0075.png [[354, 63], [358, 59], [348, 56], [329, 59], [359, 114], [307, 101], [379, 165], [291, 153], [393, 215], [286, 206], [361, 206], [326, 209], [360, 291], [328, 301], [359, 374], [332, 378]]
data_balcony\cam1_pose\cam1_20241214_164717_0076.png [[358, 64], [362, 60], [352, 56], [333, 59], [362, 116], [311, 101], [379, 165], [295, 153], [392, 215], [295, 208], [364, 206], [328, 207], [361, 291], [331, 295], [359, 374], [332, 378]]
data_balcony\cam1_pose\cam1_20241214_164717_0077.png [[359, 63], [362, 60], [353, 56], [334, 59], [362, 115], [312, 101], [380, 165], [296, 152], [393, 216], [296, 209], [363, 206], [328, 207], [361, 291], [331, 295], [359, 374], [332, 377]]
data_balcony\cam1_pose\cam1_20241214_164717_0078.png [[361, 63], [364, 59], [354, 55], [335, 58], [362, 114], [313, 99], [380, 165], [297, 152], [393, 214], [299, 211], [363, 206], [329, 206], [361, 292], [331, 294], [359, 372], [334, 378]]
data_balcony\cam1_pose\cam1_20241214_164718_0079.png [[361, 63], [364, 59], [355, 55], [335, 58], [361, 114], [314, 98], [379, 165], [296, 154], [393, 214], [299, 212], [363, 206], [329, 207], [361, 292], [331, 296], [359, 372], [334, 378]]
data_balcony\cam1_pose\cam1_20241214_164718_0080.png [[360, 63], [364, 59], [355, 55], [335, 58], [361, 115], [313, 98], [379, 165], [296, 155], [393, 214], [299, 213], [363, 204], [330, 206], [361, 291], [331, 296], [359, 372], [334, 379]]
data_balcony\cam1_pose\cam1_20241214_164718_0081.png [[358, 62], [361, 58], [352, 54], [333, 56], [356, 111], [311, 96], [375, 163], [295, 152], [389, 213], [298, 214], [362, 205], [330, 206], [359, 290], [331, 294], [359, 373], [334, 380]]
data_balcony\cam1_pose\cam1_20241214_164718_0082.png [[357, 61], [360, 57], [352, 53], [332, 56], [355, 110], [311, 95], [374, 162], [295, 152], [388, 213], [298, 213], [362, 206], [330, 207], [359, 290], [331, 293], [358, 373], [335, 380]]
data_balcony\cam1_pose\cam1_20241214_164718_0083.png [[356, 60], [359, 57], [351, 52], [331, 55], [354, 110], [310, 94], [372, 161], [295, 151], [386, 213], [298, 214], [361, 203], [330, 205], [359, 290], [331, 293], [358, 372], [334, 380]]
data_balcony\cam1_pose\cam1_20241214_164718_0084.png [[355, 58], [358, 55], [349, 51], [329, 53], [352, 108], [309, 92], [370, 161], [295, 151], [383, 213], [299, 213], [358, 202], [329, 205], [358, 289], [330, 292], [358, 372], [334, 380]]
data_balcony\cam1_pose\cam1_20241214_164718_0085.png [[355, 58], [358, 55], [349, 51], [329, 53], [351, 108], [310, 91], [369, 160], [296, 149], [383, 213], [299, 211], [357, 201], [328, 204], [357, 287], [330, 290], [356, 372], [334, 380]]
data_balcony\cam1_pose\cam1_20241214_164718_0086.png [[355, 58], [358, 55], [349, 51], [329, 52], [351, 107], [309, 91], [369, 160], [296, 148], [382, 212], [301, 210], [358, 203], [329, 205], [357, 288], [331, 291], [355, 372], [334, 380]]
data_balcony\cam1_pose\cam1_20241214_164718_0087.png [[356, 60], [358, 56], [351, 52], [331, 54], [341, 92], [310, 92], [366, 160], [299, 147], [382, 213], [301, 210], [358, 204], [331, 205], [356, 290], [331, 292], [353, 372], [334, 380]]
data_balcony\cam1_pose\cam1_20241214_164718_0088.png [[357, 60], [359, 57], [352, 53], [332, 54], [341, 91], [311, 92], [365, 159], [299, 146], [382, 213], [302, 210], [358, 205], [330, 206], [356, 288], [331, 292], [353, 373], [334, 380]]
data_balcony\cam1_pose\cam1_20241214_164718_0089.png [[360, 63], [362, 60], [355, 56], [335, 57], [344, 93], [313, 94], [365, 161], [303, 146], [381, 215], [306, 206], [358, 204], [332, 205], [357, 290], [333, 292], [352, 372], [334, 379]]
data_balcony\cam1_pose\cam1_20241214_164718_0090.png [[361, 64], [363, 60], [355, 56], [335, 57], [345, 94], [314, 94], [365, 160], [303, 148], [381, 215], [306, 209], [359, 206], [332, 207], [356, 290], [334, 293], [352, 373], [334, 380]]
data_balcony\cam1_pose\cam1_20241214_164718_0091.png [[361, 64], [364, 61], [355, 56], [336, 57], [345, 93], [316, 93], [365, 160], [304, 146], [381, 215], [306, 207], [360, 205], [333, 206], [356, 289], [335, 291], [353, 372], [334, 379]]
data_balcony\cam1_pose\cam1_20241214_164718_0092.png [[362, 63], [364, 60], [356, 56], [337, 57], [346, 91], [317, 91], [365, 159], [307, 145], [380, 215], [310, 206], [359, 206], [334, 207], [355, 290], [335, 293], [354, 373], [337, 380]]
data_balcony\cam1_pose\cam1_20241214_164719_0093.png [[362, 63], [364, 60], [356, 56], [337, 57], [346, 91], [317, 91], [365, 158], [307, 146], [379, 215], [311, 205], [359, 211], [334, 209], [355, 290], [334, 293], [354, 373], [337, 380]]
data_balcony\cam1_pose\cam1_20241214_164719_0094.png [[362, 63], [356, 55], [337, 57], [347, 91], [318, 90], [364, 159], [307, 144], [379, 215], [312, 205], [358, 209], [334, 207], [355, 290], [333, 293], [354, 374], [338, 379]]
data_balcony\cam1_pose\cam1_20241214_164719_0095.png [[362, 63], [362, 59], [356, 56], [337, 57], [346, 91], [317, 91], [363, 158], [308, 144], [378, 215], [313, 206], [358, 213], [334, 209], [355, 289], [332, 292], [353, 374], [338, 380]]
data_balcony\cam1_pose\cam1_20241214_164719_0096.png [[360, 62], [355, 55], [335, 56], [343, 90], [316, 90], [360, 153], [309, 144], [374, 215], [317, 209], [354, 211], [335, 209], [353, 290], [334, 292], [355, 374], [339, 381]]
data_balcony\cam1_pose\cam1_20241214_164719_0097.png [[360, 62], [355, 54], [335, 55], [342, 90], [315, 92], [359, 153], [310, 146], [374, 215], [317, 209], [354, 210], [334, 209], [354, 289], [334, 293], [355, 374], [338, 381]]
data_balcony\cam1_pose\cam1_20241214_164719_0098.png [[360, 61], [355, 54], [335, 54], [342, 89], [315, 90], [359, 154], [308, 146], [373, 214], [318, 209], [354, 212], [334, 210], [354, 290], [333, 293], [354, 374], [338, 381]]
data_balcony\cam1_pose\cam1_20241214_164719_0099.png [[359, 59], [353, 51], [334, 51], [341, 87], [313, 88], [308, 144], [371, 213], [319, 207], [353, 209], [332, 208], [353, 288], [332, 291], [355, 374], [338, 380]]
data_balcony\cam1_pose\cam1_20241214_164719_0100.png [[360, 59], [354, 51], [335, 51], [341, 87], [313, 87], [310, 143], [369, 213], [319, 207], [353, 211], [333, 210], [351, 290], [332, 292], [353, 375], [339, 380]]
data_balcony\cam1_pose\cam1_20241214_164719_0101.png [[360, 59], [355, 52], [335, 51], [341, 87], [314, 88], [311, 144], [368, 212], [320, 207], [352, 212], [332, 211], [351, 290], [332, 293], [353, 375], [339, 380]]
data_balcony\cam1_pose\cam1_20241214_164719_0102.png [[360, 60], [355, 52], [336, 52], [340, 87], [314, 87], [311, 144], [368, 210], [321, 207], [352, 211], [333, 210], [350, 290], [333, 293], [352, 374], [339, 380]]
data_balcony\cam1_pose\cam1_20241214_164719_0103.png [[361, 63], [357, 55], [338, 54], [339, 89], [317, 90], [315, 144], [324, 209], [351, 212], [334, 213], [352, 290], [335, 294], [352, 374], [341, 380]]
data_balcony\cam1_pose\cam1_20241214_164719_0104.png [[362, 64], [358, 56], [338, 55], [340, 88], [318, 90], [317, 145], [326, 211], [350, 212], [335, 213], [352, 290], [335, 293], [352, 375], [341, 380]]
data_balcony\cam1_pose\cam1_20241214_164719_0105.png [[363, 65], [359, 57], [340, 56], [336, 88], [322, 90], [319, 144], [329, 210], [351, 215], [335, 216], [352, 292], [335, 296], [352, 374], [340, 381]]
data_balcony\cam1_pose\cam1_20241214_164719_0106.png [[363, 65], [359, 57], [340, 55], [337, 87], [322, 90], [320, 142], [329, 207], [350, 214], [336, 215], [352, 291], [335, 296], [352, 374], [340, 381]]
data_balcony\cam1_pose\cam1_20241214_164720_0107.png [[364, 65], [359, 57], [341, 55], [339, 87], [322, 89], [321, 143], [330, 207], [351, 213], [336, 214], [353, 290], [336, 294], [352, 371], [340, 380]]
data_balcony\cam1_pose\cam1_20241214_164720_0108.png [[364, 65], [361, 57], [342, 54], [336, 86], [323, 87], [348, 134], [324, 141], [354, 83], [334, 207], [350, 209], [331, 210], [353, 287], [337, 292], [352, 372], [343, 381]]
data_balcony\cam1_pose\cam1_20241214_164720_0109.png [[364, 65], [361, 57], [342, 54], [336, 85], [323, 87], [323, 142], [355, 83], [334, 207], [350, 206], [331, 208], [353, 287], [337, 291], [351, 372], [343, 381]]
data_balcony\cam1_pose\cam1_20241214_164720_0110.png [[364, 63], [361, 54], [343, 52], [335, 83], [323, 85], [349, 134], [326, 142], [354, 81], [336, 204], [350, 209], [333, 209], [353, 288], [339, 290], [352, 372], [343, 381]]
data_balcony\cam1_pose\cam1_20241214_164720_0111.png [[364, 63], [361, 54], [343, 51], [331, 80], [323, 84], [349, 134], [326, 141], [355, 81], [337, 204], [350, 210], [335, 210], [353, 286], [339, 289], [351, 372], [343, 381]]
data_balcony\cam1_pose\cam1_20241214_164720_0112.png [[364, 62], [361, 53], [343, 50], [336, 81], [325, 84], [349, 134], [329, 140], [355, 80], [340, 204], [343, 210], [335, 209], [339, 284], [342, 288], [344, 376], [344, 382]]
data_balcony\cam1_pose\cam1_20241214_164720_0113.png [[364, 62], [361, 53], [343, 50], [336, 82], [325, 84], [350, 133], [331, 141], [355, 79], [342, 203], [337, 209], [334, 208], [337, 283], [344, 287], [342, 381], [343, 382]]
data_balcony\cam1_pose\cam1_20241214_164720_0114.png [[364, 65], [362, 56], [344, 52], [339, 83], [326, 86], [351, 134], [334, 143], [355, 81], [345, 206], [334, 209], [335, 210], [336, 284], [344, 288], [341, 381], [341, 382]]
data_balcony\cam1_pose\cam1_20241214_164720_0115.png [[364, 65], [362, 57], [344, 53], [339, 85], [327, 87], [351, 134], [337, 145], [356, 82], [346, 206], [334, 208], [335, 210], [336, 285], [345, 289], [341, 381], [341, 382]]
data_balcony\cam1_pose\cam1_20241214_164720_0116.png [[365, 68], [362, 59], [344, 56], [326, 90], [329, 90], [351, 136], [337, 146], [356, 84], [349, 210], [333, 208], [336, 210], [337, 284], [347, 287], [341, 380], [342, 381]]
data_balcony\cam1_pose\cam1_20241214_164720_0117.png [[365, 69], [362, 60], [345, 57], [326, 90], [330, 92], [351, 139], [337, 147], [356, 85], [350, 207], [334, 209], [336, 212], [338, 284], [347, 287], [342, 380], [342, 381]]
data_balcony\cam1_pose\cam1_20241214_164720_0118.png [[365, 70], [363, 62], [345, 58], [325, 90], [331, 91], [349, 138], [337, 147], [356, 86], [350, 207], [334, 209], [336, 211], [339, 283], [347, 287], [342, 380], [342, 381]]
data_balcony\cam1_pose\cam1_20241214_164721_0119.png [[365, 72], [364, 63], [346, 59], [337, 92], [330, 93], [350, 140], [340, 148], [357, 87], [353, 206], [337, 209], [336, 211], [352, 284], [346, 289], [344, 378], [343, 380]]
data_balcony\cam1_pose\cam1_20241214_164721_0120.png [[366, 71], [364, 63], [346, 59], [338, 92], [331, 93], [349, 142], [337, 151], [357, 87], [353, 206], [340, 210], [335, 212], [340, 286], [347, 288], [345, 375], [343, 380]]
data_balcony\cam1_pose\cam1_20241214_164721_0121.png [[366, 71], [364, 63], [347, 58], [337, 92], [332, 93], [348, 141], [340, 148], [359, 84], [352, 212], [338, 212], [337, 215], [340, 290], [347, 293], [341, 378], [344, 382]]
data_balcony\cam1_pose\cam1_20241214_164721_0122.png [[366, 71], [365, 62], [347, 58], [337, 91], [332, 91], [348, 141], [341, 151], [359, 84], [353, 211], [337, 211], [337, 213], [340, 289], [348, 292], [341, 377], [345, 383]]
data_balcony\cam1_pose\cam1_20241214_164721_0123.png [[366, 70], [364, 61], [347, 57], [333, 90], [332, 90], [351, 135], [341, 147], [359, 85], [353, 211], [337, 212], [338, 215], [340, 290], [349, 291], [341, 378], [345, 383]]
data_balcony\cam1_pose\cam1_20241214_164721_0124.png [[367, 68], [365, 58], [349, 54], [327, 86], [335, 87], [348, 147], [360, 83], [361, 204], [337, 211], [339, 212], [341, 291], [350, 293], [341, 380], [345, 383]]
data_balcony\cam1_pose\cam1_20241214_164721_0125.png [[368, 65], [366, 55], [350, 52], [327, 83], [336, 84], [349, 144], [361, 83], [366, 197], [337, 210], [338, 211], [340, 293], [352, 293], [341, 380], [345, 383]]
data_balcony\cam1_pose\cam1_20241214_164721_0126.png [[368, 65], [366, 56], [351, 51], [326, 83], [336, 87], [352, 148], [373, 200], [328, 209], [342, 212], [338, 296], [352, 292], [338, 380], [346, 383]]
data_balcony\cam1_pose\cam1_20241214_164721_0127.png [[368, 66], [366, 56], [351, 51], [326, 81], [336, 84], [351, 148], [373, 197], [329, 210], [342, 214], [336, 298], [352, 294], [337, 381], [346, 383]]
data_balcony\cam1_pose\cam1_20241214_164721_0128.png [[366, 71], [365, 62], [350, 54], [323, 85], [337, 88], [353, 149], [376, 201], [326, 212], [343, 216], [335, 296], [352, 293], [336, 381], [346, 383]]
data_balcony\cam1_pose\cam1_20241214_164721_0129.png [[366, 71], [365, 62], [350, 54], [323, 85], [337, 88], [353, 149], [376, 201], [326, 212], [343, 216], [335, 296], [352, 293], [336, 381], [346, 383]]
data_balcony\cam1_pose\cam1_20241214_164721_0130.png [[365, 73], [364, 63], [349, 57], [323, 88], [336, 92], [352, 147], [358, 84], [377, 200], [325, 215], [343, 218], [334, 298], [352, 295], [336, 381], [347, 381]]
data_balcony\cam1_pose\cam1_20241214_164722_0131.png [[365, 73], [363, 63], [349, 58], [319, 103], [336, 92], [353, 147], [378, 200], [326, 214], [343, 218], [334, 297], [352, 296], [336, 380], [348, 380]]
data_balcony\cam1_pose\cam1_20241214_164722_0132.png [[366, 73], [365, 64], [352, 57], [321, 103], [341, 93], [359, 151], [383, 197], [326, 212], [345, 217], [332, 299], [356, 298], [335, 380], [355, 383]]
data_balcony\cam1_pose\cam1_20241214_164722_0133.png [[369, 72], [368, 60], [355, 54], [323, 98], [345, 90], [365, 149], [388, 195], [328, 209], [347, 215], [332, 298], [356, 299], [336, 380], [355, 384]]
data_balcony\cam1_pose\cam1_20241214_164722_0134.png [[369, 71], [369, 61], [356, 53], [324, 98], [346, 89], [365, 148], [388, 195], [326, 209], [346, 213], [333, 297], [356, 299], [336, 379], [355, 384]]
data_balcony\cam1_pose\cam1_20241214_164722_0135.png [[371, 68], [370, 57], [358, 51], [328, 92], [346, 87], [366, 146], [391, 191], [326, 206], [347, 210], [332, 297], [357, 297], [338, 379], [355, 384]]
data_balcony\cam1_pose\cam1_20241214_164722_0136.png [[372, 67], [371, 57], [359, 51], [327, 94], [346, 88], [365, 145], [391, 193], [325, 208], [345, 213], [338, 297], [356, 297], [343, 379], [354, 383]]
data_balcony\cam1_pose\cam1_20241214_164722_0137.png [[372, 68], [371, 57], [358, 51], [328, 93], [346, 87], [365, 147], [389, 194], [327, 209], [345, 214], [339, 299], [356, 298], [344, 380], [354, 384]]
data_balcony\cam1_pose\cam1_20241214_164722_0138.png [[372, 69], [370, 60], [356, 54], [329, 84], [343, 88], [359, 147], [383, 200], [328, 212], [346, 216], [341, 302], [357, 300], [344, 381], [353, 383]]
data_balcony\cam1_pose\cam1_20241214_164722_0139.png [[371, 70], [370, 60], [356, 54], [329, 86], [342, 88], [358, 149], [381, 205], [328, 213], [346, 217], [341, 303], [358, 301], [344, 381], [353, 383]]
data_balcony\cam1_pose\cam1_20241214_164722_0140.png [[371, 69], [370, 60], [353, 56], [332, 89], [341, 90], [353, 148], [362, 84], [375, 204], [332, 212], [344, 215], [342, 300], [358, 300], [344, 381], [354, 383]]
data_balcony\cam1_pose\cam1_20241214_164723_0141.png [[371, 68], [368, 59], [352, 56], [332, 88], [338, 89], [351, 149], [362, 83], [372, 202], [337, 210], [341, 212], [344, 293], [356, 294], [344, 380], [351, 381]]
data_balcony\cam1_pose\cam1_20241214_164723_0142.png [[371, 68], [368, 59], [351, 56], [333, 88], [337, 89], [348, 147], [362, 83], [370, 199], [341, 212], [340, 213], [345, 293], [355, 294], [343, 380], [351, 381]]
data_balcony\cam1_pose\cam1_20241214_164723_0143.png [[371, 68], [368, 58], [350, 55], [338, 87], [334, 88], [354, 134], [347, 147], [362, 84], [364, 194], [338, 209], [339, 211], [345, 291], [353, 293], [343, 380], [350, 382]]
data_balcony\cam1_pose\cam1_20241214_164723_0144.png [[371, 67], [368, 58], [350, 54], [337, 86], [334, 88], [354, 135], [343, 147], [362, 83], [362, 194], [338, 207], [339, 209], [345, 291], [353, 293], [343, 381], [350, 382]]
data_balcony\cam1_pose\cam1_20241214_164723_0145.png [[370, 64], [367, 55], [349, 52], [341, 84], [332, 86], [355, 131], [342, 144], [361, 81], [354, 199], [343, 203], [339, 205], [346, 288], [353, 291], [344, 378], [350, 381]]
data_balcony\cam1_pose\cam1_20241214_164723_0146.png [[370, 63], [367, 54], [349, 52], [342, 84], [332, 86], [354, 134], [361, 81], [353, 204], [346, 207], [340, 208], [346, 290], [352, 292], [343, 378], [350, 382]]
data_balcony\cam1_pose\cam1_20241214_164723_0147.png [[370, 63], [366, 54], [348, 52], [343, 84], [331, 86], [335, 143], [361, 81], [347, 206], [346, 212], [339, 211], [355, 297], [348, 296], [345, 378], [350, 382]]
data_balcony\cam1_pose\cam1_20241214_164723_0148.png [[370, 63], [366, 55], [348, 52], [343, 84], [331, 87], [337, 144], [361, 81], [348, 206], [346, 212], [339, 211], [356, 296], [347, 296], [345, 378], [350, 382]]
data_balcony\cam1_pose\cam1_20241214_164723_0149.png [[370, 64], [366, 56], [348, 53], [343, 86], [330, 88], [335, 144], [361, 82], [347, 206], [348, 213], [338, 212], [356, 296], [347, 296], [346, 379], [350, 382]]
data_balcony\cam1_pose\cam1_20241214_164723_0150.png [[370, 64], [366, 56], [347, 54], [343, 87], [329, 90], [335, 146], [347, 206], [346, 214], [338, 214], [356, 296], [347, 296], [345, 379], [350, 382]]
data_balcony\cam1_pose\cam1_20241214_164723_0151.png [[370, 66], [365, 58], [347, 57], [342, 90], [329, 93], [334, 148], [346, 211], [340, 212], [337, 212], [347, 290], [350, 292], [346, 380], [349, 382]]
data_balcony\cam1_pose\cam1_20241214_164723_0152.png [[370, 67], [365, 59], [347, 57], [343, 89], [329, 91], [332, 147], [346, 209], [337, 209], [338, 212], [346, 287], [352, 290], [346, 378], [349, 382]]
data_balcony\cam1_pose\cam1_20241214_164723_0153.png [[370, 67], [365, 59], [347, 57], [343, 89], [329, 92], [333, 148], [360, 83], [345, 210], [337, 212], [339, 213], [344, 288], [352, 291], [347, 378], [349, 381]]
data_balcony\cam1_pose\cam1_20241214_164724_0154.png [[369, 66], [365, 58], [346, 57], [343, 89], [328, 91], [332, 146], [346, 208], [346, 214], [341, 216], [345, 290], [351, 291], [351, 366], [347, 380]]
data_balcony\cam1_pose\cam1_20241214_164724_0155.png [[369, 65], [364, 58], [346, 57], [344, 90], [328, 92], [334, 145], [346, 207], [349, 213], [341, 214], [345, 289], [351, 291], [349, 369], [346, 380]]
data_balcony\cam1_pose\cam1_20241214_164724_0156.png [[368, 65], [364, 58], [345, 57], [346, 90], [328, 91], [333, 145], [346, 206], [346, 213], [341, 215], [353, 290], [350, 292], [349, 369], [346, 380]]
data_balcony\cam1_pose\cam1_20241214_164724_0157.png [[367, 65], [362, 56], [343, 56], [343, 89], [326, 91], [331, 145], [343, 205], [351, 213], [342, 216], [346, 289], [349, 292], [349, 373], [345, 383]]
data_balcony\cam1_pose\cam1_20241214_164724_0158.png [[367, 64], [362, 56], [343, 55], [343, 88], [325, 90], [331, 144], [342, 206], [352, 214], [342, 216], [357, 286], [348, 293], [349, 372], [345, 383]]
data_balcony\cam1_pose\cam1_20241214_164724_0159.png [[365, 60], [360, 52], [341, 52], [341, 85], [323, 86], [326, 143], [374, 211], [338, 204], [356, 212], [341, 213], [357, 290], [346, 292], [348, 372], [345, 382]]
data_balcony\cam1_pose\cam1_20241214_164724_0160.png [[365, 59], [360, 52], [340, 51], [342, 84], [322, 86], [354, 152], [325, 141], [374, 211], [336, 203], [356, 213], [341, 214], [357, 290], [346, 291], [347, 372], [345, 382]]
data_balcony\cam1_pose\cam1_20241214_164724_0161.png [[366, 59], [361, 51], [341, 51], [345, 84], [321, 86], [359, 152], [317, 139], [374, 212], [329, 207], [357, 212], [338, 213], [358, 291], [343, 293], [355, 375], [347, 383]]
data_balcony\cam1_pose\cam1_20241214_164724_0162.png [[366, 59], [361, 52], [341, 51], [346, 85], [321, 86], [359, 152], [317, 140], [374, 212], [328, 206], [357, 210], [338, 212], [358, 291], [344, 293], [355, 375], [347, 383]]
data_balcony\cam1_pose\cam1_20241214_164724_0163.png [[367, 62], [368, 57], [361, 53], [341, 54], [349, 89], [321, 89], [361, 153], [317, 141], [376, 213], [326, 205], [360, 210], [339, 211], [358, 293], [343, 294], [355, 375], [347, 382]]
data_balcony\cam1_pose\cam1_20241214_164724_0164.png [[367, 62], [368, 58], [362, 54], [342, 54], [349, 89], [322, 89], [364, 154], [317, 141], [376, 213], [325, 207], [360, 208], [340, 209], [358, 293], [343, 293], [356, 375], [347, 382]]
data_balcony\cam1_pose\cam1_20241214_164725_0165.png [[367, 62], [370, 59], [362, 54], [342, 54], [350, 89], [322, 89], [365, 154], [314, 142], [378, 215], [322, 204], [361, 208], [339, 209], [359, 290], [343, 293], [356, 375], [347, 380]]
data_balcony\cam1_pose\cam1_20241214_164725_0166.png [[367, 62], [370, 58], [362, 54], [342, 54], [349, 89], [322, 89], [315, 143], [379, 216], [321, 205], [362, 209], [339, 209], [359, 291], [343, 293], [355, 373], [346, 380]]
data_balcony\cam1_pose\cam1_20241214_164725_0167.png [[365, 61], [368, 57], [360, 53], [341, 54], [349, 89], [321, 88], [367, 159], [312, 142], [384, 215], [318, 204], [364, 207], [339, 207], [360, 291], [343, 293], [355, 375], [344, 382]]
data_balcony\cam1_pose\cam1_20241214_164725_0168.png [[365, 60], [368, 57], [359, 52], [340, 53], [347, 88], [321, 87], [371, 165], [311, 144], [384, 215], [317, 206], [364, 205], [338, 206], [360, 293], [342, 294], [356, 376], [344, 382]]
data_balcony\cam1_pose\cam1_20241214_164725_0169.png [[364, 60], [368, 57], [359, 52], [339, 53], [346, 88], [320, 88], [368, 159], [311, 143], [385, 215], [317, 205], [364, 207], [337, 207], [361, 292], [343, 294], [355, 375], [344, 383]]
data_balcony\cam1_pose\cam1_20241214_164725_0170.png [[362, 57], [365, 53], [356, 50], [336, 51], [346, 88], [317, 86], [371, 161], [305, 142], [387, 214], [313, 200], [364, 209], [335, 207], [361, 294], [341, 297], [355, 376], [343, 383]]
data_balcony\cam1_pose\cam1_20241214_164725_0171.png [[361, 57], [365, 53], [356, 49], [336, 51], [346, 87], [316, 86], [372, 161], [306, 142], [388, 213], [312, 199], [364, 210], [335, 207], [362, 294], [341, 296], [355, 375], [343, 383]]
data_balcony\cam1_pose\cam1_20241214_164725_0172.png [[361, 56], [365, 52], [356, 48], [336, 50], [346, 87], [317, 86], [373, 160], [306, 142], [388, 212], [312, 200], [365, 208], [335, 206], [364, 293], [341, 296], [356, 374], [343, 382]]
data_balcony\cam1_pose\cam1_20241214_164725_0173.png [[362, 56], [365, 51], [356, 48], [336, 50], [348, 91], [317, 86], [373, 160], [306, 143], [390, 212], [310, 206], [364, 209], [334, 207], [364, 295], [341, 298], [361, 375], [341, 383]]
data_balcony\cam1_pose\cam1_20241214_164725_0174.png [[363, 56], [366, 52], [356, 48], [337, 51], [349, 92], [317, 88], [376, 161], [305, 144], [390, 212], [310, 206], [365, 209], [335, 208], [365, 295], [342, 299], [361, 375], [341, 383]]
data_balcony\cam1_pose\cam1_20241214_164725_0175.png [[364, 58], [368, 54], [358, 50], [339, 54], [361, 107], [319, 93], [379, 160], [308, 149], [393, 212], [311, 210], [368, 207], [338, 208], [365, 296], [343, 299], [361, 375], [342, 383]]
data_balcony\cam1_pose\cam1_20241214_164725_0176.png [[365, 58], [368, 54], [358, 51], [339, 55], [364, 109], [320, 94], [381, 161], [308, 150], [394, 213], [312, 212], [369, 207], [338, 209], [366, 296], [344, 298], [361, 375], [342, 381]]
data_balcony\cam1_pose\cam1_20241214_164725_0177.png [[366, 59], [370, 54], [359, 51], [340, 55], [365, 109], [321, 94], [383, 162], [308, 150], [394, 214], [311, 210], [370, 207], [338, 208], [365, 293], [343, 295], [361, 375], [342, 381]]
data_balcony\cam1_pose\cam1_20241214_164725_0178.png [[367, 60], [371, 55], [360, 52], [341, 56], [369, 111], [321, 96], [386, 163], [305, 153], [398, 213], [310, 213], [371, 209], [338, 210], [367, 295], [342, 296], [361, 375], [341, 380]]
data_balcony\cam1_pose\cam1_20241214_164726_0179.png [[367, 60], [371, 55], [360, 52], [341, 56], [369, 111], [321, 96], [386, 163], [305, 152], [400, 213], [309, 213], [370, 209], [337, 209], [366, 294], [341, 296], [361, 374], [341, 380]]
data_balcony\cam1_pose\cam1_20241214_164726_0180.png [[365, 59], [369, 54], [358, 51], [340, 56], [368, 111], [319, 96], [387, 163], [302, 150], [402, 215], [304, 211], [369, 208], [335, 209], [366, 294], [341, 296], [360, 374], [341, 380]]
data_balcony\cam1_pose\cam1_20241214_164726_0181.png [[364, 59], [368, 54], [357, 51], [339, 56], [368, 111], [318, 96], [386, 162], [301, 151], [402, 214], [303, 211], [369, 209], [334, 210], [366, 296], [340, 297], [360, 374], [341, 381]]
data_balcony\cam1_pose\cam1_20241214_164726_0182.png [[364, 59], [367, 54], [356, 51], [338, 55], [367, 111], [317, 96], [386, 162], [301, 151], [402, 214], [302, 211], [368, 206], [334, 209], [366, 296], [341, 297], [361, 374], [340, 380]]
data_balcony\cam1_pose\cam1_20241214_164726_0183.png [[359, 57], [363, 51], [352, 48], [334, 54], [365, 110], [312, 95], [385, 159], [296, 147], [400, 213], [297, 206], [365, 204], [330, 206], [365, 294], [338, 296], [360, 374], [340, 380]]
data_balcony\cam1_pose\cam1_20241214_164726_0184.png [[359, 57], [363, 51], [352, 48], [334, 54], [365, 110], [312, 95], [385, 159], [296, 147], [400, 213], [297, 206], [365, 204], [330, 206], [365, 294], [338, 296], [360, 374], [340, 380]]
data_balcony\cam1_pose\cam1_20241214_164726_0185.png [[358, 56], [362, 51], [351, 48], [332, 53], [364, 110], [311, 94], [384, 159], [296, 147], [400, 213], [296, 206], [365, 204], [329, 206], [365, 293], [337, 297], [361, 374], [340, 381]]
data_balcony\cam1_pose\cam1_20241214_164726_0186.png [[354, 53], [358, 47], [346, 45], [329, 51], [363, 108], [308, 93], [383, 159], [292, 148], [400, 211], [294, 209], [364, 205], [327, 207], [365, 290], [334, 296], [362, 373], [340, 381]]
data_balcony\cam1_pose\cam1_20241214_164726_0187.png [[354, 52], [358, 47], [346, 45], [329, 51], [362, 108], [308, 93], [383, 159], [292, 147], [400, 212], [294, 209], [364, 203], [328, 205], [365, 290], [334, 296], [363, 373], [340, 381]]
data_balcony\cam1_pose\cam1_20241214_164726_0188.png [[354, 51], [358, 46], [346, 45], [329, 52], [364, 109], [309, 93], [383, 159], [293, 148], [398, 210], [294, 209], [364, 203], [328, 206], [366, 291], [334, 295], [364, 374], [340, 381]]
data_balcony\cam1_pose\cam1_20241214_164726_0189.png [[354, 52], [358, 47], [346, 45], [329, 53], [365, 110], [310, 94], [385, 162], [293, 149], [400, 212], [295, 209], [365, 205], [329, 207], [366, 291], [335, 296], [364, 375], [340, 381]]
data_balcony\cam1_pose\cam1_20241214_164726_0190.png [[356, 55], [361, 50], [348, 49], [332, 56], [370, 112], [313, 98], [389, 164], [297, 151], [403, 216], [294, 202], [370, 208], [331, 210], [368, 293], [336, 297], [364, 375], [340, 379]]
data_balcony\cam1_pose\cam1_20241214_164726_0191.png [[357, 56], [362, 51], [349, 50], [334, 57], [372, 112], [314, 99], [392, 165], [299, 150], [406, 215], [294, 201], [371, 209], [332, 210], [368, 293], [337, 297], [364, 375], [340, 378]]
data_balcony\cam1_pose\cam1_20241214_164726_0192.png [[358, 57], [362, 51], [350, 51], [334, 58], [373, 112], [315, 99], [392, 164], [299, 150], [407, 215], [293, 200], [371, 209], [332, 210], [368, 293], [337, 296], [364, 375], [340, 378]]
data_balcony\cam1_pose\cam1_20241214_164727_0193.png [[358, 57], [363, 52], [350, 51], [335, 58], [374, 113], [316, 101], [394, 163], [300, 150], [410, 214], [292, 200], [372, 209], [332, 211], [369, 292], [335, 296], [364, 376], [335, 379]]
data_balcony\cam1_pose\cam1_20241214_164727_0194.png [[357, 57], [362, 52], [349, 51], [334, 58], [374, 111], [315, 101], [395, 162], [298, 150], [412, 213], [290, 202], [372, 206], [331, 208], [368, 296], [332, 296], [364, 377], [331, 377]]
data_balcony\cam1_pose\cam1_20241214_164727_0195.png [[356, 57], [361, 52], [349, 51], [333, 58], [374, 111], [315, 101], [394, 162], [297, 150], [412, 213], [289, 201], [371, 205], [330, 207], [368, 295], [332, 295], [364, 377], [331, 376]]
data_balcony\cam1_pose\cam1_20241214_164727_0196.png [[350, 56], [355, 51], [343, 50], [328, 58], [370, 110], [310, 101], [391, 164], [292, 150], [408, 211], [283, 202], [368, 206], [327, 208], [367, 294], [330, 296], [364, 377], [331, 379]]
data_balcony\cam1_pose\cam1_20241214_164727_0197.png [[347, 55], [352, 50], [339, 48], [324, 56], [367, 109], [305, 101], [388, 162], [288, 150], [405, 209], [278, 200], [365, 205], [322, 207], [365, 294], [326, 294], [364, 377], [331, 378]]
data_balcony\cam1_pose\cam1_20241214_164727_0198.png [[344, 53], [350, 48], [337, 47], [322, 55], [366, 108], [303, 100], [386, 164], [284, 150], [406, 210], [272, 202], [364, 204], [322, 206], [365, 292], [326, 294], [367, 375], [330, 378]]
data_balcony\cam1_pose\cam1_20241214_164727_0199.png [[344, 53], [350, 48], [337, 47], [322, 55], [367, 108], [303, 100], [386, 163], [284, 150], [406, 210], [272, 200], [364, 204], [322, 205], [365, 292], [325, 294], [368, 375], [331, 379]]
