data_balcony\cam2_pose\cam2_20241214_164711_0000.png [[262, 57], [266, 50], [287, 50], [304, 88], [273, 90], [307, 141], [303, 192], [293, 200], [270, 195], [300, 276], [276, 279], [301, 360], [283, 353]]
data_balcony\cam2_pose\cam2_20241214_164711_0001.png [[261, 57], [266, 50], [286, 50], [302, 87], [272, 89], [304, 140], [302, 192], [292, 198], [271, 195], [300, 275], [277, 277], [301, 360], [283, 353]]
data_balcony\cam2_pose\cam2_20241214_164711_0002.png [[261, 57], [265, 50], [286, 50], [302, 87], [272, 90], [304, 141], [302, 192], [292, 200], [269, 195], [300, 274], [276, 277], [301, 360], [283, 353]]
data_balcony\cam2_pose\cam2_20241214_164711_0003.png [[261, 57], [265, 50], [286, 49], [302, 86], [274, 89], [305, 139], [302, 191], [292, 198], [271, 195], [299, 274], [276, 275], [301, 360], [282, 353]]
data_balcony\cam2_pose\cam2_20241214_164712_0004.png [[261, 56], [265, 48], [286, 48], [303, 86], [274, 87], [305, 139], [304, 190], [293, 191], [274, 189], [299, 272], [275, 274], [301, 359], [282, 353]]
data_balcony\cam2_pose\cam2_20241214_164712_0005.png [[261, 55], [265, 47], [286, 47], [304, 85], [272, 87], [306, 138], [304, 189], [295, 192], [272, 190], [299, 273], [275, 275], [301, 359], [283, 352]]
data_balcony\cam2_pose\cam2_20241214_164712_0006.png [[261, 54], [265, 46], [286, 46], [304, 84], [271, 87], [308, 137], [307, 188], [294, 197], [271, 193], [298, 273], [274, 274], [300, 359], [281, 351]]
data_balcony\cam2_pose\cam2_20241214_164712_0007.png [[261, 56], [265, 48], [285, 48], [304, 86], [269, 89], [310, 139], [308, 189], [255, 201], [294, 197], [270, 194], [296, 275], [272, 276], [301, 360], [280, 353]]
data_balcony\cam2_pose\cam2_20241214_164712_0008.png [[260, 56], [265, 49], [285, 49], [303, 86], [269, 90], [309, 140], [308, 191], [254, 201], [293, 197], [272, 195], [295, 273], [272, 276], [300, 360], [281, 353]]
data_balcony\cam2_pose\cam2_20241214_164712_0009.png [[259, 59], [263, 51], [257, 54], [283, 51], [302, 89], [266, 92], [309, 141], [265, 141], [307, 191], [251, 200], [292, 198], [267, 195], [295, 275], [271, 277], [300, 360], [281, 353]]
data_balcony\cam2_pose\cam2_20241214_164712_0010.png [[257, 59], [262, 52], [255, 55], [281, 52], [301, 90], [265, 93], [309, 141], [263, 141], [308, 191], [250, 200], [292, 200], [265, 196], [296, 274], [271, 276], [300, 358], [280, 352]]
data_balcony\cam2_pose\cam2_20241214_164712_0011.png [[258, 59], [262, 52], [255, 55], [281, 53], [301, 90], [265, 93], [310, 141], [263, 141], [310, 190], [250, 201], [293, 198], [265, 195], [296, 275], [271, 276], [300, 358], [280, 352]]
data_balcony\cam2_pose\cam2_20241214_164712_0012.png [[258, 59], [262, 52], [255, 55], [282, 53], [301, 89], [265, 93], [312, 141], [264, 142], [311, 192], [251, 200], [294, 199], [266, 196], [297, 275], [271, 277], [301, 358], [280, 353]]
data_balcony\cam2_pose\cam2_20241214_164712_0013.png [[260, 59], [264, 51], [257, 54], [284, 52], [303, 89], [268, 92], [314, 140], [265, 141], [315, 189], [253, 201], [296, 198], [271, 195], [297, 273], [272, 275], [301, 358], [280, 352]]
data_balcony\cam2_pose\cam2_20241214_164712_0014.png [[260, 58], [265, 51], [284, 51], [304, 89], [268, 92], [316, 140], [265, 147], [317, 190], [254, 201], [297, 198], [272, 197], [298, 274], [273, 275], [301, 358], [280, 353]]
data_balcony\cam2_pose\cam2_20241214_164713_0015.png [[262, 56], [266, 49], [286, 50], [305, 86], [270, 89], [317, 138], [318, 188], [254, 202], [296, 195], [269, 193], [296, 273], [270, 275], [300, 359], [280, 349]]
data_balcony\cam2_pose\cam2_20241214_164713_0016.png [[262, 56], [266, 48], [259, 52], [287, 49], [305, 86], [270, 90], [319, 136], [319, 187], [254, 203], [297, 195], [270, 193], [297, 273], [271, 274], [300, 359], [279, 350]]
data_balcony\cam2_pose\cam2_20241214_164713_0017.png [[261, 56], [266, 49], [259, 52], [286, 50], [304, 87], [269, 91], [317, 137], [318, 187], [253, 202], [297, 197], [269, 195], [296, 274], [269, 275], [300, 359], [276, 351]]
data_balcony\cam2_pose\cam2_20241214_164713_0018.png [[261, 57], [265, 50], [259, 54], [286, 51], [304, 88], [268, 91], [318, 138], [319, 188], [253, 201], [296, 197], [268, 194], [297, 274], [269, 275], [300, 359], [276, 352]]
data_balcony\cam2_pose\cam2_20241214_164713_0019.png [[260, 59], [264, 52], [256, 56], [284, 53], [303, 90], [265, 93], [317, 139], [260, 149], [318, 191], [248, 205], [296, 200], [266, 197], [297, 275], [269, 275], [300, 359], [276, 353]]
data_balcony\cam2_pose\cam2_20241214_164713_0020.png [[259, 59], [264, 52], [256, 56], [283, 53], [301, 90], [262, 93], [317, 140], [318, 191], [244, 203], [296, 197], [265, 194], [297, 275], [269, 275], [300, 356], [275, 353]]
data_balcony\cam2_pose\cam2_20241214_164713_0021.png [[260, 59], [265, 52], [256, 56], [284, 53], [302, 91], [262, 93], [317, 141], [319, 191], [243, 204], [296, 195], [265, 194], [296, 275], [269, 274], [300, 356], [276, 353]]
data_balcony\cam2_pose\cam2_20241214_164713_0022.png [[262, 59], [267, 52], [259, 55], [286, 53], [304, 91], [266, 95], [320, 141], [257, 150], [323, 198], [243, 204], [297, 192], [267, 192], [297, 276], [269, 275], [301, 357], [275, 352]]
data_balcony\cam2_pose\cam2_20241214_164713_0023.png [[266, 58], [271, 50], [262, 54], [290, 53], [308, 91], [271, 93], [326, 143], [328, 201], [248, 201], [300, 195], [269, 194], [299, 276], [270, 275], [301, 357], [275, 352]]
data_balcony\cam2_pose\cam2_20241214_164713_0024.png [[266, 57], [271, 50], [263, 54], [291, 52], [309, 90], [271, 93], [326, 142], [329, 201], [243, 204], [301, 197], [269, 195], [299, 276], [270, 275], [301, 357], [275, 352]]
data_balcony\cam2_pose\cam2_20241214_164714_0025.png [[268, 56], [273, 49], [264, 52], [292, 51], [310, 89], [271, 93], [329, 141], [332, 199], [244, 203], [302, 194], [271, 193], [299, 273], [269, 272], [301, 357], [272, 351]]
data_balcony\cam2_pose\cam2_20241214_164714_0026.png [[268, 56], [273, 49], [264, 52], [292, 51], [310, 89], [272, 95], [330, 141], [333, 198], [244, 203], [302, 196], [271, 194], [299, 273], [269, 273], [301, 357], [271, 351]]
data_balcony\cam2_pose\cam2_20241214_164714_0027.png [[266, 58], [271, 51], [263, 54], [290, 53], [308, 90], [269, 97], [328, 140], [254, 152], [334, 194], [239, 204], [301, 194], [269, 192], [298, 273], [268, 273], [300, 357], [271, 351]]
data_balcony\cam2_pose\cam2_20241214_164714_0028.png [[266, 58], [271, 51], [262, 54], [290, 53], [307, 90], [268, 97], [328, 140], [256, 149], [334, 191], [239, 204], [301, 193], [269, 193], [298, 274], [267, 272], [300, 357], [271, 352]]
data_balcony\cam2_pose\cam2_20241214_164714_0029.png [[263, 58], [269, 51], [260, 54], [287, 55], [304, 92], [265, 99], [326, 141], [251, 153], [334, 188], [234, 206], [298, 195], [265, 194], [297, 273], [266, 274], [300, 357], [270, 352]]
data_balcony\cam2_pose\cam2_20241214_164714_0030.png [[263, 59], [268, 51], [259, 54], [287, 54], [304, 92], [264, 97], [326, 141], [251, 150], [334, 188], [233, 205], [297, 195], [263, 194], [298, 274], [266, 275], [301, 357], [270, 352]]
data_balcony\cam2_pose\cam2_20241214_164714_0031.png [[263, 58], [268, 51], [259, 54], [287, 54], [304, 92], [262, 102], [326, 140], [249, 152], [334, 188], [232, 204], [297, 197], [263, 195], [298, 276], [266, 277], [300, 356], [270, 352]]
data_balcony\cam2_pose\cam2_20241214_164714_0032.png [[263, 58], [269, 51], [259, 54], [287, 54], [304, 92], [262, 105], [326, 141], [247, 152], [335, 187], [232, 205], [298, 195], [264, 195], [298, 276], [267, 275], [299, 356], [270, 352]]
data_balcony\cam2_pose\cam2_20241214_164714_0033.png [[264, 58], [270, 51], [260, 54], [288, 54], [305, 93], [262, 104], [327, 142], [247, 154], [336, 188], [232, 206], [299, 197], [264, 195], [298, 276], [266, 276], [299, 356], [270, 353]]
data_balcony\cam2_pose\cam2_20241214_164714_0034.png [[268, 57], [273, 50], [263, 53], [292, 54], [310, 93], [265, 104], [332, 143], [248, 154], [342, 189], [233, 204], [301, 197], [267, 196], [298, 276], [268, 275], [299, 356], [271, 351]]
data_balcony\cam2_pose\cam2_20241214_164714_0035.png [[269, 56], [274, 49], [265, 53], [293, 53], [311, 92], [265, 105], [333, 142], [249, 153], [343, 190], [234, 203], [302, 200], [268, 197], [298, 276], [268, 274], [299, 357], [271, 352]]
data_balcony\cam2_pose\cam2_20241214_164714_0036.png [[272, 54], [277, 47], [268, 50], [296, 51], [313, 91], [266, 104], [337, 140], [250, 152], [347, 189], [235, 202], [304, 198], [269, 197], [301, 278], [269, 276], [300, 357], [270, 351]]
data_balcony\cam2_pose\cam2_20241214_164714_0037.png [[272, 54], [278, 47], [268, 50], [296, 51], [314, 90], [266, 104], [337, 140], [250, 152], [347, 189], [234, 202], [304, 199], [269, 197], [301, 278], [268, 277], [300, 357], [269, 352]]
data_balcony\cam2_pose\cam2_20241214_164715_0038.png [[272, 54], [278, 47], [268, 50], [296, 51], [314, 91], [266, 104], [337, 141], [250, 151], [348, 190], [234, 201], [304, 199], [269, 198], [301, 277], [268, 276], [301, 357], [269, 351]]
data_balcony\cam2_pose\cam2_20241214_164715_0039.png [[271, 54], [277, 47], [267, 50], [295, 51], [313, 91], [264, 103], [336, 140], [248, 152], [347, 190], [232, 201], [304, 200], [268, 199], [301, 279], [265, 277], [301, 357], [265, 353]]
data_balcony\cam2_pose\cam2_20241214_164715_0040.png [[271, 54], [276, 47], [266, 50], [294, 52], [313, 92], [263, 104], [335, 140], [246, 153], [346, 189], [231, 201], [304, 200], [268, 199], [301, 279], [265, 278], [301, 358], [266, 354]]
data_balcony\cam2_pose\cam2_20241214_164715_0041.png [[266, 56], [272, 49], [262, 51], [290, 53], [308, 94], [258, 106], [331, 143], [242, 154], [343, 194], [226, 203], [300, 201], [263, 200], [298, 278], [263, 279], [301, 357], [266, 354]]
data_balcony\cam2_pose\cam2_20241214_164715_0042.png [[265, 56], [271, 49], [261, 52], [289, 54], [308, 94], [257, 106], [330, 144], [241, 154], [342, 194], [225, 202], [299, 203], [262, 201], [299, 278], [262, 279], [301, 357], [266, 354]]
data_balcony\cam2_pose\cam2_20241214_164715_0043.png [[265, 56], [271, 49], [260, 51], [288, 54], [307, 94], [256, 106], [329, 144], [239, 154], [341, 193], [224, 203], [299, 203], [262, 201], [298, 278], [262, 280], [301, 357], [266, 354]]
data_balcony\cam2_pose\cam2_20241214_164715_0044.png [[263, 56], [269, 48], [259, 51], [287, 53], [305, 94], [254, 105], [328, 145], [238, 154], [339, 196], [222, 201], [298, 202], [260, 201], [297, 278], [261, 280], [299, 356], [265, 354]]
data_balcony\cam2_pose\cam2_20241214_164715_0045.png [[263, 55], [270, 49], [259, 51], [287, 53], [306, 94], [254, 104], [328, 144], [238, 154], [339, 194], [223, 201], [298, 200], [261, 198], [296, 277], [261, 280], [299, 357], [265, 354]]
data_balcony\cam2_pose\cam2_20241214_164715_0046.png [[268, 56], [274, 49], [263, 51], [290, 53], [309, 95], [257, 105], [331, 146], [240, 154], [342, 195], [224, 203], [300, 201], [262, 199], [297, 277], [262, 279], [298, 358], [266, 354]]
data_balcony\cam2_pose\cam2_20241214_164715_0047.png [[269, 55], [275, 48], [265, 51], [292, 53], [310, 95], [257, 105], [332, 147], [240, 154], [343, 196], [224, 202], [301, 200], [263, 198], [298, 276], [262, 278], [298, 357], [266, 353]]
data_balcony\cam2_pose\cam2_20241214_164715_0048.png [[274, 53], [280, 47], [269, 48], [296, 51], [315, 94], [260, 103], [337, 145], [243, 153], [347, 194], [224, 202], [304, 199], [263, 199], [299, 277], [263, 277], [298, 358], [265, 354]]
data_balcony\cam2_pose\cam2_20241214_164715_0049.png [[275, 53], [281, 47], [271, 48], [297, 51], [316, 93], [260, 102], [338, 147], [243, 153], [349, 194], [224, 201], [304, 201], [264, 201], [300, 277], [263, 278], [298, 358], [265, 354]]
data_balcony\cam2_pose\cam2_20241214_164715_0050.png [[277, 51], [284, 45], [272, 47], [299, 51], [317, 94], [260, 101], [339, 147], [242, 151], [350, 194], [224, 197], [305, 198], [264, 198], [300, 275], [263, 274], [298, 357], [263, 353]]
data_balcony\cam2_pose\cam2_20241214_164716_0051.png [[277, 51], [284, 45], [272, 47], [299, 51], [317, 94], [259, 101], [339, 147], [241, 150], [350, 194], [223, 197], [305, 199], [264, 199], [300, 277], [263, 275], [298, 357], [262, 353]]
data_balcony\cam2_pose\cam2_20241214_164716_0052.png [[275, 52], [283, 46], [271, 48], [297, 52], [315, 96], [256, 103], [337, 149], [238, 152], [348, 194], [220, 199], [303, 201], [262, 201], [299, 277], [261, 278], [298, 357], [262, 354]]
data_balcony\cam2_pose\cam2_20241214_164716_0053.png [[273, 53], [280, 47], [268, 48], [295, 52], [313, 96], [254, 103], [334, 149], [236, 152], [347, 195], [218, 199], [301, 198], [261, 198], [299, 278], [260, 279], [298, 358], [261, 354]]
data_balcony\cam2_pose\cam2_20241214_164716_0054.png [[271, 53], [278, 47], [266, 48], [293, 53], [311, 96], [253, 102], [334, 149], [235, 153], [346, 195], [217, 199], [300, 196], [260, 197], [298, 276], [259, 278], [298, 357], [261, 354]]
data_balcony\cam2_pose\cam2_20241214_164716_0055.png [[267, 54], [274, 47], [262, 49], [288, 53], [306, 97], [248, 103], [329, 149], [230, 153], [342, 194], [212, 201], [296, 199], [256, 199], [296, 277], [258, 279], [298, 356], [261, 354]]
data_balcony\cam2_pose\cam2_20241214_164716_0056.png [[266, 54], [273, 47], [261, 49], [287, 53], [305, 97], [247, 103], [328, 150], [229, 152], [341, 195], [209, 201], [295, 198], [255, 198], [294, 277], [258, 279], [296, 356], [260, 354]]
data_balcony\cam2_pose\cam2_20241214_164716_0057.png [[266, 54], [273, 47], [261, 49], [287, 54], [305, 97], [247, 102], [328, 149], [228, 153], [341, 194], [209, 202], [295, 198], [255, 199], [294, 276], [258, 278], [295, 356], [260, 354]]
data_balcony\cam2_pose\cam2_20241214_164716_0058.png [[266, 54], [274, 47], [261, 48], [287, 53], [305, 97], [247, 103], [328, 150], [229, 153], [341, 195], [209, 201], [296, 201], [255, 202], [293, 278], [258, 279], [294, 356], [261, 354]]
data_balcony\cam2_pose\cam2_20241214_164716_0059.png [[268, 53], [275, 47], [263, 48], [289, 53], [306, 97], [248, 102], [329, 149], [229, 153], [341, 194], [210, 201], [296, 200], [256, 199], [293, 276], [258, 277], [293, 356], [261, 354]]
data_balcony\cam2_pose\cam2_20241214_164716_0060.png [[272, 53], [279, 47], [267, 48], [293, 54], [262, 52], [311, 97], [252, 102], [333, 150], [233, 152], [345, 197], [213, 200], [298, 199], [258, 197], [293, 276], [258, 275], [293, 356], [261, 353]]
data_balcony\cam2_pose\cam2_20241214_164716_0061.png [[276, 52], [283, 46], [271, 47], [296, 53], [314, 97], [255, 103], [335, 149], [235, 151], [347, 195], [216, 197], [300, 200], [259, 198], [295, 275], [257, 274], [293, 355], [260, 353]]
data_balcony\cam2_pose\cam2_20241214_164716_0062.png [[276, 51], [283, 45], [271, 47], [297, 52], [314, 96], [255, 102], [336, 149], [236, 151], [348, 195], [216, 196], [301, 199], [259, 197], [295, 275], [258, 274], [293, 355], [259, 353]]
data_balcony\cam2_pose\cam2_20241214_164716_0063.png [[277, 51], [284, 45], [272, 46], [298, 51], [315, 96], [255, 102], [336, 149], [236, 150], [349, 197], [217, 195], [301, 198], [259, 196], [295, 275], [258, 274], [293, 355], [258, 353]]
data_balcony\cam2_pose\cam2_20241214_164716_0064.png [[277, 51], [284, 45], [272, 46], [298, 51], [315, 96], [256, 102], [336, 149], [236, 151], [349, 195], [217, 195], [301, 197], [259, 196], [296, 275], [257, 274], [293, 356], [257, 353]]
data_balcony\cam2_pose\cam2_20241214_164717_0065.png [[275, 51], [282, 45], [270, 46], [296, 51], [265, 50], [313, 96], [252, 100], [334, 149], [233, 150], [347, 195], [213, 196], [299, 199], [259, 197], [294, 275], [256, 273], [293, 354], [254, 353]]
data_balcony\cam2_pose\cam2_20241214_164717_0066.png [[271, 52], [279, 46], [266, 47], [292, 53], [261, 51], [309, 97], [247, 103], [330, 150], [230, 152], [344, 195], [209, 200], [296, 200], [255, 199], [293, 276], [254, 276], [293, 354], [254, 355]]
data_balcony\cam2_pose\cam2_20241214_164717_0067.png [[270, 53], [277, 47], [265, 47], [290, 53], [259, 52], [307, 98], [246, 102], [329, 150], [229, 152], [343, 195], [208, 200], [296, 198], [254, 198], [292, 274], [254, 276], [293, 354], [254, 355]]
data_balcony\cam2_pose\cam2_20241214_164717_0068.png [[269, 53], [276, 47], [263, 48], [289, 53], [258, 52], [305, 98], [244, 103], [327, 150], [227, 153], [341, 195], [207, 200], [295, 199], [254, 198], [292, 276], [253, 277], [293, 354], [254, 355]]
data_balcony\cam2_pose\cam2_20241214_164717_0069.png [[268, 53], [274, 47], [262, 48], [287, 54], [256, 52], [304, 99], [242, 104], [326, 151], [225, 156], [340, 195], [206, 200], [294, 200], [253, 201], [292, 276], [252, 278], [293, 353], [253, 354]]
data_balcony\cam2_pose\cam2_20241214_164717_0070.png [[264, 52], [271, 46], [258, 47], [283, 53], [252, 52], [300, 98], [238, 103], [322, 151], [222, 153], [337, 197], [200, 200], [292, 199], [251, 200], [290, 278], [251, 278], [292, 353], [253, 355]]
data_balcony\cam2_pose\cam2_20241214_164717_0071.png [[264, 52], [271, 46], [258, 47], [283, 53], [252, 52], [300, 98], [238, 103], [322, 151], [222, 153], [337, 197], [200, 200], [292, 199], [251, 200], [290, 278], [251, 278], [292, 353], [253, 355]]
data_balcony\cam2_pose\cam2_20241214_164717_0072.png [[265, 52], [272, 46], [259, 47], [284, 53], [253, 53], [301, 98], [239, 102], [323, 151], [222, 154], [338, 197], [200, 199], [292, 197], [251, 197], [289, 278], [251, 278], [290, 354], [253, 355]]
data_balcony\cam2_pose\cam2_20241214_164717_0073.png [[266, 53], [273, 46], [260, 47], [285, 53], [254, 52], [302, 99], [239, 103], [323, 151], [222, 154], [339, 197], [200, 199], [293, 198], [251, 197], [289, 275], [251, 278], [290, 354], [253, 354]]
data_balcony\cam2_pose\cam2_20241214_164717_0074.png [[267, 52], [274, 46], [262, 47], [286, 53], [254, 53], [303, 99], [240, 102], [323, 151], [223, 154], [339, 196], [199, 200], [293, 198], [252, 196], [289, 277], [251, 278], [289, 354], [253, 354]]
data_balcony\cam2_pose\cam2_20241214_164717_0075.png [[274, 52], [281, 47], [268, 47], [292, 54], [260, 53], [308, 99], [245, 101], [328, 152], [226, 152], [343, 198], [203, 197], [296, 198], [254, 195], [291, 275], [251, 276], [289, 353], [254, 354]]
data_balcony\cam2_pose\cam2_20241214_164717_0076.png [[275, 51], [282, 47], [269, 47], [293, 54], [262, 53], [309, 99], [246, 101], [328, 152], [227, 152], [344, 198], [204, 196], [296, 198], [254, 195], [292, 274], [251, 273], [290, 353], [253, 353]]
data_balcony\cam2_pose\cam2_20241214_164717_0077.png [[277, 51], [285, 45], [272, 45], [295, 53], [264, 52], [311, 99], [247, 99], [329, 152], [228, 149], [345, 199], [205, 192], [296, 196], [254, 193], [292, 273], [251, 270], [290, 352], [250, 352]]
data_balcony\cam2_pose\cam2_20241214_164717_0078.png [[277, 50], [285, 45], [272, 45], [295, 53], [264, 51], [311, 99], [247, 98], [328, 151], [227, 149], [344, 198], [205, 192], [296, 195], [254, 192], [292, 272], [251, 271], [290, 352], [250, 352]]
data_balcony\cam2_pose\cam2_20241214_164718_0079.png [[277, 50], [285, 45], [272, 45], [295, 53], [263, 51], [310, 99], [247, 98], [328, 151], [227, 148], [344, 198], [203, 192], [296, 195], [253, 192], [292, 272], [251, 269], [289, 352], [249, 352]]
data_balcony\cam2_pose\cam2_20241214_164718_0080.png [[275, 51], [282, 45], [269, 45], [291, 54], [260, 52], [306, 99], [242, 99], [324, 152], [223, 150], [341, 197], [199, 195], [295, 196], [251, 194], [292, 272], [248, 272], [289, 352], [247, 352]]
data_balcony\cam2_pose\cam2_20241214_164718_0081.png [[274, 51], [281, 46], [267, 45], [290, 54], [258, 52], [304, 100], [240, 99], [323, 153], [221, 151], [340, 198], [197, 195], [293, 196], [251, 195], [291, 273], [248, 274], [289, 352], [247, 352]]
data_balcony\cam2_pose\cam2_20241214_164718_0082.png [[272, 51], [280, 45], [266, 45], [288, 54], [257, 51], [303, 99], [238, 98], [321, 152], [220, 151], [339, 197], [196, 196], [293, 194], [250, 192], [289, 272], [248, 273], [289, 352], [247, 352]]
data_balcony\cam2_pose\cam2_20241214_164718_0083.png [[267, 50], [274, 44], [260, 44], [282, 53], [251, 51], [298, 98], [233, 98], [317, 151], [215, 150], [335, 196], [193, 193], [290, 192], [249, 191], [288, 272], [247, 274], [289, 353], [247, 352]]
data_balcony\cam2_pose\cam2_20241214_164718_0084.png [[266, 50], [273, 44], [260, 44], [282, 53], [250, 51], [298, 98], [233, 98], [316, 151], [215, 150], [334, 195], [191, 195], [290, 192], [248, 192], [287, 272], [247, 274], [289, 352], [247, 352]]
data_balcony\cam2_pose\cam2_20241214_164718_0085.png [[266, 49], [273, 44], [259, 44], [281, 53], [250, 50], [297, 98], [232, 98], [316, 150], [214, 149], [334, 195], [190, 195], [289, 192], [248, 192], [287, 272], [247, 273], [289, 351], [247, 352]]
data_balcony\cam2_pose\cam2_20241214_164718_0086.png [[266, 50], [274, 44], [260, 44], [281, 53], [250, 50], [297, 98], [232, 97], [316, 151], [215, 148], [334, 195], [193, 193], [290, 192], [249, 192], [286, 273], [248, 273], [286, 352], [247, 351]]
data_balcony\cam2_pose\cam2_20241214_164718_0087.png [[267, 50], [274, 44], [261, 44], [282, 53], [251, 50], [298, 99], [232, 97], [317, 152], [216, 150], [334, 196], [193, 194], [290, 194], [249, 194], [286, 273], [248, 273], [285, 353], [247, 351]]
data_balcony\cam2_pose\cam2_20241214_164718_0088.png [[273, 51], [280, 46], [267, 45], [287, 53], [257, 51], [302, 100], [237, 98], [320, 153], [220, 150], [337, 199], [194, 195], [292, 194], [250, 192], [286, 275], [248, 275], [284, 353], [247, 353]]
data_balcony\cam2_pose\cam2_20241214_164718_0089.png [[275, 51], [282, 46], [269, 45], [290, 54], [258, 51], [304, 101], [239, 98], [321, 155], [220, 149], [338, 200], [195, 195], [292, 200], [251, 197], [287, 276], [248, 275], [284, 354], [247, 352]]
data_balcony\cam2_pose\cam2_20241214_164718_0090.png [[277, 51], [284, 46], [270, 45], [291, 54], [260, 51], [305, 101], [241, 98], [322, 154], [221, 149], [338, 201], [196, 194], [293, 199], [251, 195], [287, 275], [248, 274], [285, 354], [247, 352]]
data_balcony\cam2_pose\cam2_20241214_164718_0091.png [[281, 51], [288, 46], [274, 45], [295, 54], [264, 51], [307, 101], [244, 96], [323, 154], [224, 146], [340, 200], [200, 191], [295, 197], [252, 193], [288, 273], [250, 273], [284, 354], [246, 350]]
data_balcony\cam2_pose\cam2_20241214_164718_0092.png [[281, 50], [289, 45], [275, 44], [295, 54], [264, 51], [307, 100], [244, 95], [323, 153], [225, 147], [341, 200], [199, 192], [294, 197], [251, 194], [287, 274], [249, 272], [284, 354], [246, 350]]
data_balcony\cam2_pose\cam2_20241214_164719_0093.png [[282, 50], [289, 45], [275, 44], [295, 54], [264, 50], [307, 100], [244, 95], [324, 153], [224, 147], [341, 200], [199, 192], [293, 199], [251, 194], [287, 274], [249, 273], [284, 354], [245, 350]]
data_balcony\cam2_pose\cam2_20241214_164719_0094.png [[281, 50], [289, 45], [275, 44], [295, 54], [263, 50], [307, 100], [244, 95], [323, 153], [224, 146], [341, 200], [199, 191], [293, 197], [251, 192], [287, 274], [248, 273], [284, 354], [245, 350]]
data_balcony\cam2_pose\cam2_20241214_164719_0095.png [[279, 50], [286, 45], [272, 45], [291, 52], [260, 51], [304, 101], [241, 96], [321, 154], [220, 147], [339, 200], [197, 192], [291, 200], [250, 196], [286, 275], [247, 274], [284, 353], [244, 352]]
data_balcony\cam2_pose\cam2_20241214_164719_0096.png [[278, 51], [284, 46], [271, 45], [290, 53], [259, 51], [303, 101], [239, 96], [320, 154], [220, 146], [338, 198], [198, 191], [290, 200], [249, 196], [287, 275], [247, 274], [284, 353], [244, 353]]
data_balcony\cam2_pose\cam2_20241214_164719_0097.png [[277, 50], [283, 45], [271, 44], [288, 53], [257, 51], [301, 101], [236, 96], [319, 153], [218, 147], [337, 198], [197, 192], [290, 198], [248, 195], [286, 274], [247, 273], [284, 353], [244, 352]]
data_balcony\cam2_pose\cam2_20241214_164719_0098.png [[273, 49], [279, 45], [266, 43], [284, 51], [253, 49], [296, 100], [232, 95], [314, 153], [213, 144], [333, 198], [194, 191], [287, 195], [244, 194], [283, 275], [245, 275], [284, 353], [244, 353]]
data_balcony\cam2_pose\cam2_20241214_164719_0099.png [[272, 49], [278, 44], [265, 42], [251, 48], [294, 99], [230, 93], [312, 152], [211, 144], [329, 197], [191, 191], [286, 197], [242, 195], [283, 275], [244, 274], [283, 352], [244, 354]]
data_balcony\cam2_pose\cam2_20241214_164719_0100.png [[272, 49], [278, 44], [265, 42], [251, 48], [294, 99], [230, 94], [311, 152], [210, 146], [328, 196], [191, 192], [286, 197], [243, 195], [282, 275], [244, 275], [282, 352], [244, 353]]
data_balcony\cam2_pose\cam2_20241214_164719_0101.png [[272, 49], [278, 44], [265, 42], [251, 48], [294, 100], [231, 93], [311, 152], [211, 147], [328, 197], [191, 193], [286, 196], [243, 195], [282, 276], [244, 276], [281, 351], [244, 353]]
data_balcony\cam2_pose\cam2_20241214_164719_0102.png [[276, 50], [281, 45], [269, 44], [254, 48], [296, 101], [233, 94], [313, 153], [214, 147], [329, 199], [194, 194], [287, 198], [245, 195], [282, 276], [246, 276], [280, 352], [244, 353]]
data_balcony\cam2_pose\cam2_20241214_164719_0103.png [[277, 51], [283, 47], [271, 44], [256, 49], [296, 101], [235, 93], [313, 153], [216, 145], [329, 200], [197, 192], [287, 196], [246, 192], [283, 275], [246, 275], [280, 352], [244, 351]]
data_balcony\cam2_pose\cam2_20241214_164719_0104.png [[282, 51], [287, 47], [275, 45], [260, 50], [300, 102], [238, 93], [316, 155], [218, 144], [331, 201], [198, 191], [289, 196], [248, 192], [284, 277], [247, 276], [279, 352], [244, 352]]
data_balcony\cam2_pose\cam2_20241214_164719_0105.png [[283, 51], [289, 47], [277, 45], [261, 49], [301, 102], [239, 93], [317, 154], [217, 143], [331, 200], [198, 191], [290, 195], [248, 191], [284, 275], [247, 273], [280, 352], [243, 352]]
data_balcony\cam2_pose\cam2_20241214_164719_0106.png [[283, 51], [289, 47], [277, 45], [262, 49], [301, 102], [240, 93], [317, 155], [217, 144], [332, 200], [197, 191], [290, 198], [248, 194], [285, 276], [247, 275], [279, 353], [243, 353]]
data_balcony\cam2_pose\cam2_20241214_164720_0107.png [[284, 51], [290, 47], [278, 44], [262, 48], [300, 102], [239, 92], [316, 153], [217, 142], [331, 199], [197, 187], [289, 195], [247, 191], [284, 276], [246, 275], [280, 353], [242, 355]]
data_balcony\cam2_pose\cam2_20241214_164720_0108.png [[284, 51], [290, 47], [278, 44], [262, 48], [299, 102], [238, 91], [316, 154], [215, 142], [331, 199], [196, 188], [289, 196], [247, 192], [284, 276], [247, 276], [280, 353], [241, 354]]
data_balcony\cam2_pose\cam2_20241214_164720_0109.png [[281, 51], [286, 47], [275, 44], [258, 47], [294, 101], [234, 90], [313, 153], [212, 141], [328, 197], [193, 189], [287, 197], [245, 194], [283, 277], [245, 278], [280, 352], [242, 354]]
data_balcony\cam2_pose\cam2_20241214_164720_0110.png [[280, 51], [285, 47], [274, 44], [257, 47], [293, 101], [233, 90], [311, 154], [211, 141], [327, 197], [192, 190], [286, 195], [244, 194], [282, 277], [245, 278], [280, 353], [242, 355]]
data_balcony\cam2_pose\cam2_20241214_164720_0111.png [[278, 49], [283, 45], [272, 42], [255, 45], [291, 100], [232, 89], [310, 153], [208, 139], [326, 198], [190, 188], [285, 195], [243, 194], [281, 275], [244, 276], [279, 352], [242, 356]]
data_balcony\cam2_pose\cam2_20241214_164720_0112.png [[278, 49], [283, 45], [272, 42], [255, 45], [291, 99], [231, 89], [309, 152], [208, 140], [325, 198], [191, 188], [284, 194], [244, 192], [282, 272], [245, 272], [279, 352], [242, 354]]
data_balcony\cam2_pose\cam2_20241214_164720_0113.png [[280, 50], [285, 46], [274, 43], [257, 46], [292, 101], [233, 88], [310, 153], [210, 139], [325, 198], [194, 186], [286, 196], [246, 195], [283, 276], [244, 277], [278, 353], [242, 355]]
data_balcony\cam2_pose\cam2_20241214_164720_0114.png [[281, 50], [286, 46], [275, 43], [258, 46], [292, 101], [234, 88], [311, 153], [210, 141], [325, 199], [193, 190], [286, 196], [245, 194], [282, 278], [244, 278], [278, 353], [242, 356]]
data_balcony\cam2_pose\cam2_20241214_164720_0115.png [[287, 53], [292, 49], [281, 45], [264, 48], [297, 104], [239, 90], [314, 154], [217, 142], [327, 200], [200, 189], [289, 197], [248, 194], [284, 280], [247, 278], [278, 353], [242, 354]]
data_balcony\cam2_pose\cam2_20241214_164720_0116.png [[289, 53], [294, 49], [283, 46], [265, 48], [298, 104], [241, 89], [315, 154], [218, 140], [328, 200], [203, 187], [290, 194], [249, 192], [285, 279], [248, 277], [278, 352], [242, 354]]
data_balcony\cam2_pose\cam2_20241214_164720_0117.png [[290, 54], [296, 51], [285, 47], [267, 49], [299, 104], [243, 89], [316, 153], [220, 141], [328, 200], [203, 190], [292, 195], [252, 192], [286, 278], [250, 277], [278, 352], [242, 355]]
data_balcony\cam2_pose\cam2_20241214_164720_0118.png [[295, 54], [300, 51], [290, 47], [272, 50], [303, 105], [248, 89], [319, 153], [225, 138], [331, 201], [209, 186], [295, 191], [254, 189], [287, 277], [251, 274], [279, 353], [242, 354]]
data_balcony\cam2_pose\cam2_20241214_164721_0119.png [[295, 55], [301, 51], [290, 48], [272, 50], [303, 105], [248, 89], [320, 153], [226, 137], [332, 202], [210, 185], [295, 194], [255, 191], [287, 278], [250, 276], [279, 353], [241, 356]]
data_balcony\cam2_pose\cam2_20241214_164721_0120.png [[295, 54], [300, 51], [290, 47], [272, 49], [303, 104], [248, 88], [319, 152], [226, 137], [331, 200], [211, 186], [293, 193], [254, 191], [286, 280], [250, 276], [278, 353], [241, 356]]
data_balcony\cam2_pose\cam2_20241214_164721_0121.png [[295, 54], [299, 51], [290, 47], [272, 49], [302, 104], [248, 88], [319, 152], [225, 136], [332, 201], [210, 186], [293, 194], [255, 193], [286, 279], [249, 275], [278, 353], [241, 356]]
data_balcony\cam2_pose\cam2_20241214_164721_0122.png [[295, 54], [299, 51], [289, 47], [271, 49], [301, 104], [247, 88], [318, 152], [225, 137], [331, 200], [210, 185], [292, 195], [254, 193], [285, 280], [249, 276], [278, 353], [241, 357]]
data_balcony\cam2_pose\cam2_20241214_164721_0123.png [[292, 54], [296, 50], [287, 46], [268, 48], [296, 103], [244, 87], [315, 152], [221, 136], [328, 198], [208, 185], [289, 194], [251, 194], [284, 279], [248, 276], [278, 353], [241, 357]]
data_balcony\cam2_pose\cam2_20241214_164721_0124.png [[290, 53], [295, 50], [285, 45], [267, 47], [295, 103], [242, 86], [313, 152], [219, 135], [326, 198], [207, 183], [288, 195], [250, 194], [284, 281], [247, 278], [278, 353], [241, 357]]
data_balcony\cam2_pose\cam2_20241214_164721_0125.png [[287, 50], [291, 47], [281, 43], [262, 44], [291, 101], [237, 84], [307, 150], [215, 133], [320, 200], [202, 183], [285, 194], [247, 194], [280, 277], [245, 276], [276, 353], [241, 357]]
data_balcony\cam2_pose\cam2_20241214_164721_0126.png [[287, 51], [291, 47], [281, 43], [262, 44], [289, 101], [237, 83], [305, 152], [215, 132], [318, 201], [203, 183], [284, 192], [248, 192], [278, 272], [248, 272], [271, 352], [241, 356]]
data_balcony\cam2_pose\cam2_20241214_164721_0127.png [[288, 52], [293, 48], [283, 44], [264, 45], [289, 102], [238, 84], [305, 152], [217, 135], [316, 202], [207, 185], [285, 194], [250, 195], [278, 274], [248, 275], [269, 353], [241, 357]]
data_balcony\cam2_pose\cam2_20241214_164721_0128.png [[290, 53], [294, 50], [285, 45], [266, 46], [290, 104], [242, 84], [305, 153], [220, 137], [316, 203], [212, 188], [285, 196], [251, 197], [279, 276], [248, 278], [269, 353], [241, 356]]
data_balcony\cam2_pose\cam2_20241214_164721_0129.png [[291, 54], [295, 51], [287, 47], [267, 47], [290, 104], [242, 86], [305, 153], [221, 136], [316, 203], [215, 189], [285, 194], [250, 194], [279, 276], [249, 277], [269, 353], [241, 356]]
data_balcony\cam2_pose\cam2_20241214_164721_0130.png [[295, 56], [299, 53], [290, 48], [271, 48], [293, 105], [247, 87], [308, 153], [225, 137], [316, 201], [221, 192], [286, 194], [252, 193], [281, 277], [251, 277], [269, 353], [241, 356]]
data_balcony\cam2_pose\cam2_20241214_164722_0131.png [[296, 56], [300, 53], [292, 49], [272, 48], [293, 104], [249, 86], [308, 151], [227, 137], [317, 201], [224, 194], [287, 190], [254, 190], [281, 274], [251, 275], [269, 353], [241, 356]]
data_balcony\cam2_pose\cam2_20241214_164722_0132.png [[296, 56], [299, 53], [292, 48], [272, 47], [291, 103], [248, 84], [305, 152], [226, 136], [314, 201], [225, 197], [286, 194], [254, 193], [279, 278], [250, 278], [269, 354], [241, 357]]
data_balcony\cam2_pose\cam2_20241214_164722_0133.png [[295, 55], [298, 52], [290, 47], [271, 46], [288, 102], [247, 82], [301, 151], [224, 135], [312, 201], [223, 196], [285, 194], [253, 193], [278, 278], [249, 279], [268, 354], [241, 359]]
data_balcony\cam2_pose\cam2_20241214_164722_0134.png [[292, 53], [296, 49], [288, 44], [268, 43], [284, 98], [244, 80], [299, 149], [222, 135], [307, 196], [222, 197], [284, 191], [252, 191], [276, 276], [248, 276], [268, 354], [241, 359]]
data_balcony\cam2_pose\cam2_20241214_164722_0135.png [[292, 52], [296, 48], [287, 44], [268, 42], [284, 98], [243, 80], [299, 149], [221, 134], [307, 198], [221, 196], [284, 190], [253, 189], [276, 275], [249, 275], [269, 353], [241, 358]]
data_balcony\cam2_pose\cam2_20241214_164722_0136.png [[291, 50], [295, 47], [287, 42], [268, 42], [287, 99], [243, 80], [300, 150], [222, 133], [309, 199], [222, 196], [284, 191], [251, 190], [277, 276], [248, 278], [273, 352], [241, 359]]
data_balcony\cam2_pose\cam2_20241214_164722_0137.png [[291, 50], [295, 47], [287, 42], [268, 42], [287, 99], [243, 80], [300, 150], [222, 133], [309, 199], [222, 196], [284, 191], [251, 190], [277, 276], [248, 278], [273, 352], [241, 359]]
data_balcony\cam2_pose\cam2_20241214_164722_0138.png [[293, 52], [297, 48], [288, 44], [269, 44], [291, 102], [244, 83], [305, 153], [223, 136], [314, 203], [221, 194], [287, 194], [252, 193], [281, 278], [250, 279], [274, 353], [241, 358]]
data_balcony\cam2_pose\cam2_20241214_164722_0139.png [[294, 53], [298, 49], [289, 45], [271, 46], [295, 101], [247, 86], [311, 151], [227, 137], [321, 201], [219, 189], [290, 192], [255, 192], [284, 275], [252, 277], [274, 353], [242, 357]]
data_balcony\cam2_pose\cam2_20241214_164722_0140.png [[295, 52], [299, 48], [289, 45], [271, 46], [298, 102], [248, 86], [313, 152], [227, 135], [324, 201], [219, 187], [290, 191], [254, 191], [284, 274], [251, 276], [274, 353], [242, 357]]
data_balcony\cam2_pose\cam2_20241214_164723_0141.png [[293, 51], [298, 48], [288, 44], [270, 46], [299, 101], [247, 86], [316, 151], [227, 135], [326, 199], [216, 185], [292, 189], [254, 188], [284, 275], [251, 275], [274, 352], [244, 354]]
data_balcony\cam2_pose\cam2_20241214_164723_0142.png [[291, 51], [296, 48], [284, 44], [268, 47], [299, 102], [244, 87], [316, 153], [222, 137], [329, 200], [209, 185], [292, 193], [251, 192], [284, 278], [250, 278], [274, 352], [244, 355]]
data_balcony\cam2_pose\cam2_20241214_164723_0143.png [[290, 51], [295, 47], [284, 44], [267, 47], [299, 103], [242, 88], [316, 152], [221, 137], [328, 199], [207, 184], [292, 195], [252, 194], [283, 280], [249, 278], [274, 353], [244, 356]]
data_balcony\cam2_pose\cam2_20241214_164723_0144.png [[286, 50], [291, 46], [280, 43], [263, 46], [296, 101], [239, 86], [313, 152], [215, 136], [326, 200], [199, 186], [289, 194], [248, 192], [282, 279], [247, 278], [274, 353], [243, 356]]
data_balcony\cam2_pose\cam2_20241214_164723_0145.png [[285, 50], [290, 45], [279, 42], [262, 45], [295, 101], [238, 85], [312, 152], [214, 135], [326, 200], [196, 187], [289, 192], [248, 191], [282, 279], [247, 278], [274, 353], [243, 356]]
data_balcony\cam2_pose\cam2_20241214_164723_0146.png [[283, 48], [289, 44], [277, 41], [261, 44], [296, 100], [236, 84], [312, 153], [212, 136], [324, 200], [194, 186], [289, 195], [248, 193], [282, 281], [246, 281], [277, 352], [243, 356]]
data_balcony\cam2_pose\cam2_20241214_164723_0147.png [[283, 48], [289, 44], [277, 41], [261, 44], [296, 101], [237, 85], [312, 155], [212, 137], [325, 201], [195, 185], [289, 196], [248, 194], [282, 281], [245, 281], [278, 352], [243, 357]]
data_balcony\cam2_pose\cam2_20241214_164723_0148.png [[283, 48], [289, 44], [277, 41], [262, 45], [296, 100], [237, 86], [313, 154], [213, 137], [326, 201], [197, 184], [290, 194], [248, 192], [283, 280], [246, 281], [278, 353], [242, 357]]
data_balcony\cam2_pose\cam2_20241214_164723_0149.png [[284, 49], [290, 45], [277, 42], [262, 45], [297, 101], [238, 86], [313, 154], [215, 136], [327, 201], [198, 184], [290, 194], [249, 191], [283, 281], [245, 281], [278, 353], [242, 357]]
data_balcony\cam2_pose\cam2_20241214_164723_0150.png [[286, 51], [292, 47], [280, 44], [265, 48], [302, 102], [241, 90], [317, 155], [219, 142], [331, 201], [203, 191], [293, 195], [251, 192], [285, 282], [247, 280], [278, 353], [243, 356]]
data_balcony\cam2_pose\cam2_20241214_164723_0151.png [[287, 51], [293, 47], [281, 44], [266, 48], [303, 102], [242, 91], [318, 155], [221, 141], [333, 202], [205, 189], [293, 197], [252, 194], [285, 282], [248, 281], [278, 353], [243, 356]]
data_balcony\cam2_pose\cam2_20241214_164723_0152.png [[287, 51], [293, 47], [281, 45], [267, 48], [304, 103], [244, 91], [319, 155], [222, 143], [334, 201], [206, 190], [295, 199], [254, 196], [285, 283], [249, 282], [278, 353], [243, 356]]
data_balcony\cam2_pose\cam2_20241214_164723_0153.png [[289, 51], [295, 47], [283, 44], [268, 49], [306, 103], [246, 90], [322, 154], [225, 142], [337, 201], [208, 188], [296, 197], [255, 194], [287, 280], [251, 279], [279, 355], [240, 357]]
data_balcony\cam2_pose\cam2_20241214_164724_0154.png [[289, 51], [295, 47], [283, 44], [268, 49], [306, 102], [246, 90], [322, 154], [224, 143], [337, 201], [208, 189], [297, 194], [255, 192], [287, 279], [251, 278], [279, 354], [239, 358]]
data_balcony\cam2_pose\cam2_20241214_164724_0155.png [[289, 51], [295, 47], [283, 44], [268, 49], [306, 102], [246, 90], [322, 155], [225, 141], [337, 201], [208, 186], [296, 197], [255, 194], [287, 279], [250, 278], [279, 354], [239, 358]]
data_balcony\cam2_pose\cam2_20241214_164724_0156.png [[286, 51], [292, 46], [279, 44], [265, 49], [304, 102], [243, 91], [320, 154], [220, 142], [335, 200], [202, 189], [294, 195], [252, 193], [286, 279], [248, 276], [279, 354], [238, 357]]
data_balcony\cam2_pose\cam2_20241214_164724_0157.png [[284, 51], [290, 46], [278, 44], [295, 53], [264, 49], [303, 102], [242, 92], [319, 155], [218, 143], [335, 201], [200, 190], [294, 197], [252, 194], [286, 279], [248, 275], [279, 354], [238, 357]]
data_balcony\cam2_pose\cam2_20241214_164724_0158.png [[278, 49], [284, 45], [271, 42], [289, 51], [258, 48], [298, 101], [236, 92], [314, 154], [214, 143], [331, 201], [194, 190], [289, 196], [247, 193], [283, 278], [244, 276], [278, 354], [238, 359]]
data_balcony\cam2_pose\cam2_20241214_164724_0159.png [[273, 48], [280, 43], [266, 41], [285, 51], [254, 47], [295, 100], [232, 90], [311, 154], [208, 140], [328, 200], [190, 186], [286, 200], [242, 197], [281, 279], [241, 281], [278, 353], [237, 359]]
data_balcony\cam2_pose\cam2_20241214_164724_0160.png [[272, 47], [279, 42], [265, 41], [285, 50], [253, 46], [294, 99], [231, 90], [311, 153], [208, 139], [328, 200], [189, 186], [286, 196], [242, 195], [281, 278], [241, 277], [279, 353], [238, 359]]
data_balcony\cam2_pose\cam2_20241214_164724_0161.png [[272, 47], [279, 42], [266, 40], [285, 50], [253, 45], [295, 99], [231, 91], [312, 152], [208, 140], [328, 198], [188, 188], [286, 194], [243, 192], [281, 277], [242, 278], [278, 353], [238, 358]]
data_balcony\cam2_pose\cam2_20241214_164724_0162.png [[275, 49], [281, 44], [268, 42], [287, 52], [257, 48], [299, 99], [235, 93], [315, 153], [215, 143], [333, 200], [194, 189], [289, 194], [246, 191], [282, 278], [244, 278], [278, 353], [238, 357]]
data_balcony\cam2_pose\cam2_20241214_164724_0163.png [[275, 49], [282, 44], [268, 42], [288, 51], [257, 48], [300, 100], [236, 93], [317, 154], [218, 145], [335, 201], [196, 190], [289, 195], [247, 193], [282, 279], [244, 278], [278, 354], [238, 356]]
data_balcony\cam2_pose\cam2_20241214_164724_0164.png [[277, 48], [285, 44], [271, 42], [292, 51], [260, 48], [304, 99], [239, 94], [320, 153], [219, 145], [338, 200], [198, 190], [291, 199], [249, 195], [283, 277], [244, 276], [278, 354], [237, 353]]
data_balcony\cam2_pose\cam2_20241214_164725_0165.png [[277, 48], [284, 43], [271, 42], [292, 51], [260, 48], [304, 99], [239, 94], [321, 153], [219, 143], [339, 200], [198, 189], [292, 195], [248, 192], [283, 276], [245, 274], [278, 354], [237, 352]]
data_balcony\cam2_pose\cam2_20241214_164725_0166.png [[276, 48], [283, 43], [269, 42], [291, 51], [259, 48], [304, 99], [238, 93], [321, 153], [220, 146], [340, 199], [196, 191], [292, 195], [248, 192], [283, 275], [244, 274], [278, 354], [237, 354]]
data_balcony\cam2_pose\cam2_20241214_164725_0167.png [[275, 48], [282, 43], [268, 42], [290, 51], [259, 48], [303, 99], [237, 94], [321, 153], [219, 146], [340, 199], [195, 190], [291, 195], [248, 191], [282, 276], [245, 275], [278, 354], [237, 354]]
data_balcony\cam2_pose\cam2_20241214_164725_0168.png [[269, 48], [276, 42], [262, 42], [285, 50], [253, 48], [298, 98], [233, 95], [317, 152], [214, 143], [336, 197], [191, 189], [288, 195], [245, 193], [281, 277], [244, 275], [278, 354], [237, 353]]
data_balcony\cam2_pose\cam2_20241214_164725_0169.png [[267, 48], [274, 42], [260, 42], [284, 50], [252, 48], [298, 98], [232, 94], [317, 151], [213, 144], [335, 197], [190, 189], [287, 192], [245, 191], [281, 275], [244, 274], [278, 353], [236, 353]]
data_balcony\cam2_pose\cam2_20241214_164725_0170.png [[266, 47], [273, 42], [259, 42], [282, 50], [251, 48], [297, 98], [231, 94], [316, 151], [212, 144], [335, 197], [188, 190], [287, 192], [244, 191], [281, 275], [242, 274], [278, 354], [236, 354]]
data_balcony\cam2_pose\cam2_20241214_164725_0171.png [[265, 47], [272, 41], [258, 41], [281, 49], [250, 48], [296, 97], [230, 94], [315, 150], [211, 143], [334, 196], [188, 188], [286, 193], [243, 191], [280, 274], [242, 273], [279, 353], [236, 353]]
data_balcony\cam2_pose\cam2_20241214_164725_0172.png [[263, 45], [270, 40], [256, 40], [280, 48], [248, 47], [296, 96], [229, 93], [314, 149], [211, 142], [334, 196], [187, 189], [285, 191], [242, 190], [283, 273], [241, 272], [285, 353], [236, 353]]
data_balcony\cam2_pose\cam2_20241214_164725_0173.png [[263, 45], [271, 40], [257, 40], [280, 48], [248, 47], [296, 96], [230, 93], [315, 150], [211, 143], [334, 195], [187, 190], [286, 191], [242, 190], [284, 273], [242, 273], [287, 352], [236, 353]]
data_balcony\cam2_pose\cam2_20241214_164725_0174.png [[264, 45], [271, 40], [257, 40], [281, 48], [250, 47], [296, 96], [230, 93], [315, 150], [212, 143], [334, 195], [191, 188], [287, 191], [243, 190], [286, 273], [242, 274], [287, 352], [236, 353]]
data_balcony\cam2_pose\cam2_20241214_164725_0175.png [[267, 47], [274, 41], [260, 41], [285, 48], [253, 48], [302, 96], [235, 95], [320, 150], [218, 146], [337, 197], [195, 191], [291, 192], [247, 190], [287, 275], [243, 275], [287, 353], [236, 353]]
data_balcony\cam2_pose\cam2_20241214_164725_0176.png [[268, 47], [275, 41], [262, 42], [287, 48], [254, 49], [304, 97], [238, 96], [322, 150], [220, 148], [338, 198], [195, 192], [292, 197], [248, 194], [287, 277], [243, 276], [287, 353], [237, 353]]
data_balcony\cam2_pose\cam2_20241214_164725_0177.png [[271, 47], [278, 41], [265, 42], [291, 47], [259, 48], [308, 96], [243, 96], [326, 150], [224, 147], [342, 197], [201, 192], [296, 198], [252, 195], [288, 276], [245, 275], [287, 353], [237, 354]]
data_balcony\cam2_pose\cam2_20241214_164725_0178.png [[271, 47], [278, 41], [265, 42], [291, 48], [259, 48], [309, 95], [244, 96], [327, 150], [225, 147], [343, 197], [202, 191], [296, 196], [251, 193], [288, 275], [246, 275], [287, 353], [238, 355]]
data_balcony\cam2_pose\cam2_20241214_164726_0179.png [[271, 47], [279, 41], [265, 42], [292, 48], [259, 47], [309, 95], [244, 96], [328, 149], [225, 147], [343, 196], [202, 192], [296, 196], [252, 194], [288, 274], [246, 274], [287, 353], [238, 355]]
data_balcony\cam2_pose\cam2_20241214_164726_0180.png [[270, 47], [277, 41], [264, 42], [290, 47], [258, 47], [308, 95], [243, 96], [328, 150], [224, 148], [344, 197], [199, 193], [295, 196], [250, 194], [287, 275], [247, 276], [287, 354], [239, 356]]
data_balcony\cam2_pose\cam2_20241214_164726_0181.png [[269, 48], [276, 41], [263, 42], [289, 47], [257, 48], [307, 95], [242, 97], [327, 150], [223, 148], [343, 195], [197, 193], [295, 197], [250, 194], [287, 275], [246, 275], [287, 354], [239, 356]]
data_balcony\cam2_pose\cam2_20241214_164726_0182.png [[263, 48], [270, 41], [257, 42], [284, 48], [252, 48], [302, 96], [236, 98], [323, 150], [217, 148], [338, 197], [192, 192], [290, 197], [245, 195], [284, 276], [243, 276], [287, 354], [238, 356]]
data_balcony\cam2_pose\cam2_20241214_164726_0183.png [[261, 48], [268, 41], [256, 42], [282, 48], [250, 49], [301, 96], [235, 97], [321, 150], [216, 148], [337, 196], [191, 192], [288, 195], [244, 194], [282, 276], [242, 276], [287, 354], [238, 356]]
data_balcony\cam2_pose\cam2_20241214_164726_0184.png [[259, 48], [267, 41], [254, 42], [280, 47], [299, 96], [235, 98], [320, 150], [214, 148], [336, 196], [190, 191], [287, 198], [243, 195], [281, 276], [241, 276], [287, 354], [238, 356]]
data_balcony\cam2_pose\cam2_20241214_164726_0185.png [[258, 47], [265, 41], [252, 42], [280, 47], [298, 96], [233, 97], [319, 150], [212, 147], [335, 195], [189, 191], [286, 197], [242, 195], [281, 274], [241, 275], [287, 353], [238, 356]]
data_balcony\cam2_pose\cam2_20241214_164726_0186.png [[254, 47], [261, 40], [248, 42], [276, 47], [295, 95], [231, 96], [316, 149], [210, 147], [331, 194], [187, 191], [283, 197], [240, 195], [280, 274], [239, 273], [287, 353], [238, 356]]
data_balcony\cam2_pose\cam2_20241214_164726_0187.png [[253, 47], [260, 40], [248, 42], [275, 47], [295, 95], [231, 96], [316, 149], [209, 147], [330, 196], [187, 191], [283, 195], [240, 194], [280, 273], [239, 274], [287, 353], [238, 356]]
data_balcony\cam2_pose\cam2_20241214_164726_0188.png [[253, 45], [260, 38], [248, 41], [276, 45], [296, 95], [232, 96], [315, 149], [213, 147], [328, 194], [192, 191], [285, 194], [242, 193], [281, 275], [242, 275], [284, 354], [238, 356]]
data_balcony\cam2_pose\cam2_20241214_164726_0189.png [[254, 45], [260, 39], [248, 42], [277, 45], [298, 95], [233, 96], [316, 150], [214, 147], [329, 196], [193, 191], [286, 195], [243, 193], [281, 275], [242, 276], [284, 355], [238, 356]]
data_balcony\cam2_pose\cam2_20241214_164726_0190.png [[259, 48], [265, 41], [254, 44], [282, 47], [304, 95], [241, 98], [323, 150], [220, 148], [335, 200], [198, 191], [290, 198], [247, 195], [283, 277], [242, 276], [284, 356], [238, 356]]
data_balcony\cam2_pose\cam2_20241214_164726_0191.png [[259, 48], [265, 41], [254, 44], [282, 47], [304, 95], [241, 98], [323, 150], [220, 148], [335, 200], [198, 191], [290, 198], [247, 195], [283, 277], [242, 276], [284, 356], [238, 356]]
data_balcony\cam2_pose\cam2_20241214_164726_0192.png [[264, 48], [271, 41], [259, 44], [288, 47], [308, 95], [247, 98], [329, 150], [227, 149], [340, 197], [204, 193], [293, 199], [250, 196], [284, 277], [245, 277], [284, 356], [238, 355]]
data_balcony\cam2_pose\cam2_20241214_164727_0193.png [[264, 48], [271, 41], [260, 44], [288, 47], [309, 94], [248, 98], [330, 149], [227, 149], [340, 195], [205, 193], [294, 199], [251, 196], [284, 277], [245, 277], [284, 356], [238, 355]]
data_balcony\cam2_pose\cam2_20241214_164727_0194.png [[263, 48], [270, 41], [259, 44], [287, 46], [308, 94], [248, 99], [330, 148], [227, 147], [340, 194], [207, 191], [293, 199], [251, 197], [283, 275], [244, 274], [284, 356], [241, 354]]
data_balcony\cam2_pose\cam2_20241214_164727_0195.png [[261, 49], [268, 42], [257, 45], [285, 47], [306, 93], [246, 101], [326, 147], [226, 151], [336, 193], [204, 194], [292, 200], [250, 199], [283, 276], [246, 277], [284, 356], [243, 354]]
data_balcony\cam2_pose\cam2_20241214_164727_0196.png [[260, 50], [266, 42], [256, 45], [284, 47], [304, 94], [245, 100], [326, 147], [225, 150], [335, 195], [203, 195], [293, 198], [250, 197], [283, 276], [246, 277], [284, 357], [243, 355]]
data_balcony\cam2_pose\cam2_20241214_164727_0197.png [[253, 50], [259, 43], [248, 46], [277, 48], [297, 93], [239, 99], [318, 146], [220, 147], [328, 194], [198, 194], [286, 198], [245, 197], [281, 276], [244, 276], [285, 357], [242, 355]]
data_balcony\cam2_pose\cam2_20241214_164727_0198.png [[250, 50], [256, 43], [247, 46], [274, 47], [295, 93], [238, 99], [316, 146], [218, 147], [325, 194], [197, 193], [284, 197], [244, 196], [281, 276], [244, 275], [284, 356], [243, 355]]
data_balcony\cam2_pose\cam2_20241214_164727_0199.png [[250, 50], [256, 43], [246, 46], [274, 47], [295, 93], [238, 99], [315, 146], [218, 147], [325, 193], [196, 194], [284, 197], [243, 197], [281, 275], [245, 275], [284, 356], [243, 354]]
