match keypoints image0 [[333, 60], [266, 50], [0.61063606], [358, 64], [287, 50], [0.34406304], [326, 69], [262, 57], [0.20568822], [379, 108], [304, 88], [0.31096968], [316, 118], [273, 90], [0.17152737], [301, 168], [307, 141], [0.41071162], [289, 218], [270, 195], [0.34274197], [375, 206], [303, 192], [0.13727228], [382, 294], [276, 279], [0.19947454], [344, 376], [301, 360], [0.4227155]]"
match keypoints image1 [[333, 60], [266, 50], [0.31518954], [358, 64], [286, 50], [0.15763973], [326, 69], [261, 57], [0.07914232], [379, 107], [302, 87], [0.23585342], [317, 118], [272, 89], [0.27107164], [302, 168], [304, 140], [0.37216213], [289, 219], [271, 195], [0.33364055], [376, 206], [302, 192], [0.18812375], [382, 294], [277, 277], [0.20429765], [344, 376], [301, 360], [0.34245035]]"
match keypoints image2 [[333, 59], [265, 50], [0.3109553], [358, 63], [286, 50], [0.075244226], [326, 69], [261, 57], [0.089833304], [317, 117], [302, 87], [0.10603964], [302, 167], [304, 141], [0.8565765], [290, 218], [269, 195], [0.57712495], [334, 210], [302, 192], [0.23178257], [382, 294], [300, 274], [0.13817981], [340, 297], [276, 277], [0.5125078], [391, 376], [301, 360], [0.1299386]]"
match keypoints image3 [[334, 59], [265, 50], [0.32776043], [359, 63], [286, 49], [0.09480373], [328, 68], [261, 57], [0.12174798], [379, 106], [302, 86], [0.30823427], [318, 117], [274, 89], [0.11927475], [304, 167], [305, 139], [0.3329457], [291, 219], [271, 195], [0.22224447], [376, 206], [302, 191], [0.15510853], [340, 297], [276, 275], [0.18135934], [344, 377], [301, 360], [0.488925]]"
match keypoints image4 [[335, 59], [265, 48], [0.75685614], [360, 63], [286, 48], [0.35411447], [328, 68], [261, 56], [0.4825625], [381, 106], [303, 86], [0.5407684], [318, 117], [274, 87], [0.4085445], [304, 166], [305, 139], [0.37006584], [291, 219], [274, 189], [0.38866544], [377, 206], [304, 190], [0.23798314], [382, 294], [275, 274], [0.15984382], [344, 377], [301, 359], [0.36969402]]"
match keypoints image5 [[338, 57], [265, 47], [0.07236916], [307, 165], [306, 138], [0.39313552], [292, 218], [295, 192], [0.47992697], [383, 294], [275, 275], [0.2166138], [343, 375], [301, 359], [0.3015245]]"
match keypoints image6 [[351, 54], [286, 46], [0.07400586], [338, 56], [265, 46], [0.13313758], [320, 114], [304, 84], [0.19618101], [305, 165], [308, 137], [0.4949821], [291, 217], [271, 193], [0.49410132], [379, 206], [307, 188], [0.13172504], [382, 292], [274, 274], [0.4538314], [390, 375], [281, 351], [0.1780023], [340, 375], [300, 359], [0.6952341]]"
match keypoints image7 [[337, 57], [265, 48], [0.089254916], [304, 166], [310, 139], [0.31404355], [290, 216], [294, 197], [0.20830153], [340, 375], [301, 360], [0.5147237]]"
match keypoints image8 [[333, 59], [265, 49], [0.09072759], [378, 107], [303, 86], [0.13027287], [314, 116], [269, 90], [0.096350774], [300, 167], [309, 140], [0.4521841], [284, 219], [293, 197], [0.292501], [340, 377], [300, 360], [0.51480794]]"
match keypoints image9 [[335, 64], [259, 59], [0.16812569], [328, 59], [263, 51], [0.17800613], [397, 160], [266, 92], [0.054799005], [416, 211], [251, 200], [0.6876522]]"
match keypoints image10 [[369, 108], [301, 90], [0.23754269], [305, 116], [265, 93], [0.14297703], [291, 167], [309, 141], [0.37540597], [413, 210], [308, 191], [0.1463056], [277, 217], [292, 200], [0.15148842], [374, 292], [271, 276], [0.21903983]]"
match keypoints image11 [[331, 64], [258, 59], [0.09581688], [368, 108], [301, 90], [0.25537112], [305, 116], [265, 93], [0.075477764], [291, 167], [310, 141], [0.4573228], [277, 218], [293, 198], [0.20186824], [331, 300], [271, 276], [0.111688145], [340, 376], [300, 358], [0.121838]]"
match keypoints image12 [[334, 64], [258, 59], [0.09517987], [326, 60], [262, 52], [0.20336586], [350, 65], [282, 53], [0.07615224], [371, 108], [301, 89], [0.6144489], [307, 117], [265, 93], [0.09373355], [396, 161], [312, 141], [0.36565906], [415, 210], [311, 192], [0.3741534], [281, 218], [266, 196], [0.14530881], [373, 294], [271, 277], [0.33847618], [385, 375], [301, 358], [0.0950201]]"
match keypoints image13 [[335, 65], [260, 59], [0.41521806], [328, 60], [264, 51], [0.70175326], [351, 65], [284, 52], [0.5698089], [372, 108], [303, 89], [0.51212764], [307, 117], [268, 92], [0.53798014], [294, 168], [314, 140], [0.38990688], [282, 218], [271, 195], [0.20355417], [332, 299], [272, 275], [0.20463744], [340, 377], [301, 358], [0.11562115]]"
match keypoints image14 [[339, 64], [260, 58], [0.07351409], [332, 59], [265, 51], [0.062526524], [377, 108], [304, 89], [0.1196202], [313, 116], [268, 92], [0.28159556], [300, 168], [317, 190], [0.35695463], [288, 218], [254, 201], [0.12587033], [336, 297], [273, 275], [0.14035577], [340, 376], [301, 358], [0.115834385]]"
match keypoints image15 [[340, 64], [262, 56], [0.61030245], [333, 59], [266, 49], [0.43607324], [378, 108], [305, 86], [0.62086874], [313, 116], [270, 89], [0.6140008], [301, 168], [317, 138], [0.4361423], [375, 209], [296, 195], [0.267371], [331, 212], [269, 193], [0.42401767], [376, 294], [296, 273], [0.16993628], [336, 296], [270, 275], [0.6376091], [340, 375], [300, 359], [0.38933358]]"
match keypoints image16 [[341, 63], [262, 56], [0.052177645], [348, 56], [287, 49], [0.12729928], [335, 57], [266, 48], [0.25613576], [326, 66], [259, 52], [0.29717594], [379, 106], [305, 86], [0.26390487], [314, 114], [270, 90], [0.28312385], [404, 159], [254, 203], [0.116633154], [301, 167], [319, 136], [0.5195054], [289, 218], [297, 195], [0.19894004], [335, 293], [271, 274], [0.35505962], [338, 375], [300, 359], [0.6960875]]"
match keypoints image17 [[341, 63], [261, 56], [0.4641121], [334, 57], [266, 49], [0.6464703], [358, 63], [286, 50], [0.41078272], [378, 107], [304, 87], [0.8441348], [314, 114], [269, 91], [0.44601357], [403, 159], [317, 137], [0.7221218], [424, 206], [318, 187], [0.66707766], [374, 208], [297, 197], [0.47533482], [374, 292], [269, 275], [0.6186326], [385, 375], [300, 359], [0.10673138]]"
match keypoints image18 [[332, 59], [265, 50], [0.068147264], [322, 67], [261, 57], [0.053997964], [374, 109], [304, 88], [0.34017608], [309, 116], [268, 91], [0.4499541], [296, 168], [318, 138], [0.32257283], [283, 218], [296, 197], [0.22002876], [331, 297], [269, 275], [0.30071354], [337, 376], [300, 359], [0.45739654]]"
match keypoints image19 [[337, 65], [260, 59], [0.26075253], [330, 59], [264, 52], [0.37994707], [353, 66], [284, 53], [0.17951536], [372, 110], [303, 90], [0.7180115], [307, 116], [265, 93], [0.5083291], [398, 161], [317, 139], [0.49727425], [293, 168], [260, 149], [0.6588197], [419, 206], [318, 191], [0.5352997], [370, 208], [296, 200], [0.1397801], [326, 211], [266, 197], [0.32828113], [373, 292], [297, 275], [0.11321611], [331, 297], [269, 275], [0.5213492], [337, 377], [300, 359], [0.32298502]]"
match keypoints image20 [[334, 64], [259, 59], [0.4506079], [326, 59], [264, 52], [0.30066738], [349, 65], [283, 53], [0.49180055], [368, 110], [301, 90], [0.87528324], [304, 115], [262, 93], [0.6313253], [392, 161], [317, 140], [0.893285], [414, 208], [318, 191], [0.80847174], [276, 218], [244, 203], [0.15455863], [367, 207], [296, 197], [0.5827363], [323, 209], [265, 194], [0.59366196], [371, 291], [297, 275], [0.48693946], [330, 293], [269, 275], [0.67600757], [384, 374], [300, 356], [0.36880755], [336, 376], [275, 353], [0.23065898]]"
match keypoints image21 [[334, 65], [260, 59], [0.24697657], [340, 59], [284, 53], [0.15509278], [327, 59], [265, 52], [0.1211158], [367, 110], [302, 91], [0.5159957], [303, 114], [262, 93], [0.205873], [288, 167], [317, 141], [0.62379926], [274, 218], [296, 195], [0.3359618], [330, 293], [269, 274], [0.27916777], [336, 376], [300, 356], [0.37115481]]"
match keypoints image22 [[335, 65], [262, 59], [0.16772677], [328, 60], [267, 52], [0.14167571], [350, 66], [286, 53], [0.32491466], [318, 67], [259, 55], [0.22501996], [368, 110], [304, 91], [0.766407], [304, 114], [266, 95], [0.7627879], [391, 163], [320, 141], [0.7065764], [412, 209], [323, 198], [0.5091085], [274, 219], [243, 204], [0.19980173], [367, 206], [297, 192], [0.4117515], [323, 209], [267, 192], [0.37953332], [369, 290], [297, 276], [0.23612429], [330, 293], [269, 275], [0.49226558], [336, 377], [301, 357], [0.081808776]]"
match keypoints image23 [[340, 65], [266, 58], [0.31837812], [333, 60], [271, 50], [0.2412724], [355, 67], [290, 53], [0.05246911], [322, 66], [262, 54], [0.26946288], [372, 111], [308, 91], [0.53043824], [309, 114], [271, 93], [0.4441612], [395, 164], [326, 143], [0.5176945], [416, 209], [328, 201], [0.18586485], [279, 216], [269, 194], [0.24789059], [369, 206], [300, 195], [0.22579491], [371, 292], [299, 276], [0.3129775], [331, 293], [270, 275], [0.48572895], [336, 376], [275, 352], [0.2076803]]"
match keypoints image24 [[345, 65], [266, 57], [0.2709712], [352, 59], [271, 50], [0.21903303], [359, 66], [291, 52], [0.27804202], [328, 66], [263, 54], [0.6268108], [377, 112], [309, 90], [0.88575447], [312, 114], [271, 93], [0.5209474], [400, 165], [326, 142], [0.88067436], [421, 210], [329, 201], [0.8108645], [374, 210], [301, 197], [0.87194276], [329, 210], [269, 195], [0.6468872], [372, 290], [299, 276], [0.81275994], [333, 293], [270, 275], [0.8365463], [381, 375], [301, 357], [0.49534923], [336, 376], [275, 352], [0.48268768]]"
match keypoints image25 [[346, 64], [268, 56], [0.34418303], [339, 59], [273, 49], [0.34486875], [360, 66], [292, 51], [0.16629641], [328, 65], [264, 52], [0.7881579], [378, 110], [310, 89], [0.9032983], [312, 114], [271, 93], [0.7170282], [400, 164], [329, 141], [0.9235686], [424, 212], [332, 199], [0.9286253], [281, 216], [244, 203], [0.33470258], [375, 209], [302, 194], [0.89816856], [330, 209], [271, 193], [0.7704145], [373, 289], [299, 273], [0.85457397], [334, 292], [269, 272], [0.87450767], [380, 375], [301, 357], [0.6103423]]"
match keypoints image26 [[346, 64], [268, 56], [0.3221088], [339, 59], [273, 49], [0.5743224], [359, 66], [292, 51], [0.8085366], [328, 66], [264, 52], [0.8609318], [377, 111], [310, 89], [0.92400736], [312, 114], [272, 95], [0.5179905], [399, 165], [330, 141], [0.9188989], [422, 210], [333, 198], [0.8531693], [281, 216], [244, 203], [0.2616382], [374, 209], [302, 196], [0.9127894], [329, 210], [271, 194], [0.78948396], [373, 290], [299, 273], [0.8543065], [333, 291], [269, 273], [0.8710223], [380, 375], [301, 357], [0.680653]]"
match keypoints image27 [[345, 65], [266, 58], [0.24471362], [352, 59], [271, 51], [0.3818099], [359, 66], [290, 53], [0.6258549], [327, 66], [263, 54], [0.62751955], [377, 112], [308, 90], [0.8577983], [311, 114], [269, 97], [0.8380794], [399, 165], [328, 140], [0.91337955], [295, 167], [254, 152], [0.90713143], [423, 212], [334, 194], [0.9229879], [280, 217], [239, 204], [0.78729755], [374, 208], [301, 194], [0.89939255], [330, 209], [269, 192], [0.7646936], [374, 290], [298, 273], [0.84405607], [333, 292], [268, 273], [0.78157794], [380, 375], [300, 357], [0.78076345], [334, 375], [271, 351], [0.20235889]]"
match keypoints image28 [[342, 65], [266, 58], [0.4412417], [354, 66], [290, 53], [0.6226962], [322, 67], [262, 54], [0.6303696], [371, 112], [307, 90], [0.8662987], [308, 114], [268, 97], [0.64897853], [395, 164], [328, 140], [0.8297151], [419, 206], [334, 191], [0.84636503], [275, 216], [239, 204], [0.33494416], [370, 206], [301, 193], [0.66973805], [326, 208], [269, 193], [0.5511389], [371, 290], [298, 274], [0.5733972], [331, 290], [267, 272], [0.6038702], [380, 375], [271, 352], [0.43268362]]"
match keypoints image29 [[338, 65], [263, 58], [0.47199932], [344, 59], [269, 51], [0.45971775], [350, 66], [287, 55], [0.5364214], [319, 66], [260, 54], [0.43912786], [367, 112], [304, 92], [0.8696372], [303, 114], [265, 99], [0.5787598], [391, 164], [326, 141], [0.83497125], [418, 206], [334, 188], [0.7584541], [270, 219], [234, 206], [0.2915844], [367, 207], [298, 195], [0.58066434], [323, 210], [265, 194], [0.3575074], [369, 288], [297, 273], [0.41958976], [329, 290], [266, 274], [0.346834], [380, 374], [300, 357], [0.7005379]]"
match keypoints image30 [[338, 64], [263, 59], [0.09326688], [330, 59], [268, 51], [0.6733686], [349, 66], [287, 54], [0.3666966], [318, 66], [259, 54], [0.7125448], [367, 112], [304, 92], [0.8823827], [302, 114], [264, 97], [0.55568856], [391, 163], [326, 141], [0.89756376], [415, 204], [334, 188], [0.898862], [269, 219], [233, 205], [0.33686718], [367, 208], [297, 195], [0.81430215], [324, 210], [263, 194], [0.5955747], [369, 290], [298, 274], [0.42201287], [328, 292], [266, 275], [0.5011971], [380, 374], [301, 357], [0.39380947]]"
match keypoints image31 [[338, 64], [263, 58], [0.2975872], [349, 65], [287, 54], [0.32546422], [318, 66], [259, 54], [0.07624507], [367, 113], [304, 92], [0.6463912], [390, 164], [326, 140], [0.4387099], [415, 206], [334, 188], [0.34972098], [269, 218], [232, 204], [0.13190557], [328, 291], [266, 277], [0.2221542], [380, 372], [300, 356], [0.4688998]]"
match keypoints image32 [[340, 65], [263, 58], [0.45657134], [333, 59], [269, 51], [0.05509967], [351, 64], [287, 54], [0.09264527], [320, 66], [259, 54], [0.061715502], [368, 112], [304, 92], [0.6354879], [391, 165], [326, 141], [0.68529564], [416, 206], [335, 187], [0.52691025], [367, 208], [298, 195], [0.5552907], [325, 210], [264, 195], [0.17971288], [370, 290], [298, 276], [0.34227324], [329, 291], [267, 275], [0.1125119], [378, 372], [299, 356], [0.3818019]]"
match keypoints image33 [[341, 65], [264, 58], [0.9206029], [347, 59], [270, 51], [0.6393561], [334, 59], [260, 54], [0.70109105], [368, 113], [305, 93], [0.64550936], [305, 113], [262, 104], [0.31373522], [392, 165], [327, 142], [0.60369146], [289, 165], [247, 154], [0.5560652], [417, 208], [336, 188], [0.44914573], [275, 216], [232, 206], [0.31939936], [367, 206], [299, 197], [0.38325274], [324, 208], [264, 195], [0.20432475], [329, 289], [266, 276], [0.21826142]]"
match keypoints image34 [[343, 65], [268, 57], [0.6134536], [335, 59], [273, 50], [0.75908256], [353, 65], [292, 54], [0.803696], [322, 66], [263, 53], [0.8265375], [369, 113], [310, 93], [0.9081481], [306, 113], [265, 104], [0.728942], [392, 165], [332, 143], [0.8997735], [290, 165], [248, 154], [0.8919995], [418, 208], [342, 189], [0.91432774], [277, 216], [233, 204], [0.9465789], [368, 206], [301, 197], [0.8714161], [326, 209], [267, 196], [0.80129534], [371, 288], [298, 276], [0.9266936], [330, 290], [268, 275], [0.89353585], [377, 373], [299, 356], [0.8625337], [334, 375], [271, 351], [0.35899085]]"
match keypoints image35 [[348, 65], [269, 56], [0.2898241], [341, 59], [274, 49], [0.5214402], [327, 66], [265, 53], [0.49316025], [375, 113], [311, 92], [0.8678584], [311, 113], [265, 105], [0.467992], [397, 167], [333, 142], [0.8024387], [294, 165], [249, 153], [0.88907415], [425, 217], [343, 190], [0.82919127], [280, 216], [234, 203], [0.7267066], [373, 206], [302, 200], [0.6135373], [329, 208], [268, 197], [0.61873823], [373, 289], [298, 276], [0.74244905], [332, 291], [268, 274], [0.7084074]]"
match keypoints image36 [[350, 65], [272, 54], [0.39263383], [342, 59], [268, 50], [0.16392131], [376, 113], [313, 91], [0.7551596], [313, 112], [266, 104], [0.3072325], [398, 167], [337, 140], [0.6091396], [295, 164], [250, 152], [0.79571193], [422, 210], [347, 189], [0.69245434], [281, 215], [235, 202], [0.8342068], [374, 209], [304, 198], [0.59565926], [331, 209], [269, 197], [0.4122055], [373, 289], [301, 278], [0.4558182], [333, 291], [269, 276], [0.51296645], [378, 373], [300, 357], [0.22228062]]"
match keypoints image37 [[353, 64], [272, 54], [0.17582124], [346, 58], [278, 47], [0.45878184], [332, 65], [268, 50], [0.40164158], [378, 113], [314, 90], [0.82220244], [314, 111], [266, 104], [0.60083216], [400, 167], [337, 140], [0.8147647], [297, 164], [250, 152], [0.92126507], [424, 212], [347, 189], [0.85589796], [281, 216], [234, 202], [0.88670737], [375, 209], [304, 199], [0.85796326], [332, 210], [269, 197], [0.684449], [374, 290], [301, 278], [0.7409246], [333, 291], [268, 277], [0.865254]]"
match keypoints image38 [[353, 64], [278, 47], [0.18583427], [332, 65], [268, 50], [0.16066061], [378, 113], [314, 91], [0.84536934], [314, 111], [266, 104], [0.7028212], [400, 167], [337, 141], [0.8609316], [297, 164], [250, 151], [0.8986592], [424, 212], [348, 190], [0.9300469], [281, 216], [234, 201], [0.9151032], [375, 207], [304, 199], [0.8853111], [332, 209], [269, 198], [0.83138853], [374, 289], [301, 277], [0.8883677], [332, 291], [268, 276], [0.9025842], [378, 373], [301, 357], [0.8781967], [331, 372], [269, 351], [0.8080935]]"
match keypoints image39 [[330, 64], [267, 50], [0.18182306], [376, 113], [313, 91], [0.78734523], [312, 111], [264, 103], [0.3668014], [398, 166], [336, 140], [0.8489796], [294, 166], [248, 152], [0.8500128], [420, 210], [347, 190], [0.9037533], [280, 215], [232, 201], [0.87626976], [373, 210], [304, 200], [0.7559384], [329, 211], [268, 199], [0.6120887], [373, 291], [301, 279], [0.7915717], [331, 293], [265, 277], [0.7790833]]"
match keypoints image40 [[351, 64], [271, 54], [0.5564529], [356, 59], [276, 47], [0.39758292], [329, 65], [266, 50], [0.3299462], [375, 113], [313, 92], [0.86966306], [311, 112], [263, 104], [0.8390907], [397, 167], [335, 140], [0.8537606], [293, 165], [246, 153], [0.9105056], [420, 212], [346, 189], [0.88944745], [280, 216], [231, 201], [0.8429083], [372, 210], [304, 200], [0.8969541], [329, 210], [268, 199], [0.81764144], [372, 291], [301, 279], [0.8420666], [331, 293], [265, 278], [0.7264468], [332, 375], [301, 358], [0.2544079]]"
match keypoints image41 [[350, 64], [266, 56], [0.6930415], [355, 59], [272, 49], [0.56415105], [328, 65], [262, 51], [0.5614407], [373, 114], [308, 94], [0.8867417], [310, 111], [258, 106], [0.7786647], [395, 167], [331, 143], [0.8806145], [292, 165], [242, 154], [0.8853685], [421, 214], [343, 194], [0.91978854], [278, 216], [226, 203], [0.8986554], [371, 207], [300, 201], [0.7175344], [328, 209], [263, 200], [0.78606904], [372, 291], [298, 278], [0.84970295], [331, 294], [263, 279], [0.86151683]]"
match keypoints image42 [[345, 63], [265, 56], [0.10123736], [337, 57], [271, 49], [0.28630608], [323, 64], [261, 52], [0.14900076], [369, 113], [308, 94], [0.61685586], [305, 110], [257, 106], [0.34631014], [391, 167], [330, 144], [0.80004466], [287, 164], [241, 154], [0.7796476], [414, 213], [342, 194], [0.7614505], [274, 215], [225, 202], [0.763464], [367, 209], [299, 203], [0.3926591], [326, 210], [262, 201], [0.3871919], [370, 291], [299, 278], [0.5062623], [328, 293], [262, 279], [0.6190741]]"
match keypoints image43 [[344, 63], [265, 56], [0.41996425], [337, 57], [271, 49], [0.42082906], [322, 64], [260, 51], [0.41056672], [368, 112], [307, 94], [0.82664216], [305, 110], [256, 106], [0.72320276], [389, 166], [329, 144], [0.85925794], [286, 164], [239, 154], [0.9069636], [412, 212], [341, 193], [0.888766], [273, 215], [224, 203], [0.9057382], [367, 207], [299, 203], [0.2673821], [325, 209], [262, 201], [0.6626358], [370, 291], [298, 278], [0.37510392], [328, 293], [262, 280], [0.82612705], [377, 372], [301, 357], [0.39282295]]"
match keypoints image44 [[344, 63], [263, 56], [0.064729586], [350, 57], [287, 53], [0.1856991], [337, 56], [269, 48], [0.29206312], [322, 63], [259, 51], [0.4164182], [367, 112], [305, 94], [0.77438337], [304, 109], [254, 105], [0.6564424], [389, 167], [328, 145], [0.7986216], [286, 163], [238, 154], [0.83861804], [411, 212], [339, 196], [0.8177208], [272, 215], [222, 201], [0.82913786], [367, 204], [298, 202], [0.4464327], [325, 207], [260, 201], [0.78706795], [369, 289], [297, 278], [0.7731994], [328, 294], [261, 280], [0.7757775], [375, 374], [299, 356], [0.57453215]]"
match keypoints image45 [[350, 58], [287, 53], [0.5293247], [323, 63], [259, 51], [0.65439457], [367, 112], [306, 94], [0.87905425], [305, 109], [254, 104], [0.73194957], [389, 167], [328, 144], [0.90129423], [286, 163], [238, 154], [0.8570147], [411, 212], [339, 194], [0.9421343], [273, 214], [223, 201], [0.91783106], [367, 207], [298, 200], [0.8713127], [326, 209], [261, 198], [0.81000525], [369, 290], [296, 277], [0.8993074], [329, 293], [261, 280], [0.9013241], [374, 373], [299, 357], [0.5652509], [332, 377], [265, 354], [0.69717056]]"
match keypoints image46 [[349, 64], [268, 56], [0.5295901], [354, 59], [290, 53], [0.8171885], [326, 64], [263, 51], [0.6681892], [370, 114], [309, 95], [0.8816082], [308, 109], [257, 105], [0.8026688], [391, 168], [331, 146], [0.89754117], [290, 163], [240, 154], [0.89898133], [412, 213], [342, 195], [0.91426647], [278, 214], [224, 203], [0.93540734], [369, 207], [300, 201], [0.8953764], [328, 209], [262, 199], [0.85160893], [370, 290], [297, 277], [0.94132733], [330, 294], [262, 279], [0.9059911], [373, 374], [298, 358], [0.6095437]]"
match keypoints image47 [[357, 59], [292, 53], [0.21896036], [344, 58], [275, 48], [0.123761915], [329, 64], [265, 51], [0.26617986], [373, 114], [310, 95], [0.8852735], [311, 110], [257, 105], [0.71500486], [393, 168], [332, 147], [0.9030806], [292, 164], [240, 154], [0.8849283], [412, 212], [343, 196], [0.9195397], [280, 215], [224, 202], [0.85269105], [371, 208], [301, 200], [0.9227669], [329, 209], [263, 198], [0.8371875], [371, 289], [298, 276], [0.82124525], [331, 291], [262, 278], [0.86718184], [373, 374], [298, 357], [0.34363285]]"
match keypoints image48 [[358, 59], [296, 51], [0.37286782], [346, 57], [280, 47], [0.19502476], [331, 64], [269, 48], [0.31318218], [374, 114], [315, 94], [0.82310927], [312, 110], [260, 103], [0.68025], [394, 167], [337, 145], [0.89401996], [293, 163], [243, 153], [0.7918477], [413, 212], [347, 194], [0.9203672], [281, 216], [224, 202], [0.77666116], [372, 209], [304, 199], [0.9023506], [329, 210], [263, 199], [0.81208146], [371, 288], [299, 277], [0.9111056], [332, 292], [263, 277], [0.8625251], [373, 374], [298, 358], [0.6333108]]"
match keypoints image49 [[358, 64], [297, 51], [0.6129857], [352, 57], [281, 47], [0.09736974], [335, 63], [271, 48], [0.38370988], [377, 114], [316, 93], [0.8711637], [315, 108], [260, 102], [0.719397], [397, 167], [338, 147], [0.92374694], [296, 161], [243, 153], [0.8532022], [416, 213], [349, 194], [0.90806866], [284, 215], [224, 201], [0.92217314], [374, 210], [304, 201], [0.90462655], [331, 211], [264, 201], [0.81486475], [373, 290], [300, 277], [0.912488], [333, 290], [263, 278], [0.88238686], [373, 374], [298, 358], [0.4555108]]"
match keypoints image50 [[361, 64], [299, 51], [0.7922784], [354, 57], [284, 45], [0.5790374], [337, 63], [277, 51], [0.38287756], [376, 114], [317, 94], [0.9031958], [316, 107], [260, 101], [0.8327772], [397, 166], [339, 147], [0.9405549], [297, 159], [242, 151], [0.8725997], [414, 212], [350, 194], [0.94948745], [286, 214], [224, 197], [0.84030706], [374, 210], [305, 198], [0.93035877], [331, 211], [264, 198], [0.8276282], [373, 290], [300, 275], [0.9329847], [332, 291], [263, 274], [0.9360889], [373, 374], [298, 357], [0.68665063]]"
match keypoints image51 [[361, 64], [299, 51], [0.7740419], [354, 57], [284, 45], [0.4571364], [337, 62], [272, 47], [0.39142638], [376, 114], [317, 94], [0.8793071], [316, 107], [259, 101], [0.76647913], [397, 165], [339, 147], [0.9183616], [297, 159], [241, 150], [0.8072185], [413, 212], [350, 194], [0.930557], [286, 214], [223, 197], [0.7524218], [373, 212], [305, 199], [0.8976804], [330, 212], [264, 199], [0.8155882], [373, 290], [300, 277], [0.83561], [332, 293], [263, 275], [0.86712813], [373, 373], [298, 357], [0.50769925]]"
match keypoints image52 [[360, 64], [297, 52], [0.8115088], [354, 57], [283, 46], [0.676781], [337, 62], [271, 48], [0.5415766], [375, 114], [315, 96], [0.89872247], [316, 107], [256, 103], [0.7155047], [395, 164], [337, 149], [0.9221129], [298, 158], [238, 152], [0.84960365], [412, 213], [348, 194], [0.9581332], [286, 213], [220, 199], [0.86103034], [372, 209], [303, 201], [0.9339426], [330, 209], [262, 201], [0.89909905], [373, 290], [299, 277], [0.9288343], [331, 293], [261, 278], [0.90314525], [374, 374], [298, 357], [0.74330133], [331, 375], [262, 354], [0.5392427]]"
match keypoints image53 [[355, 64], [295, 52], [0.47928643], [349, 57], [280, 47], [0.34186596], [332, 62], [268, 48], [0.21462958], [370, 114], [313, 96], [0.72151357], [310, 106], [236, 152], [0.43011147], [390, 164], [334, 149], [0.92284966], [406, 213], [347, 195], [0.9390812], [284, 210], [218, 199], [0.50121266], [369, 207], [301, 198], [0.83197725], [327, 209], [261, 198], [0.5721325], [370, 290], [299, 278], [0.72753197], [330, 294], [260, 279], [0.7440796], [373, 372], [298, 358], [0.43228498], [331, 375], [261, 354], [0.16627888]]"
match keypoints image54 [[354, 64], [293, 53], [0.7259412], [347, 57], [278, 47], [0.6703965], [330, 62], [266, 48], [0.4065355], [367, 114], [311, 96], [0.80220985], [309, 106], [253, 102], [0.5503946], [389, 165], [334, 149], [0.89786834], [292, 157], [235, 153], [0.5508972], [405, 213], [346, 195], [0.9367069], [282, 210], [217, 199], [0.735961], [368, 207], [300, 196], [0.85485727], [327, 210], [260, 197], [0.72535765], [370, 290], [298, 276], [0.8683313], [329, 294], [259, 278], [0.7699971], [373, 373], [298, 357], [0.80964863], [331, 376], [261, 354], [0.6165178]]"
match keypoints image55 [[350, 63], [288, 53], [0.6213282], [344, 56], [274, 47], [0.33925825], [326, 61], [262, 49], [0.3763482], [364, 113], [306, 97], [0.8652542], [305, 106], [248, 103], [0.7518593], [385, 163], [329, 149], [0.8973582], [288, 158], [230, 153], [0.9015332], [402, 213], [342, 194], [0.9501136], [278, 212], [212, 201], [0.911463], [365, 206], [296, 199], [0.8772056], [324, 210], [256, 199], [0.82756954], [367, 291], [296, 277], [0.8505556], [328, 295], [258, 279], [0.8598651], [374, 372], [298, 356], [0.762321]]"
match keypoints image56 [[354, 58], [287, 53], [0.28682548], [343, 55], [273, 47], [0.10003338], [326, 60], [261, 49], [0.051294833], [363, 113], [305, 97], [0.82378966], [305, 105], [247, 103], [0.56340104], [385, 163], [328, 150], [0.8931414], [287, 158], [229, 152], [0.79668885], [401, 212], [341, 195], [0.9314938], [276, 214], [209, 201], [0.8156762], [364, 204], [295, 198], [0.9036798], [323, 208], [255, 198], [0.7723929], [367, 290], [294, 277], [0.87121004], [328, 293], [258, 279], [0.87731355]]"
match keypoints image57 [[349, 63], [287, 54], [0.53935766], [343, 55], [273, 47], [0.33529332], [325, 60], [261, 49], [0.24458833], [363, 113], [305, 97], [0.85490775], [304, 105], [247, 102], [0.77833974], [384, 162], [328, 149], [0.8728912], [287, 158], [228, 153], [0.90380925], [401, 212], [341, 194], [0.9528422], [275, 213], [209, 202], [0.84072053], [364, 206], [295, 198], [0.9333594], [323, 209], [255, 199], [0.90043956], [367, 291], [294, 276], [0.9105898], [327, 297], [258, 278], [0.83217186], [371, 374], [295, 356], [0.5729342]]"
match keypoints image58 [[350, 62], [287, 53], [0.612718], [344, 55], [274, 47], [0.31137326], [326, 60], [261, 48], [0.19311255], [364, 113], [305, 97], [0.860228], [305, 105], [247, 103], [0.7998144], [385, 163], [328, 150], [0.90571594], [288, 157], [229, 153], [0.92417085], [401, 212], [341, 195], [0.950482], [277, 212], [209, 201], [0.8821288], [364, 204], [296, 201], [0.8622823], [323, 208], [255, 202], [0.8818823], [365, 291], [293, 278], [0.89778215], [327, 297], [258, 279], [0.81761926], [367, 375], [294, 356], [0.48510444], [330, 377], [261, 354], [0.22114475]]"
match keypoints image59 [[356, 58], [289, 53], [0.3892272], [345, 56], [275, 47], [0.22748187], [327, 61], [263, 48], [0.29814938], [364, 113], [306, 97], [0.87089026], [306, 105], [248, 102], [0.8012748], [385, 162], [329, 149], [0.8868074], [289, 156], [229, 153], [0.79033256], [401, 213], [341, 194], [0.94989413], [279, 210], [210, 201], [0.847551], [364, 204], [296, 200], [0.86610186], [324, 208], [256, 199], [0.775675], [365, 291], [293, 276], [0.8613024], [327, 297], [258, 277], [0.7708194], [330, 376], [261, 354], [0.37707514]]"
match keypoints image60 [[355, 64], [293, 54], [0.6698037], [348, 57], [279, 47], [0.60212016], [331, 62], [272, 53], [0.29988974], [368, 115], [311, 97], [0.8930019], [310, 106], [252, 102], [0.69881356], [389, 166], [333, 150], [0.9151687], [293, 156], [233, 152], [0.7313506], [405, 215], [345, 197], [0.95146513], [285, 208], [213, 200], [0.7329439], [367, 206], [298, 199], [0.9033614], [327, 209], [258, 197], [0.8062642], [367, 293], [293, 276], [0.845924], [328, 299], [258, 275], [0.83360755], [367, 375], [293, 356], [0.5912068], [331, 377], [261, 353], [0.45259592]]"
match keypoints image61 [[356, 64], [296, 53], [0.69351345], [349, 57], [283, 46], [0.566712], [332, 62], [271, 47], [0.6509309], [369, 115], [314, 97], [0.8977907], [311, 106], [235, 151], [0.6445046], [389, 164], [335, 149], [0.92589504], [294, 156], [216, 197], [0.56907266], [405, 213], [347, 195], [0.9597707], [368, 205], [300, 200], [0.93130654], [326, 208], [259, 198], [0.75712776], [368, 293], [295, 275], [0.900355], [329, 299], [257, 274], [0.77441055], [367, 375], [293, 355], [0.74795663], [331, 377], [260, 353], [0.69696045]]"
match keypoints image62 [[357, 64], [297, 52], [0.55008316], [350, 57], [283, 45], [0.48221493], [333, 62], [271, 47], [0.3784333], [370, 115], [314, 96], [0.901262], [312, 106], [255, 102], [0.63446015], [391, 166], [336, 149], [0.92065734], [295, 155], [236, 151], [0.5112442], [407, 214], [348, 195], [0.9501603], [287, 207], [216, 196], [0.7021303], [368, 207], [301, 199], [0.8747815], [327, 210], [259, 197], [0.68815863], [368, 293], [295, 275], [0.886696], [329, 299], [258, 274], [0.83151835], [367, 375], [293, 355], [0.86642796], [331, 376], [259, 353], [0.84702456]]"
match keypoints image63 [[360, 63], [298, 51], [0.53696114], [353, 56], [284, 45], [0.3906662], [336, 61], [272, 46], [0.43829757], [371, 114], [315, 96], [0.83790404], [314, 104], [255, 102], [0.59457064], [392, 165], [336, 149], [0.90448725], [297, 153], [236, 150], [0.6074602], [408, 214], [349, 197], [0.91294014], [289, 205], [217, 195], [0.72921836], [370, 209], [301, 198], [0.84308404], [329, 210], [259, 196], [0.6402932], [368, 295], [295, 275], [0.75322235], [329, 299], [258, 274], [0.8331077], [367, 375], [293, 355], [0.68559587], [330, 376], [258, 353], [0.8416593]]"
match keypoints image64 [[360, 63], [298, 51], [0.36693498], [353, 56], [284, 45], [0.34887055], [336, 61], [272, 46], [0.37851146], [371, 114], [315, 96], [0.80793816], [314, 104], [256, 102], [0.34886292], [392, 165], [336, 149], [0.8874271], [297, 153], [236, 151], [0.24622977], [408, 214], [349, 195], [0.9037711], [289, 205], [217, 195], [0.4465592], [370, 209], [301, 197], [0.8141313], [329, 210], [259, 196], [0.48129928], [368, 295], [296, 275], [0.7587577], [329, 299], [257, 274], [0.7381782], [367, 375], [293, 356], [0.45323148], [330, 376], [257, 353], [0.5442981]]"
match keypoints image65 [[359, 63], [296, 51], [0.63255656], [352, 56], [282, 45], [0.2544392], [334, 60], [270, 46], [0.63815403], [370, 114], [313, 96], [0.7824445], [312, 104], [252, 100], [0.7756867], [391, 164], [334, 149], [0.9110101], [295, 154], [233, 150], [0.75656074], [406, 213], [347, 195], [0.89813167], [287, 207], [213, 196], [0.7125932], [368, 209], [299, 199], [0.82014894], [328, 210], [259, 197], [0.5462388], [367, 294], [294, 275], [0.5144666], [328, 299], [256, 273], [0.61137986], [367, 375], [293, 354], [0.16212395]]"
match keypoints image66 [[358, 63], [292, 53], [0.5074744], [352, 56], [279, 46], [0.249039], [334, 60], [266, 47], [0.1913871], [368, 114], [309, 97], [0.81467414], [311, 103], [247, 103], [0.63890415], [389, 164], [330, 150], [0.87994313], [295, 155], [230, 152], [0.7045816], [405, 213], [344, 195], [0.9282598], [287, 207], [209, 200], [0.72051346], [367, 208], [296, 200], [0.8596072], [327, 210], [255, 199], [0.6002836], [367, 293], [293, 276], [0.85543084], [328, 298], [254, 276], [0.780646], [367, 375], [293, 354], [0.62552136], [332, 379], [254, 355], [0.665807]]"
match keypoints image67 [[353, 63], [290, 53], [0.42373025], [347, 55], [277, 47], [0.68074256], [329, 59], [259, 52], [0.33126092], [362, 113], [307, 98], [0.83883625], [306, 103], [246, 102], [0.76972073], [383, 162], [329, 150], [0.8407199], [291, 154], [229, 152], [0.90888375], [400, 214], [343, 195], [0.9143515], [283, 209], [208, 200], [0.8544623], [364, 208], [296, 198], [0.92973787], [326, 211], [254, 198], [0.7222497], [365, 293], [292, 274], [0.79336506], [328, 299], [254, 276], [0.56756306], [367, 374], [293, 354], [0.23810914]]"
match keypoints image68 [[356, 57], [289, 53], [0.28020737], [346, 55], [276, 47], [0.37098545], [328, 59], [263, 48], [0.3404646], [361, 113], [305, 98], [0.83795553], [305, 102], [244, 103], [0.81598264], [382, 163], [327, 150], [0.84681976], [289, 154], [227, 153], [0.8993724], [397, 213], [341, 195], [0.8912871], [283, 209], [207, 200], [0.8482787], [362, 206], [295, 199], [0.9053818], [324, 210], [254, 198], [0.8080848], [364, 294], [292, 276], [0.84580123], [327, 301], [253, 277], [0.898342], [367, 374], [293, 354], [0.14985651], [332, 379], [254, 355], [0.39651623]]"
match keypoints image69 [[351, 62], [287, 54], [0.7696277], [345, 54], [274, 47], [0.35629994], [326, 58], [262, 48], [0.485687], [360, 113], [304, 99], [0.827417], [303, 102], [242, 104], [0.80952334], [381, 163], [326, 151], [0.9183603], [289, 154], [225, 156], [0.8795536], [397, 213], [340, 195], [0.9092192], [282, 209], [206, 200], [0.81303596], [362, 207], [294, 200], [0.8977036], [323, 211], [253, 201], [0.81544405], [363, 295], [292, 276], [0.85853547], [327, 302], [252, 278], [0.8806076], [367, 374], [293, 353], [0.17330186], [332, 379], [253, 354], [0.6121418]]"
match keypoints image70 [[349, 60], [283, 53], [0.8119298], [343, 53], [271, 46], [0.7081938], [324, 57], [252, 52], [0.5206606], [358, 112], [300, 98], [0.89027345], [302, 101], [238, 103], [0.85551053], [378, 162], [322, 151], [0.91530985], [286, 152], [222, 153], [0.8496223], [393, 212], [337, 197], [0.9184549], [278, 207], [200, 200], [0.8360833], [360, 203], [292, 199], [0.9225239], [322, 207], [251, 200], [0.8002215], [361, 290], [290, 278], [0.8493833], [326, 299], [251, 278], [0.80215997], [365, 373], [292, 353], [0.5357231], [332, 379], [253, 355], [0.43804017]]"
match keypoints image71 [[349, 60], [283, 53], [0.8549714], [343, 53], [271, 46], [0.81208026], [324, 57], [258, 47], [0.52253586], [358, 111], [300, 98], [0.87817997], [302, 100], [238, 103], [0.7958795], [378, 163], [322, 151], [0.8831119], [286, 152], [222, 153], [0.85828453], [393, 213], [337, 197], [0.9158757], [278, 206], [200, 200], [0.9287708], [361, 205], [292, 199], [0.8709473], [323, 209], [251, 200], [0.7247139], [361, 292], [290, 278], [0.8950247], [326, 301], [251, 278], [0.87678576], [364, 373], [292, 353], [0.6521631], [332, 380], [253, 355], [0.65905565]]"
match keypoints image72 [[350, 60], [284, 53], [0.81381553], [343, 53], [272, 46], [0.71230686], [324, 57], [253, 53], [0.5750735], [357, 112], [301, 98], [0.8665775], [302, 101], [239, 102], [0.79992104], [378, 163], [323, 151], [0.87394196], [286, 152], [222, 154], [0.7906874], [393, 213], [338, 197], [0.9065172], [279, 206], [200, 199], [0.7136224], [361, 204], [292, 197], [0.8729214], [322, 209], [251, 197], [0.44600505], [359, 292], [289, 278], [0.7897098], [327, 298], [251, 278], [0.38321874], [332, 380], [290, 354], [0.22777928]]"
match keypoints image73 [[352, 61], [285, 53], [0.71081156], [346, 54], [273, 46], [0.52004147], [327, 58], [254, 52], [0.34461623], [358, 113], [302, 99], [0.75312775], [304, 101], [239, 103], [0.82298833], [378, 164], [323, 151], [0.75148064], [289, 152], [222, 154], [0.7594138], [393, 215], [339, 197], [0.85811365], [282, 205], [200, 199], [0.63475984], [361, 209], [293, 198], [0.792548], [325, 211], [251, 197], [0.61338186], [359, 294], [289, 275], [0.6779056], [327, 301], [251, 278], [0.7012415], [358, 374], [290, 354], [0.31772086], [331, 379], [253, 354], [0.07292928]]"
match keypoints image74 [[353, 62], [286, 53], [0.55364907], [347, 55], [274, 46], [0.7758515], [328, 58], [262, 47], [0.48329455], [359, 114], [303, 99], [0.69857574], [306, 101], [240, 102], [0.75463915], [379, 164], [323, 151], [0.7302824], [290, 153], [223, 154], [0.7493573], [393, 215], [339, 196], [0.8255986], [283, 206], [199, 200], [0.8641145], [361, 208], [293, 198], [0.7390663], [325, 211], [252, 196], [0.62907785], [359, 292], [289, 277], [0.82779825], [328, 300], [251, 278], [0.79602885], [359, 374], [289, 354], [0.89522403], [331, 379], [253, 354], [0.741159]]"
match keypoints image75 [[354, 63], [292, 54], [0.3772208], [348, 56], [281, 47], [0.38521922], [329, 59], [260, 53], [0.42480853], [359, 114], [308, 99], [0.8324231], [307, 101], [245, 101], [0.83470255], [379, 165], [328, 152], [0.8090848], [291, 153], [226, 152], [0.7481295], [393, 215], [343, 198], [0.8907707], [286, 206], [203, 197], [0.77587295], [361, 206], [296, 198], [0.88651127], [326, 209], [254, 195], [0.7798991], [360, 291], [291, 275], [0.7684469], [328, 301], [251, 276], [0.8046268], [359, 374], [289, 353], [0.48640108]]"
match keypoints image76 [[358, 64], [293, 54], [0.78002894], [352, 56], [282, 47], [0.6804364], [333, 59], [262, 53], [0.43851122], [362, 116], [309, 99], [0.7619073], [311, 101], [246, 101], [0.7283364], [379, 165], [328, 152], [0.6704061], [295, 153], [227, 152], [0.4350369], [392, 215], [344, 198], [0.7558175], [295, 208], [204, 196], [0.2139776], [364, 206], [296, 198], [0.786637], [328, 207], [254, 195], [0.54562074], [361, 291], [292, 274], [0.7626702], [331, 295], [251, 273], [0.6026234], [359, 374], [290, 353], [0.4040529], [332, 378], [253, 353], [0.36111253]]"
match keypoints image77 [[359, 63], [295, 53], [0.32073677], [353, 56], [285, 45], [0.42939156], [334, 59], [272, 45], [0.33338642], [362, 115], [311, 99], [0.5800483], [312, 101], [247, 99], [0.4267187], [380, 165], [329, 152], [0.5150306], [296, 152], [228, 149], [0.3254001], [393, 216], [345, 199], [0.64435375], [296, 209], [205, 192], [0.33422717], [363, 206], [296, 196], [0.5981076], [328, 207], [254, 193], [0.34029678], [361, 291], [292, 273], [0.65916497], [331, 295], [251, 270], [0.57624364], [359, 374], [290, 352], [0.59146166], [332, 377], [250, 352], [0.51649344]]"
match keypoints image78 [[361, 63], [295, 53], [0.787765], [354, 55], [285, 45], [0.84721845], [335, 58], [272, 45], [0.4440837], [362, 114], [311, 99], [0.8173801], [313, 99], [247, 98], [0.8413939], [380, 165], [328, 151], [0.82837576], [297, 152], [227, 149], [0.77315015], [393, 214], [344, 198], [0.8573041], [299, 211], [205, 192], [0.5459489], [363, 206], [296, 195], [0.88377076], [329, 206], [254, 192], [0.5912101], [361, 292], [292, 272], [0.7562434], [331, 294], [251, 271], [0.6078987], [359, 372], [290, 352], [0.11545527]]"
match keypoints image79 [[361, 63], [295, 53], [0.8118131], [355, 55], [285, 45], [0.8321887], [335, 58], [263, 51], [0.43959862], [361, 114], [310, 99], [0.8739685], [314, 98], [247, 98], [0.88705164], [379, 165], [328, 151], [0.818254], [296, 154], [227, 148], [0.755673], [393, 214], [344, 198], [0.78390133], [299, 212], [203, 192], [0.285751], [363, 206], [296, 195], [0.8515028], [329, 207], [253, 192], [0.63389605], [361, 292], [292, 272], [0.74020964], [331, 296], [251, 269], [0.5557874], [359, 372], [289, 352], [0.28770173]]"
match keypoints image80 [[360, 63], [291, 54], [0.2871898], [355, 55], [282, 45], [0.3526419], [335, 58], [260, 52], [0.4541334], [361, 115], [306, 99], [0.6377843], [313, 98], [242, 99], [0.55101854], [379, 165], [324, 152], [0.5996687], [296, 155], [223, 150], [0.5310694], [393, 214], [341, 197], [0.63654953], [299, 213], [199, 195], [0.19930227], [363, 204], [295, 196], [0.6922401], [330, 206], [251, 194], [0.26775452], [361, 291], [292, 272], [0.7404672], [331, 296], [248, 272], [0.2737854], [359, 372], [289, 352], [0.19939257]]"
match keypoints image81 [[358, 62], [290, 54], [0.7893751], [352, 54], [281, 46], [0.6810057], [333, 56], [267, 45], [0.6797967], [356, 111], [304, 100], [0.82332987], [311, 96], [240, 99], [0.8341708], [375, 163], [323, 153], [0.8958276], [295, 152], [221, 151], [0.68893677], [389, 213], [340, 198], [0.7517733], [298, 214], [197, 195], [0.12207876], [362, 205], [293, 196], [0.8688671], [330, 206], [251, 195], [0.7469608], [359, 290], [291, 273], [0.7482197], [331, 294], [248, 274], [0.45766464], [359, 373], [289, 352], [0.37597653], [334, 380], [247, 352], [0.11707462]]"
match keypoints image82 [[357, 61], [288, 54], [0.4509935], [352, 53], [280, 45], [0.33312866], [332, 56], [266, 45], [0.21524204], [355, 110], [303, 99], [0.47802696], [374, 162], [321, 152], [0.6118418], [388, 213], [339, 197], [0.4322256], [362, 206], [293, 194], [0.61119366], [330, 207], [196, 196], [0.20478728], [359, 290], [289, 272], [0.7295011], [331, 293], [248, 273], [0.38490155], [358, 373], [289, 352], [0.5684542], [335, 380], [247, 352], [0.3843957]]"
match keypoints image83 [[356, 60], [267, 50], [0.2952871], [351, 52], [274, 44], [0.27560583], [331, 55], [260, 44], [0.25305128], [354, 110], [298, 98], [0.38024104], [310, 94], [233, 98], [0.27191764], [372, 161], [317, 151], [0.42775586], [386, 213], [335, 196], [0.2364385], [361, 203], [290, 192], [0.17724027], [359, 290], [288, 272], [0.27301574], [331, 293], [247, 274], [0.21077383], [358, 372], [289, 353], [0.36518547]]"
match keypoints image84 [[355, 58], [266, 50], [0.15967448], [349, 51], [260, 44], [0.26589352], [352, 108], [298, 98], [0.37737122], [309, 92], [233, 98], [0.3376426], [370, 161], [316, 151], [0.28112477], [299, 213], [334, 195], [0.25271785], [358, 202], [290, 192], [0.3371455], [358, 289], [287, 272], [0.2454494], [358, 372], [289, 352], [0.49037167]]"
match keypoints image85 [[355, 58], [281, 53], [0.5983633], [349, 51], [273, 44], [0.55443186], [329, 53], [259, 44], [0.46002278], [351, 108], [297, 98], [0.50469273], [310, 91], [232, 98], [0.37427667], [296, 149], [316, 150], [0.3595579], [383, 213], [334, 195], [0.2571222], [357, 201], [289, 192], [0.37859485], [328, 204], [248, 192], [0.082633905], [357, 287], [287, 272], [0.25980347], [330, 290], [247, 273], [0.32783014], [356, 372], [289, 351], [0.4141862], [334, 380], [247, 352], [0.09141786]]"
match keypoints image86 [[358, 55], [281, 53], [0.35242337], [349, 51], [274, 44], [0.19891746], [329, 52], [260, 44], [0.33639383], [351, 107], [297, 98], [0.82540965], [309, 91], [232, 97], [0.8343345], [369, 160], [316, 151], [0.8697241], [296, 148], [215, 148], [0.6594338], [382, 212], [334, 195], [0.73894733], [301, 210], [193, 193], [0.08029752], [358, 203], [290, 192], [0.7896029], [329, 205], [249, 192], [0.37139663], [357, 288], [286, 273], [0.57755584], [331, 291], [248, 273], [0.7394923], [355, 372], [286, 352], [0.4984332], [334, 380], [247, 351], [0.2922969]]"
match keypoints image87 [[356, 60], [282, 53], [0.31493428], [331, 54], [261, 44], [0.18709828], [341, 92], [298, 99], [0.50635237], [310, 92], [232, 97], [0.3716865], [366, 160], [317, 152], [0.48028916], [299, 147], [216, 150], [0.17272504], [382, 213], [290, 194], [0.21743642], [331, 205], [249, 194], [0.13246888], [356, 290], [286, 273], [0.11958769], [331, 292], [248, 273], [0.10477281], [334, 380], [285, 353], [0.13050011]]"
match keypoints image88 [[357, 60], [287, 53], [0.19461314], [352, 53], [280, 46], [0.18010922], [332, 54], [267, 45], [0.15170376], [341, 91], [302, 100], [0.26110217], [311, 92], [237, 98], [0.2859579], [299, 146], [320, 153], [0.34818965], [302, 210], [337, 199], [0.27895698], [358, 205], [292, 194], [0.13127075], [353, 373], [284, 353], [0.062096115]]"
match keypoints image89 [[355, 56], [282, 46], [0.18616518], [335, 57], [269, 45], [0.3892075], [344, 93], [304, 101], [0.44226354], [313, 94], [239, 98], [0.40611294], [303, 146], [220, 149], [0.31787163], [381, 215], [338, 200], [0.24110575], [358, 204], [292, 200], [0.26024997], [332, 205], [251, 197], [0.28881893], [357, 290], [287, 276], [0.31416398], [333, 292], [248, 275], [0.18763308], [334, 379], [284, 354], [0.16121353]]"
match keypoints image90 [[355, 56], [284, 46], [0.2843362], [335, 57], [270, 45], [0.6565354], [345, 94], [305, 101], [0.6868239], [314, 94], [241, 98], [0.7915613], [303, 148], [221, 149], [0.87821263], [381, 215], [338, 201], [0.23592271], [306, 209], [196, 194], [0.40163356], [359, 206], [293, 199], [0.43764913], [332, 207], [251, 195], [0.25483042], [356, 290], [287, 275], [0.15103012], [334, 293], [248, 274], [0.32246348]]"
match keypoints image91 [[361, 64], [281, 51], [0.49296135], [364, 61], [295, 54], [0.71939963], [355, 56], [274, 45], [0.43534338], [336, 57], [264, 51], [0.6714558], [345, 93], [307, 101], [0.61449355], [316, 93], [244, 96], [0.82781327], [304, 146], [224, 146], [0.7318426], [381, 215], [323, 154], [0.32578576], [360, 205], [295, 197], [0.5304673], [333, 206], [252, 193], [0.3476165], [356, 289], [288, 273], [0.307743], [335, 291], [250, 273], [0.49552122], [353, 372], [246, 350], [0.13023156]]"
match keypoints image92 [[362, 63], [295, 54], [0.44755512], [356, 56], [289, 45], [0.47638682], [337, 57], [275, 44], [0.4761302], [346, 91], [307, 100], [0.5353781], [317, 91], [244, 95], [0.5136518], [307, 145], [323, 153], [0.47787157], [310, 206], [294, 197], [0.2583466], [334, 207], [341, 200], [0.2695189], [335, 293], [287, 274], [0.1359708], [337, 380], [284, 354], [0.08010264]]"
match keypoints image93 [[346, 91], [307, 100], [0.10387947], [317, 91], [244, 95], [0.22839062], [379, 215], [324, 153], [0.2848796], [311, 205], [341, 200], [0.25365737], [354, 373], [284, 354], [0.09883789]]"
match keypoints image94 [[362, 63], [295, 54], [0.62365514], [356, 55], [289, 45], [0.29555953], [347, 91], [307, 100], [0.45878688], [318, 90], [244, 95], [0.29538244], [307, 144], [323, 153], [0.63815284], [312, 205], [341, 200], [0.4441233], [354, 374], [284, 354], [0.14455773]]"
match keypoints image95 [[362, 63], [291, 52], [0.2179461], [356, 56], [272, 45], [0.11686157], [317, 91], [241, 96], [0.23595275], [308, 144], [321, 154], [0.51557904], [378, 215], [339, 200], [0.19979419], [358, 213], [291, 200], [0.17187205], [355, 289], [286, 275], [0.051020622], [332, 292], [247, 274], [0.10067038], [338, 380], [284, 353], [0.05521924]]"
match keypoints image96 [[360, 62], [290, 53], [0.28415635], [355, 55], [271, 45], [0.3399126], [335, 56], [259, 51], [0.19807026], [343, 90], [303, 101], [0.33492145], [316, 90], [239, 96], [0.43172857], [309, 144], [220, 146], [0.36609712], [374, 215], [320, 154], [0.39675888], [317, 209], [249, 196], [0.29119942], [334, 292], [247, 274], [0.1788902], [355, 374], [244, 353], [0.15098397]]"
match keypoints image97 [[360, 62], [288, 53], [0.5313805], [355, 54], [271, 44], [0.59462494], [335, 55], [257, 51], [0.3083388], [342, 90], [301, 101], [0.22800085], [315, 92], [236, 96], [0.587662], [310, 146], [218, 147], [0.5235242], [374, 215], [319, 153], [0.6157997], [334, 293], [247, 273], [0.17988873]]"
match keypoints image98 [[360, 61], [279, 45], [0.3835213], [355, 54], [266, 43], [0.25974265], [335, 54], [253, 49], [0.17151895], [315, 90], [232, 95], [0.31236756], [359, 154], [296, 100], [0.1794345], [308, 146], [213, 144], [0.25556958], [373, 214], [314, 153], [0.41943592], [318, 209], [194, 191], [0.08028217], [354, 290], [283, 275], [0.077373266], [333, 293], [245, 275], [0.35585812], [354, 374], [244, 353], [0.11749345]]"
match keypoints image99 [[353, 51], [278, 44], [0.64089733], [334, 51], [251, 48], [0.38413414], [341, 87], [294, 99], [0.4509063], [313, 88], [230, 93], [0.34000182], [308, 144], [211, 144], [0.37868068], [371, 213], [312, 152], [0.6054316], [332, 208], [242, 195], [0.20446436], [353, 288], [283, 275], [0.20829275], [332, 291], [244, 274], [0.5077461], [355, 374], [283, 352], [0.46193305], [338, 380], [244, 354], [0.19910444]]"
match keypoints image100 [[354, 51], [278, 44], [0.44597104], [335, 51], [251, 48], [0.49712795], [341, 87], [294, 99], [0.2862343], [313, 87], [230, 94], [0.50285625], [310, 143], [210, 146], [0.3296834], [369, 213], [286, 197], [0.47697985], [319, 207], [191, 192], [0.09123052], [351, 290], [282, 275], [0.33741248], [332, 292], [244, 275], [0.64118284], [353, 375], [282, 352], [0.30271918]]"
match keypoints image101 [[355, 52], [278, 44], [0.19015805], [314, 88], [311, 152], [0.49644405], [311, 144], [328, 197], [0.6319116], [332, 293], [244, 276], [0.055425927], [339, 380], [281, 351], [0.10798599]]"
match keypoints image102 [[360, 60], [281, 45], [0.43486184], [355, 52], [269, 44], [0.49191177], [336, 52], [254, 48], [0.3764611], [340, 87], [296, 101], [0.52824324], [314, 87], [233, 94], [0.5158621], [311, 144], [313, 153], [0.27861774], [352, 211], [287, 198], [0.38917932], [350, 290], [282, 276], [0.2065821], [333, 293], [246, 276], [0.41882], [339, 380], [280, 352], [0.38814056]]"
match keypoints image103 [[361, 63], [277, 51], [0.5107858], [357, 55], [271, 44], [0.61307544], [338, 54], [256, 49], [0.54381216], [339, 89], [296, 101], [0.27316886], [317, 90], [235, 93], [0.56795156], [315, 144], [216, 145], [0.44579986], [351, 212], [287, 196], [0.25684586], [352, 290], [283, 275], [0.0726971], [335, 294], [246, 275], [0.350512], [341, 380], [280, 352], [0.2525161]]"
match keypoints image104 [[362, 64], [282, 51], [0.43277523], [358, 56], [275, 45], [0.45021337], [338, 55], [260, 50], [0.526417], [340, 88], [300, 102], [0.36947128], [318, 90], [238, 93], [0.44719997], [350, 212], [289, 196], [0.3210717], [335, 293], [247, 276], [0.20713773]]"
match keypoints image105 [[363, 65], [283, 51], [0.77113235], [359, 57], [277, 45], [0.66074693], [340, 56], [261, 49], [0.6780074], [322, 90], [239, 93], [0.56429404], [319, 144], [217, 143], [0.36666083], [329, 210], [290, 195], [0.29176793], [351, 215], [331, 200], [0.35270676], [352, 292], [284, 275], [0.16589418], [335, 296], [247, 273], [0.46295404], [340, 381], [280, 352], [0.36500797]]"
match keypoints image106 [[363, 65], [283, 51], [0.47331125], [359, 57], [277, 45], [0.381524], [340, 55], [262, 49], [0.47089556], [322, 90], [240, 93], [0.4155468], [320, 142], [217, 144], [0.35270196], [350, 214], [290, 198], [0.2899723], [352, 291], [285, 276], [0.14888465], [335, 296], [247, 275], [0.3960882], [340, 381], [279, 353], [0.36389965]]"
match keypoints image107 [[364, 65], [284, 51], [0.43253738], [359, 57], [290, 47], [0.59502935], [341, 55], [262, 48], [0.77854407], [322, 89], [239, 92], [0.7235988], [321, 143], [217, 142], [0.49927622], [330, 207], [289, 195], [0.29406816], [351, 213], [331, 199], [0.3554284], [336, 294], [246, 275], [0.563279], [352, 371], [280, 353], [0.38282096], [340, 380], [242, 355], [0.25566623]]"
match keypoints image108 [[364, 65], [284, 51], [0.58885694], [361, 57], [278, 44], [0.42974922], [342, 54], [262, 48], [0.47471508], [323, 87], [238, 91], [0.45016098], [324, 141], [316, 154], [0.29021895], [334, 207], [289, 196], [0.4007761], [337, 292], [284, 276], [0.47830287], [352, 372], [280, 353], [0.3742278], [343, 381], [241, 354], [0.25397265]]"
match keypoints image109 [[323, 142], [287, 197], [0.3519775], [337, 291], [283, 277], [0.57379144], [343, 381], [280, 352], [0.36185804]]"
match keypoints image110 [[364, 63], [280, 51], [0.75698966], [361, 54], [285, 47], [0.45717433], [343, 52], [257, 47], [0.29916817], [326, 142], [311, 154], [0.6694176], [354, 81], [293, 101], [0.46396387], [336, 204], [327, 197], [0.6161378], [339, 290], [282, 277], [0.1561686], [343, 381], [280, 353], [0.29681697]]"
match keypoints image111 [[364, 63], [278, 49], [0.46446127], [361, 54], [283, 45], [0.52896315], [343, 51], [255, 45], [0.49817896], [323, 84], [232, 89], [0.34767136], [326, 141], [310, 153], [0.4724535], [355, 81], [291, 100], [0.42474875], [337, 204], [285, 195], [0.31184697], [335, 210], [243, 194], [0.12723278], [339, 289], [244, 276], [0.15808105], [351, 372], [279, 352], [0.16167773], [343, 381], [242, 356], [0.16800013]]"
match keypoints image112 [[364, 62], [278, 49], [0.78873813], [361, 53], [283, 45], [0.46689048], [343, 50], [255, 45], [0.63450795], [325, 84], [231, 89], [0.5422131], [329, 140], [309, 152], [0.30495352], [355, 80], [291, 99], [0.586859], [340, 204], [284, 194], [0.31536153], [342, 288], [282, 272], [0.085762665], [344, 382], [279, 352], [0.13146369]]"
match keypoints image113 [[364, 62], [280, 50], [0.83435243], [361, 53], [274, 43], [0.4926385], [343, 50], [257, 46], [0.5020386], [325, 84], [233, 88], [0.23607655], [331, 141], [310, 153], [0.3230574], [355, 79], [292, 101], [0.43256295], [342, 203], [286, 196], [0.25713566], [344, 287], [325, 198], [0.13527438], [343, 382], [278, 353], [0.26647878]]"
match keypoints image114 [[364, 65], [281, 50], [0.7684616], [362, 56], [275, 43], [0.5425635], [344, 52], [258, 46], [0.29516128], [334, 143], [210, 141], [0.5204488], [355, 81], [234, 88], [0.36299086], [345, 206], [193, 190], [0.53504705], [336, 284], [282, 278], [0.056672174], [344, 288], [244, 278], [0.56480795], [341, 381], [278, 353], [0.14172402]]"
match keypoints image115 [[364, 65], [292, 49], [0.35306045], [362, 57], [281, 45], [0.30027357], [344, 53], [264, 48], [0.5820331], [327, 87], [239, 90], [0.4755211], [356, 82], [297, 104], [0.40118134], [346, 206], [200, 189], [0.2938427], [345, 289], [247, 278], [0.12042627], [341, 382], [242, 354], [0.118413694]]"
match keypoints image116 [[362, 59], [294, 49], [0.22612754], [344, 56], [265, 48], [0.11305163], [337, 146], [290, 194], [0.20107615], [356, 84], [298, 104], [0.2731221], [349, 210], [203, 187], [0.10274736], [347, 287], [248, 277], [0.05200481], [341, 380], [242, 354], [0.050830703]]"
match keypoints image117 [[365, 69], [296, 51], [0.24645294], [362, 60], [285, 47], [0.27063766], [345, 57], [267, 49], [0.11056093], [330, 92], [243, 89], [0.14528194], [356, 85], [299, 104], [0.12882146], [350, 207], [292, 195], [0.088726774], [342, 380], [242, 355], [0.19647957]]"
match keypoints image118 [[365, 70], [300, 51], [0.41287646], [345, 58], [272, 50], [0.57768416], [331, 91], [248, 89], [0.33563596], [356, 86], [303, 105], [0.44846094], [350, 207], [295, 191], [0.37957838], [336, 211], [254, 189], [0.25745907], [347, 287], [287, 277], [0.20063032], [342, 381], [279, 353], [0.14225124]]"
match keypoints image119 [[365, 72], [295, 55], [0.55023044], [364, 63], [301, 51], [0.61583173], [346, 59], [272, 50], [0.80455315], [330, 93], [248, 89], [0.5538957], [357, 87], [303, 105], [0.60338724], [353, 206], [295, 194], [0.37560552], [337, 209], [255, 191], [0.18352614], [346, 289], [287, 278], [0.12850155], [344, 378], [279, 353], [0.19367345]]"
match keypoints image120 [[366, 71], [295, 54], [0.27203733], [364, 63], [290, 47], [0.45673463], [346, 59], [272, 49], [0.45020238], [331, 93], [248, 88], [0.37674338], [357, 87], [303, 104], [0.24872285], [353, 206], [293, 193], [0.30999258], [335, 212], [254, 191], [0.17551224], [347, 288], [286, 280], [0.10992365], [345, 375], [278, 353], [0.18590519], [343, 380], [241, 356], [0.22872445]]"
match keypoints image121 [[366, 71], [295, 54], [0.42699432], [347, 58], [272, 49], [0.574321], [332, 93], [248, 88], [0.5286508], [359, 84], [302, 104], [0.42689332], [352, 212], [332, 201], [0.15191463], [337, 215], [255, 193], [0.33796576], [347, 293], [286, 279], [0.30352253], [341, 378], [278, 353], [0.4024861]]"
match keypoints image122 [[347, 58], [271, 49], [0.26998436], [332, 91], [247, 88], [0.09092515], [359, 84], [301, 104], [0.11522644], [353, 211], [292, 195], [0.21495122]]"
match keypoints image123 [[366, 70], [292, 54], [0.11849924], [364, 61], [287, 46], [0.39708576], [347, 57], [268, 48], [0.33982396], [332, 90], [244, 87], [0.24553917], [359, 85], [296, 103], [0.16822234], [338, 215], [251, 194], [0.12784909], [349, 291], [289, 194], [0.14523719], [341, 378], [241, 357], [0.13707821]]"
match keypoints image124 [[367, 68], [290, 53], [0.43082026], [365, 58], [285, 45], [0.27018997], [349, 54], [267, 47], [0.56497455], [335, 87], [242, 86], [0.43427745], [339, 212], [250, 194], [0.31248957], [350, 293], [247, 278], [0.26914686], [345, 383], [241, 357], [0.20106082]]"
match keypoints image125 [[368, 65], [287, 50], [0.31165883], [366, 55], [291, 47], [0.23255557], [350, 52], [262, 44], [0.29383597], [336, 84], [237, 84], [0.281346], [366, 197], [202, 183], [0.37515965], [338, 211], [247, 194], [0.056573693], [352, 293], [245, 276], [0.062997594], [345, 383], [276, 353], [0.059462756]]"
match keypoints image126 [[368, 65], [287, 51], [0.4649331], [351, 51], [262, 44], [0.43210703], [336, 87], [289, 101], [0.39395383], [352, 148], [305, 152], [0.85538596], [373, 200], [318, 201], [0.9156176], [328, 209], [284, 192], [0.7905888], [352, 292], [278, 272], [0.34922132], [338, 380], [241, 356], [0.29170257], [346, 383], [271, 352], [0.3230664]]"
match keypoints image127 [[368, 66], [288, 52], [0.094870634], [351, 51], [264, 45], [0.123695284], [336, 84], [238, 84], [0.1042989], [373, 197], [305, 152], [0.21347015], [342, 214], [285, 194], [0.1398372], [336, 298], [248, 275], [0.0705795], [352, 294], [278, 274], [0.16368853], [337, 381], [241, 357], [0.1996392], [346, 383], [269, 353], [0.12661831]]"
match keypoints image128 [[366, 71], [290, 53], [0.10821009], [350, 54], [266, 46], [0.38077602], [337, 88], [290, 104], [0.1276232], [353, 149], [305, 153], [0.89072394], [376, 201], [316, 203], [0.9040873], [326, 212], [285, 196], [0.91189986], [335, 296], [279, 276], [0.5462015], [346, 383], [269, 353], [0.34583265]]"
match keypoints image129 [[366, 71], [291, 54], [0.23870671], [350, 54], [267, 47], [0.42700562], [337, 88], [290, 104], [0.3018317], [353, 149], [305, 153], [0.88406855], [376, 201], [316, 203], [0.8987338], [326, 212], [285, 194], [0.8672676], [335, 296], [279, 276], [0.6682384], [336, 381], [269, 353], [0.37406626]]"
match keypoints image130 [[365, 73], [295, 56], [0.18612559], [349, 57], [271, 48], [0.2650444], [336, 92], [293, 105], [0.082988694], [352, 147], [308, 153], [0.9009133], [377, 200], [316, 201], [0.844858], [325, 215], [286, 194], [0.9098088], [352, 295], [281, 277], [0.5017911], [336, 381], [269, 353], [0.5987164]]"
match keypoints image131 [[365, 73], [296, 56], [0.3208312], [363, 63], [292, 49], [0.3786424], [349, 58], [272, 48], [0.260681], [336, 92], [293, 104], [0.13081689], [353, 147], [308, 151], [0.8881125], [378, 200], [317, 201], [0.92047894], [326, 214], [287, 190], [0.92319983], [334, 297], [281, 274], [0.64870685], [336, 380], [269, 353], [0.630693]]"
match keypoints image132 [[352, 57], [292, 48], [0.110771455], [321, 103], [248, 84], [0.23844494], [359, 151], [305, 152], [0.6016948], [383, 197], [314, 201], [0.6205996], [326, 212], [286, 194], [0.3962196], [332, 299], [250, 278], [0.30064753], [356, 298], [279, 278], [0.5191093], [355, 383], [269, 354], [0.26172748]]"
match keypoints image133 [[355, 54], [271, 46], [0.38184732], [323, 98], [247, 82], [0.4191959], [345, 90], [295, 55], [0.13101564], [365, 149], [301, 151], [0.78977746], [388, 195], [312, 201], [0.85199744], [328, 209], [285, 194], [0.46600336], [356, 299], [278, 278], [0.5780625], [336, 380], [241, 359], [0.148291], [355, 384], [268, 354], [0.33324662]]"
match keypoints image134 [[369, 71], [292, 53], [0.086865515], [356, 53], [288, 44], [0.20568146], [324, 98], [244, 80], [0.13432981], [365, 148], [299, 149], [0.4354449], [388, 195], [307, 196], [0.5746074], [326, 209], [284, 191], [0.1614437], [346, 213], [252, 191], [0.16518407], [356, 299], [248, 276], [0.34434143], [355, 384], [268, 354], [0.21884377]]"
match keypoints image135 [[371, 68], [292, 52], [0.058567226], [358, 51], [268, 42], [0.22058713], [328, 92], [243, 80], [0.3119324], [366, 146], [221, 134], [0.3529877], [391, 191], [307, 198], [0.4111424], [347, 210], [253, 189], [0.3616363], [332, 297], [249, 275], [0.5367912], [357, 297], [276, 275], [0.5602448], [355, 384], [269, 353], [0.32601166]]"
match keypoints image136 [[359, 51], [268, 42], [0.10575843], [327, 94], [243, 80], [0.19972447], [365, 145], [300, 150], [0.45641133], [391, 193], [309, 199], [0.58877677], [325, 208], [251, 190], [0.21569854], [356, 297], [277, 276], [0.2924653], [343, 379], [273, 352], [0.17075188]]"
match keypoints image137 [[358, 51], [268, 42], [0.29938358], [328, 93], [243, 80], [0.38025454], [365, 147], [300, 150], [0.6729957], [389, 194], [309, 199], [0.8156757], [327, 209], [251, 190], [0.25605986], [345, 214], [284, 191], [0.2987118], [339, 299], [248, 278], [0.26916322], [356, 298], [277, 276], [0.57617396], [354, 384], [273, 352], [0.27624798]]"
match keypoints image138 [[356, 54], [269, 44], [0.5051366], [329, 84], [244, 83], [0.30509126], [359, 147], [305, 153], [0.72884727], [383, 200], [314, 203], [0.69367117], [328, 212], [287, 194], [0.6832355], [341, 302], [281, 278], [0.37828192], [344, 381], [274, 353], [0.22159949]]"
match keypoints image139 [[371, 70], [294, 53], [0.30162197], [356, 54], [271, 46], [0.3065558], [342, 88], [247, 86], [0.20943475], [358, 149], [227, 137], [0.29115817], [381, 205], [219, 189], [0.5530814], [358, 301], [252, 277], [0.30517176], [344, 381], [274, 353], [0.12246012]]"
match keypoints image140 [[371, 69], [295, 52], [0.5042574], [370, 60], [289, 45], [0.24411678], [353, 56], [271, 46], [0.36507925], [353, 148], [313, 152], [0.51140195], [375, 204], [324, 201], [0.6298049], [344, 215], [254, 191], [0.22514264], [358, 300], [284, 274], [0.34185877], [344, 381], [274, 353], [0.099209115]]"
match keypoints image141 [[371, 68], [293, 51], [0.68427205], [368, 59], [298, 48], [0.8061853], [352, 56], [270, 46], [0.44510338], [338, 89], [247, 86], [0.31830496], [351, 149], [316, 151], [0.4386779], [362, 83], [299, 101], [0.3839233], [372, 202], [326, 199], [0.61983174], [337, 210], [254, 188], [0.23356315], [344, 293], [251, 275], [0.17730217], [356, 294], [284, 275], [0.33271813], [351, 381], [244, 354], [0.12282199]]"
match keypoints image142 [[371, 68], [291, 51], [0.07246897], [368, 59], [284, 44], [0.13160272], [351, 56], [268, 47], [0.13764448], [337, 89], [244, 87], [0.056598593], [370, 199], [292, 193], [0.3982845], [341, 212], [251, 192], [0.1131052]]"
match keypoints image143 [[371, 68], [290, 51], [0.27200314], [368, 58], [295, 47], [0.50713867], [350, 55], [267, 47], [0.6013772], [334, 88], [242, 88], [0.4219964], [362, 84], [299, 103], [0.43597582], [339, 211], [292, 195], [0.08934286], [353, 293], [316, 152], [0.13530055]]"
match keypoints image144 [[368, 58], [291, 46], [0.22020938], [350, 54], [263, 46], [0.5410779], [334, 88], [239, 86], [0.3089805], [362, 83], [296, 101], [0.12987337]]"
match keypoints image145 [[370, 64], [285, 50], [0.39824298], [367, 55], [290, 45], [0.7433076], [349, 52], [262, 45], [0.8208741], [332, 86], [238, 85], [0.74969184], [361, 81], [295, 101], [0.8038794], [354, 199], [289, 192], [0.34368822], [353, 291], [247, 278], [0.23947757], [350, 381], [274, 353], [0.09166702]]"
match keypoints image146 [[370, 63], [283, 48], [0.29023784], [367, 54], [289, 44], [0.35639146], [349, 52], [261, 44], [0.33142313], [332, 86], [236, 84], [0.236191], [361, 81], [296, 100], [0.5759258], [353, 204], [194, 186], [0.26174632], [352, 292], [246, 281], [0.116718195]]"
match keypoints image147 [[370, 63], [283, 48], [0.20470141], [366, 54], [289, 44], [0.3215529], [348, 52], [261, 44], [0.10705221], [331, 86], [237, 85], [0.18046679], [361, 81], [296, 101], [0.2526243], [347, 206], [289, 196], [0.22938944], [350, 382], [278, 352], [0.2843909]]"
match keypoints image148 [[370, 63], [283, 48], [0.20283379], [366, 55], [277, 41], [0.31313246], [348, 52], [262, 45], [0.21275346], [331, 87], [237, 86], [0.26302508], [337, 144], [313, 154], [0.2582391], [361, 81], [296, 100], [0.13669088], [350, 382], [278, 353], [0.29726866]]"
match keypoints image149 [[370, 64], [284, 49], [0.76893586], [366, 56], [277, 42], [0.4349362], [348, 53], [262, 45], [0.4869786], [343, 86], [238, 86], [0.16282225], [335, 144], [313, 154], [0.18991984], [347, 206], [198, 184], [0.09273369], [350, 382], [278, 353], [0.14006685]]"
match keypoints image150 [[370, 64], [286, 51], [0.21752362], [366, 56], [280, 44], [0.32651547], [347, 206], [293, 195], [0.06820936]]"
match keypoints image151 [[370, 66], [287, 51], [0.7920572], [365, 58], [281, 44], [0.6595915], [347, 57], [266, 48], [0.49937874], [329, 93], [242, 91], [0.40096086], [334, 148], [221, 141], [0.45075843], [346, 211], [252, 194], [0.17332189], [349, 382], [278, 353], [0.09571553]]"
match keypoints image152 [[370, 67], [287, 51], [0.32766214], [365, 59], [281, 45], [0.18765877], [347, 57], [267, 48], [0.16392781], [329, 91], [244, 91], [0.30220288], [332, 147], [222, 143], [0.20879976], [346, 209], [254, 196], [0.1841911], [352, 290], [285, 283], [0.11460541], [346, 378], [278, 353], [0.11874053]]"
match keypoints image153 [[370, 67], [289, 51], [0.77984226], [365, 59], [283, 44], [0.7943507], [347, 57], [268, 49], [0.42825067], [329, 92], [246, 90], [0.49138075], [333, 148], [225, 142], [0.41797715], [345, 210], [255, 194], [0.16812527], [352, 291], [251, 279], [0.07368626]]"
match keypoints image154 [[369, 66], [289, 51], [0.66106665], [365, 58], [283, 44], [0.6208542], [346, 57], [268, 49], [0.27026772], [328, 91], [246, 90], [0.3981083], [332, 146], [208, 189], [0.31413406], [351, 291], [251, 278], [0.3087838], [347, 380], [279, 354], [0.12919249]]"
match keypoints image155 [[369, 65], [289, 51], [0.7044644], [364, 58], [283, 44], [0.71379733], [346, 57], [268, 49], [0.52157736], [328, 92], [246, 90], [0.48461315], [334, 145], [225, 141], [0.3710476], [346, 207], [296, 197], [0.26266873], [351, 291], [250, 278], [0.29330942], [349, 369], [279, 354], [0.1224902]]"
match keypoints image156 [[368, 65], [286, 51], [0.18489073], [364, 58], [279, 44], [0.29326257], [345, 57], [202, 189], [0.14587356], [346, 90], [243, 91], [0.12274388], [333, 145], [220, 142], [0.33540636], [346, 206], [294, 195], [0.18230788], [341, 215], [248, 276], [0.09331408], [353, 290], [286, 279], [0.1198871], [346, 380], [279, 354], [0.15069626]]"
match keypoints image157 [[367, 65], [284, 51], [0.35507834], [362, 56], [278, 44], [0.42938882], [343, 56], [264, 49], [0.09228261], [326, 91], [242, 92], [0.16282053], [331, 145], [319, 155], [0.19038819], [343, 205], [294, 197], [0.113518], [349, 292], [248, 275], [0.11520935], [345, 383], [279, 354], [0.16411103]]"
match keypoints image158 [[367, 64], [289, 51], [0.3691983], [362, 56], [271, 42], [0.28808007], [343, 55], [258, 48], [0.18366426], [325, 90], [236, 92], [0.43063682], [331, 144], [314, 154], [0.34412953], [342, 206], [194, 190], [0.17882171], [348, 293], [244, 276], [0.4413585]]"
match keypoints image159 [[365, 60], [285, 51], [0.48186085], [360, 52], [280, 43], [0.34937972], [341, 52], [254, 47], [0.18048555], [323, 86], [232, 90], [0.2818225], [326, 143], [208, 140], [0.26024976], [374, 211], [286, 200], [0.3448963], [338, 204], [242, 197], [0.14004172], [346, 292], [281, 279], [0.25079992], [345, 382], [278, 353], [0.28454176]]"
match keypoints image160 [[365, 59], [285, 50], [0.43322688], [360, 52], [279, 42], [0.2128355], [340, 51], [189, 186], [0.13115954], [322, 86], [231, 90], [0.10561895], [374, 211], [311, 153], [0.38033196], [357, 290], [281, 278], [0.14826246]]"
match keypoints image161 [[366, 59], [285, 50], [0.20674105], [345, 84], [295, 99], [0.20597225], [321, 86], [188, 188], [0.18376824], [317, 139], [243, 192], [0.308822], [374, 212], [286, 194], [0.33615667], [357, 212], [328, 198], [0.12623776], [343, 293], [242, 278], [0.3051873], [355, 375], [278, 353], [0.1576522], [347, 383], [238, 358], [0.065332405]]"
match keypoints image162 [[361, 52], [281, 44], [0.5782828], [341, 51], [257, 48], [0.4244631], [346, 85], [299, 99], [0.18632612], [321, 86], [235, 93], [0.4694034], [317, 140], [215, 143], [0.4865609], [374, 212], [315, 153], [0.5429689], [328, 206], [246, 191], [0.21756959], [344, 293], [244, 278], [0.30303144], [355, 375], [278, 353], [0.18970005]]"
match keypoints image163 [[367, 62], [288, 51], [0.42999932], [361, 53], [282, 44], [0.37532684], [341, 54], [268, 42], [0.3765934], [349, 89], [300, 100], [0.23472373], [321, 89], [236, 93], [0.44610247], [317, 141], [218, 145], [0.21911535], [376, 213], [289, 195], [0.38006085], [326, 205], [247, 193], [0.15177625], [358, 293], [282, 279], [0.08034199], [343, 294], [244, 278], [0.4147004], [347, 382], [278, 354], [0.25122753]]"
match keypoints image164 [[367, 62], [292, 51], [0.104819186], [362, 54], [285, 44], [0.2114273], [342, 54], [271, 42], [0.16578747], [349, 89], [304, 99], [0.08442644], [322, 89], [239, 94], [0.21905026], [317, 141], [219, 145], [0.2625186], [376, 213], [291, 199], [0.26012415], [343, 293], [244, 276], [0.337992], [347, 382], [278, 354], [0.15221256]]"
match keypoints image165 [[367, 62], [292, 51], [0.49696276], [362, 54], [284, 43], [0.3096686], [342, 54], [260, 48], [0.24437103], [350, 89], [304, 99], [0.32890365], [322, 89], [239, 94], [0.39275646], [378, 215], [321, 153], [0.3190258], [322, 204], [198, 189], [0.12703694], [359, 290], [283, 276], [0.08530253], [343, 293], [245, 274], [0.63615626], [356, 375], [237, 352], [0.21659656]]"
match keypoints image166 [[367, 62], [291, 51], [0.5642055], [342, 54], [269, 42], [0.4240411], [349, 89], [304, 99], [0.32739958], [315, 143], [321, 153], [0.563066], [321, 205], [292, 195], [0.17492889], [362, 209], [340, 199], [0.33302242], [343, 293], [283, 275], [0.1975219], [346, 380], [278, 354], [0.18026455]]"
match keypoints image167 [[365, 61], [290, 51], [0.47772482], [360, 53], [282, 43], [0.6507943], [341, 54], [268, 42], [0.5932553], [349, 89], [303, 99], [0.4286232], [312, 142], [321, 153], [0.7882366], [339, 207], [340, 199], [0.38880002], [343, 293], [282, 276], [0.18677622], [344, 382], [278, 354], [0.20495854]]"
match keypoints image168 [[359, 52], [276, 42], [0.3107967], [340, 53], [253, 48], [0.33597687], [347, 88], [298, 98], [0.3933266], [321, 87], [233, 95], [0.47690886], [311, 144], [317, 152], [0.38267934], [384, 215], [336, 197], [0.28631088], [364, 205], [288, 195], [0.2736784], [360, 293], [281, 277], [0.2301762], [342, 294], [244, 275], [0.17690253], [344, 382], [278, 354], [0.22938402]]"
match keypoints image169 [[364, 60], [267, 48], [0.20620999], [368, 57], [284, 50], [0.58338076], [359, 52], [274, 42], [0.56771547], [339, 53], [260, 42], [0.5097377], [320, 88], [298, 98], [0.5787084], [311, 143], [317, 151], [0.79887223], [317, 205], [335, 197], [0.31350118], [343, 294], [244, 274], [0.26648948], [344, 383], [278, 353], [0.1713892]]"
match keypoints image170 [[362, 57], [282, 50], [0.47591794], [356, 50], [273, 42], [0.52134174], [336, 51], [259, 42], [0.4340603], [346, 88], [297, 98], [0.81282604], [317, 86], [231, 94], [0.82029945], [371, 161], [316, 151], [0.8380247], [305, 142], [212, 144], [0.70424074], [387, 214], [335, 197], [0.48063305], [313, 200], [188, 190], [0.30424026], [364, 209], [287, 192], [0.6662551], [335, 207], [244, 191], [0.32482946], [361, 294], [281, 275], [0.7608223], [341, 297], [242, 274], [0.8113557], [355, 376], [236, 354], [0.2860003]]"
match keypoints image171 [[361, 57], [281, 49], [0.22291204], [356, 49], [272, 41], [0.16593237], [336, 51], [258, 41], [0.19551861], [316, 86], [296, 97], [0.30048835], [306, 142], [315, 150], [0.86130214], [312, 199], [334, 196], [0.86056095], [343, 383], [279, 353], [0.09785697]]"
match keypoints image172 [[361, 56], [280, 48], [0.28286976], [356, 48], [270, 40], [0.38671067], [336, 50], [256, 40], [0.48786077], [346, 87], [296, 96], [0.4025874], [317, 86], [229, 93], [0.7710174], [373, 160], [314, 149], [0.49651507], [306, 142], [211, 142], [0.7583228], [388, 212], [334, 196], [0.3596857], [312, 200], [187, 189], [0.43826416], [365, 208], [285, 191], [0.5145983], [335, 206], [242, 190], [0.23207663], [364, 293], [283, 273], [0.42350098], [341, 296], [241, 272], [0.62753445], [356, 374], [236, 353], [0.26734272]]"
match keypoints image173 [[362, 56], [280, 48], [0.4784425], [356, 48], [271, 40], [0.6976265], [336, 50], [257, 40], [0.8142417], [348, 91], [296, 96], [0.6924224], [317, 86], [230, 93], [0.88415474], [373, 160], [315, 150], [0.5701889], [306, 143], [211, 143], [0.9128339], [390, 212], [334, 195], [0.55249554], [310, 206], [187, 190], [0.88350785], [364, 209], [286, 191], [0.69053435], [334, 207], [242, 190], [0.5072842], [364, 295], [284, 273], [0.74014187], [341, 298], [242, 273], [0.7762993], [361, 375], [236, 353], [0.29507515]]"
match keypoints image174 [[363, 56], [281, 48], [0.49422008], [356, 48], [271, 40], [0.65768373], [337, 51], [257, 40], [0.31327656], [317, 88], [230, 93], [0.50361484], [305, 144], [212, 143], [0.51144946], [390, 212], [315, 150], [0.48936728], [310, 206], [191, 188], [0.43953428], [365, 209], [287, 191], [0.3135447], [335, 208], [243, 190], [0.14895324], [365, 295], [286, 273], [0.43674707], [342, 299], [242, 274], [0.45628533], [341, 383], [236, 353], [0.5111006]]"
match keypoints image175 [[364, 58], [267, 47], [0.28515807], [358, 50], [274, 41], [0.1520492], [339, 54], [260, 41], [0.25418806], [361, 107], [302, 96], [0.42965868], [319, 93], [235, 95], [0.37023884], [379, 160], [320, 150], [0.3618489], [311, 210], [337, 197], [0.1861351], [368, 207], [291, 192], [0.33047965], [365, 296], [287, 275], [0.39690346], [343, 299], [243, 275], [0.4730545], [361, 375], [236, 353], [0.62459934]]"
match keypoints image176 [[365, 58], [268, 47], [0.4818426], [358, 51], [275, 41], [0.73723745], [339, 55], [262, 42], [0.75843203], [364, 109], [304, 97], [0.829818], [320, 94], [238, 96], [0.88619256], [381, 161], [322, 150], [0.87941295], [308, 150], [220, 148], [0.9163276], [394, 213], [338, 198], [0.86997586], [312, 212], [195, 192], [0.93565917], [369, 207], [292, 197], [0.8894714], [338, 209], [248, 194], [0.86448777], [366, 296], [287, 277], [0.8746741], [344, 298], [243, 276], [0.92897516], [361, 375], [237, 353], [0.6736282]]"
match keypoints image177 [[366, 59], [271, 47], [0.8067437], [359, 51], [278, 41], [0.8196794], [340, 55], [265, 42], [0.63180536], [365, 109], [308, 96], [0.7293637], [321, 94], [243, 96], [0.8101441], [383, 162], [326, 150], [0.7138196], [308, 150], [224, 147], [0.86605453], [394, 214], [342, 197], [0.5412939], [311, 210], [201, 192], [0.847845], [370, 207], [296, 198], [0.79724085], [338, 208], [252, 195], [0.7023046], [365, 293], [288, 276], [0.24439397], [343, 295], [245, 275], [0.7181623], [361, 375], [237, 354], [0.6673438]]"
match keypoints image178 [[367, 60], [291, 48], [0.37314922], [360, 52], [278, 41], [0.41497812], [341, 56], [265, 42], [0.30943552], [369, 111], [309, 95], [0.8285231], [321, 96], [244, 96], [0.78607756], [386, 163], [327, 150], [0.73726726], [305, 153], [225, 147], [0.67385375], [398, 213], [343, 197], [0.73762864], [310, 213], [202, 191], [0.44131622], [371, 209], [296, 196], [0.8337427], [338, 210], [251, 193], [0.41143453], [367, 295], [288, 275], [0.34203437], [342, 296], [246, 275], [0.5599016], [361, 375], [238, 355], [0.32513753]]"
match keypoints image179 [[367, 60], [292, 48], [0.23220295], [360, 52], [279, 41], [0.54030466], [341, 56], [265, 42], [0.26905882], [369, 111], [309, 95], [0.76952064], [321, 96], [244, 96], [0.6893978], [386, 163], [328, 149], [0.811059], [305, 152], [225, 147], [0.5470796], [400, 213], [343, 196], [0.8944975], [309, 213], [202, 192], [0.20610097], [370, 209], [296, 196], [0.83700234], [337, 209], [252, 194], [0.46443665], [341, 296], [246, 274], [0.68646884], [341, 380], [287, 353], [0.1407653]]"
match keypoints image180 [[365, 59], [290, 47], [0.14230593], [358, 51], [277, 41], [0.22430928], [340, 56], [264, 42], [0.3966609], [368, 111], [308, 95], [0.7181389], [319, 96], [243, 96], [0.62943584], [387, 163], [328, 150], [0.6412533], [302, 150], [224, 148], [0.55199665], [402, 215], [344, 197], [0.78332216], [304, 211], [199, 193], [0.57260835], [369, 208], [295, 196], [0.78826195], [335, 209], [250, 194], [0.35762507], [366, 294], [287, 275], [0.5179841], [341, 296], [247, 276], [0.7440505], [341, 380], [239, 356], [0.5197807]]"
match keypoints image181 [[364, 59], [269, 48], [0.2155696], [357, 51], [276, 41], [0.57699096], [339, 56], [263, 42], [0.54837877], [368, 111], [307, 95], [0.705075], [318, 96], [242, 97], [0.8044126], [386, 162], [327, 150], [0.70143324], [301, 151], [223, 148], [0.6848212], [402, 214], [343, 195], [0.71785694], [303, 211], [197, 193], [0.68256164], [369, 209], [295, 197], [0.8394162], [334, 210], [250, 194], [0.7378513], [366, 296], [287, 275], [0.65102804], [340, 297], [246, 275], [0.79797804], [341, 381], [239, 356], [0.42069182]]"
match keypoints image182 [[364, 59], [284, 48], [0.11457224], [356, 51], [270, 41], [0.539906], [338, 55], [257, 42], [0.5026873], [367, 111], [302, 96], [0.7907951], [317, 96], [236, 98], [0.82429576], [386, 162], [323, 150], [0.7209305], [301, 151], [217, 148], [0.8531567], [402, 214], [338, 197], [0.84062815], [302, 211], [192, 192], [0.3369348], [368, 206], [290, 197], [0.86877733], [334, 209], [245, 195], [0.67420727], [366, 296], [284, 276], [0.712033], [341, 297], [243, 276], [0.72190243], [340, 380], [238, 356], [0.12932386]]"
match keypoints image183 [[359, 57], [261, 48], [0.2362305], [352, 48], [268, 41], [0.531266], [334, 54], [256, 42], [0.6084367], [365, 110], [301, 96], [0.8163895], [312, 95], [235, 97], [0.8464431], [385, 159], [321, 150], [0.68619275], [296, 147], [216, 148], [0.8518118], [400, 213], [337, 196], [0.80529124], [297, 206], [191, 192], [0.57880807], [365, 204], [288, 195], [0.86659265], [330, 206], [244, 194], [0.6935321], [365, 294], [282, 276], [0.61667234], [338, 296], [242, 276], [0.6448223], [340, 380], [238, 356], [0.30494013]]"
match keypoints image184 [[359, 57], [259, 48], [0.19310664], [352, 48], [267, 41], [0.39194378], [334, 54], [254, 42], [0.6097518], [365, 110], [299, 96], [0.74539155], [312, 95], [235, 98], [0.7619162], [385, 159], [320, 150], [0.5806183], [296, 147], [214, 148], [0.77510226], [400, 213], [336, 196], [0.7280423], [297, 206], [190, 191], [0.4985411], [365, 204], [287, 198], [0.8000599], [330, 206], [243, 195], [0.5880286], [365, 294], [281, 276], [0.47811064], [338, 296], [241, 276], [0.53319603], [340, 380], [238, 356], [0.25307566]]"
match keypoints image185 [[358, 56], [280, 47], [0.1652682], [351, 48], [265, 41], [0.47907072], [332, 53], [252, 42], [0.5373946], [364, 110], [298, 96], [0.7701916], [311, 94], [233, 97], [0.84628797], [384, 159], [319, 150], [0.7311138], [296, 147], [212, 147], [0.8142903], [400, 213], [335, 195], [0.86579794], [296, 206], [189, 191], [0.78510964], [365, 204], [286, 197], [0.88699496], [329, 206], [242, 195], [0.7666672], [365, 293], [281, 274], [0.7179374], [337, 297], [241, 275], [0.612232], [361, 374], [287, 353], [0.16463755], [340, 381], [238, 356], [0.17153767]]"
match keypoints image186 [[354, 53], [276, 47], [0.51792735], [346, 45], [261, 40], [0.614875], [329, 51], [248, 42], [0.42737135], [363, 108], [295, 95], [0.89253557], [308, 93], [231, 96], [0.87094253], [383, 159], [316, 149], [0.9186399], [292, 148], [210, 147], [0.86994016], [400, 211], [331, 194], [0.90836746], [294, 209], [187, 191], [0.5512067], [364, 205], [283, 197], [0.9268717], [327, 207], [240, 195], [0.7064321], [365, 290], [280, 274], [0.86501473], [334, 296], [239, 273], [0.7061436], [362, 373], [287, 353], [0.5781866], [340, 381], [238, 356], [0.46595746]]"
match keypoints image187 [[346, 45], [260, 40], [0.46840614], [329, 51], [248, 42], [0.51660645], [362, 108], [295, 95], [0.89976746], [308, 93], [231, 96], [0.93028665], [383, 159], [316, 149], [0.9346696], [292, 147], [209, 147], [0.84960914], [400, 212], [330, 196], [0.9241794], [294, 209], [187, 191], [0.6005636], [364, 203], [283, 195], [0.9362449], [328, 205], [240, 194], [0.8426283], [365, 290], [280, 273], [0.87761813], [334, 296], [239, 274], [0.71445537], [363, 373], [287, 353], [0.69057846], [340, 381], [238, 356], [0.32826406]]"
match keypoints image188 [[354, 51], [276, 45], [0.6036297], [346, 45], [260, 38], [0.4211914], [329, 52], [248, 41], [0.35367236], [364, 109], [296, 95], [0.8733021], [309, 93], [232, 96], [0.89898735], [383, 159], [315, 149], [0.92184424], [293, 148], [213, 147], [0.8627581], [398, 210], [328, 194], [0.94861907], [294, 209], [192, 191], [0.6153077], [364, 203], [285, 194], [0.9474805], [328, 206], [242, 193], [0.8842075], [366, 291], [281, 275], [0.9372184], [334, 295], [242, 275], [0.9195226], [364, 374], [284, 354], [0.8440514], [340, 381], [238, 356], [0.5481022]]"
match keypoints image189 [[354, 52], [277, 45], [0.55911165], [346, 45], [260, 39], [0.4478634], [329, 53], [254, 45], [0.40176627], [365, 110], [298, 95], [0.9142475], [310, 94], [233, 96], [0.9275738], [385, 162], [316, 150], [0.9056145], [293, 149], [214, 147], [0.89399314], [400, 212], [329, 196], [0.9369557], [295, 209], [193, 191], [0.7651833], [365, 205], [286, 195], [0.94919235], [329, 207], [243, 193], [0.8343823], [366, 291], [281, 275], [0.9110576], [335, 296], [242, 276], [0.8627195], [364, 375], [284, 355], [0.7891484], [340, 381], [238, 356], [0.60713977]]"
match keypoints image190 [[356, 55], [282, 47], [0.34358943], [332, 56], [254, 44], [0.38957998], [370, 112], [304, 95], [0.85069454], [313, 98], [241, 98], [0.80735326], [389, 164], [323, 150], [0.8656353], [297, 151], [220, 148], [0.7971878], [403, 216], [335, 200], [0.8886242], [294, 202], [198, 191], [0.8142716], [370, 208], [290, 198], [0.8385827], [331, 210], [247, 195], [0.66356826], [368, 293], [283, 277], [0.83641744], [336, 297], [242, 276], [0.64487046], [364, 375], [284, 356], [0.5942848], [340, 379], [238, 356], [0.41593418]]"
match keypoints image191 [[362, 51], [282, 47], [0.29156384], [334, 57], [254, 44], [0.25194168], [372, 112], [304, 95], [0.73491913], [314, 99], [241, 98], [0.66906303], [392, 165], [323, 150], [0.76337516], [299, 150], [220, 148], [0.6569352], [406, 215], [335, 200], [0.82634574], [294, 201], [198, 191], [0.77613103], [371, 209], [290, 198], [0.7945893], [332, 210], [247, 195], [0.6488308], [368, 293], [283, 277], [0.8143961], [337, 297], [242, 276], [0.6497402], [364, 375], [284, 356], [0.47132552], [340, 378], [238, 356], [0.067756206]]"
match keypoints image192 [[358, 57], [264, 48], [0.47702327], [362, 51], [271, 41], [0.41635406], [334, 58], [259, 44], [0.50461936], [373, 112], [308, 95], [0.87586105], [315, 99], [247, 98], [0.86666554], [392, 164], [329, 150], [0.8809457], [299, 150], [227, 149], [0.82951075], [407, 215], [340, 197], [0.8958114], [293, 200], [204, 193], [0.77430016], [371, 209], [293, 199], [0.9146264], [332, 210], [250, 196], [0.7133907], [368, 293], [284, 277], [0.805157], [337, 296], [245, 277], [0.7022037], [364, 375], [284, 356], [0.41628778], [340, 378], [238, 355], [0.16437992]]"
match keypoints image193 [[358, 57], [264, 48], [0.11983692], [363, 52], [288, 47], [0.15766062], [350, 51], [271, 41], [0.22857474], [335, 58], [260, 44], [0.26367456], [374, 113], [309, 94], [0.7081432], [316, 101], [248, 98], [0.35677], [394, 163], [330, 149], [0.874032], [300, 150], [227, 149], [0.3384302], [410, 214], [340, 195], [0.9089411], [292, 200], [205, 193], [0.52473485], [372, 209], [294, 199], [0.84138805], [332, 211], [251, 196], [0.42950135], [369, 292], [284, 277], [0.8227729], [335, 296], [245, 277], [0.6965505], [364, 376], [284, 356], [0.26399875], [335, 379], [238, 355], [0.2253002]]"
match keypoints image194 [[362, 52], [287, 46], [0.45909542], [349, 51], [270, 41], [0.4475987], [334, 58], [259, 44], [0.46042746], [374, 111], [308, 94], [0.7249373], [315, 101], [248, 99], [0.72887576], [395, 162], [330, 148], [0.8471368], [298, 150], [227, 147], [0.64214194], [412, 213], [340, 194], [0.8637413], [290, 202], [207, 191], [0.71739787], [372, 206], [293, 199], [0.84765506], [331, 208], [251, 197], [0.6630851], [368, 296], [283, 275], [0.6529053], [332, 296], [244, 274], [0.62327117], [364, 377], [284, 356], [0.5731908], [331, 377], [241, 354], [0.29660544]]"
match keypoints image195 [[356, 57], [261, 49], [0.18763927], [361, 52], [285, 47], [0.30547574], [349, 51], [268, 42], [0.3046341], [333, 58], [257, 45], [0.63524175], [374, 111], [306, 93], [0.8674327], [315, 101], [246, 101], [0.88272333], [394, 162], [326, 147], [0.906579], [297, 150], [226, 151], [0.76079524], [412, 213], [336, 193], [0.89964646], [289, 201], [204, 194], [0.8255342], [371, 205], [292, 200], [0.9088313], [330, 207], [250, 199], [0.8390334], [368, 295], [283, 276], [0.78365093], [332, 295], [246, 277], [0.52527785], [364, 377], [284, 356], [0.6761738], [331, 376], [243, 354], [0.61934483]]"
match keypoints image196 [[355, 51], [284, 47], [0.30797908], [343, 50], [266, 42], [0.1641574], [328, 58], [256, 45], [0.25210705], [370, 110], [304, 94], [0.8400627], [310, 101], [245, 100], [0.55009574], [391, 164], [326, 147], [0.9298389], [292, 150], [225, 150], [0.45437902], [408, 211], [335, 195], [0.9425726], [283, 202], [203, 195], [0.6748893], [368, 206], [293, 198], [0.8341229], [327, 208], [250, 197], [0.5065801], [367, 294], [283, 276], [0.7846669], [330, 296], [246, 277], [0.38401154], [364, 377], [284, 357], [0.39365494], [331, 379], [243, 355], [0.25285092]]"
match keypoints image197 [[347, 55], [253, 50], [0.6621369], [352, 50], [259, 43], [0.52977246], [324, 56], [248, 46], [0.635974], [367, 109], [297, 93], [0.89128417], [305, 101], [239, 99], [0.86077416], [388, 162], [318, 146], [0.91897184], [288, 150], [220, 147], [0.9040552], [405, 209], [328, 194], [0.95745593], [278, 200], [198, 194], [0.92820203], [365, 205], [286, 198], [0.9249379], [322, 207], [245, 197], [0.9044113], [365, 294], [281, 276], [0.8247067], [326, 294], [244, 276], [0.85450923], [364, 377], [285, 357], [0.7185306], [331, 378], [242, 355], [0.5100151]]"
match keypoints image198 [[344, 53], [256, 43], [0.19180992], [322, 55], [247, 46], [0.508436], [366, 108], [295, 93], [0.90355134], [303, 100], [238, 99], [0.8482925], [386, 164], [316, 146], [0.8924266], [284, 150], [218, 147], [0.92946213], [406, 210], [325, 194], [0.94276726], [272, 202], [197, 193], [0.9129952], [364, 204], [284, 197], [0.9389585], [322, 206], [244, 196], [0.8715358], [365, 292], [281, 276], [0.51349556], [326, 294], [244, 275], [0.85561293], [367, 375], [284, 356], [0.50922406]]"
match keypoints image199 [[344, 53], [256, 43], [0.33686268], [322, 55], [246, 46], [0.3366894], [367, 108], [295, 93], [0.7718574], [303, 100], [238, 99], [0.6748649], [386, 163], [315, 146], [0.82247674], [284, 150], [218, 147], [0.78075737], [406, 210], [325, 193], [0.94664896], [272, 200], [196, 194], [0.88659793], [364, 204], [284, 197], [0.905464], [322, 205], [243, 197], [0.8630778], [365, 292], [281, 275], [0.8677063], [325, 294], [245, 275], [0.91924745], [331, 379], [243, 354], [0.5598164]]"
