data_bruh\cam1_pose\cam1_20240912_120234_0001.png [[296, 81], [299, 75], [290, 72], [266, 71], [289, 133], [245, 120], [298, 196], [238, 184], [314, 240], [222, 248], [301, 244], [268, 247], [298, 342], [266, 345], [292, 429], [266, 446]]
data_bruh\cam1_pose\cam1_20240912_120234_0002.png [[296, 81], [299, 75], [290, 72], [266, 71], [290, 133], [246, 119], [298, 195], [237, 183], [315, 240], [220, 248], [301, 245], [267, 249], [298, 344], [266, 346], [292, 429], [267, 447]]
data_bruh\cam1_pose\cam1_20240912_120235_0003.png [[295, 80], [298, 75], [289, 71], [266, 71], [289, 132], [245, 119], [298, 195], [236, 184], [316, 240], [218, 248], [302, 246], [266, 252], [299, 344], [266, 346], [292, 429], [267, 447]]
data_bruh\cam1_pose\cam1_20240912_120235_0004.png [[293, 80], [296, 74], [288, 71], [263, 70], [288, 132], [244, 119], [297, 193], [234, 185], [317, 240], [217, 249], [302, 247], [266, 253], [298, 345], [265, 348], [292, 429], [267, 447]]
data_bruh\cam1_pose\cam1_20240912_120235_0005.png [[292, 78], [295, 72], [286, 68], [261, 68], [289, 131], [241, 117], [299, 190], [232, 183], [319, 238], [215, 247], [302, 245], [263, 249], [302, 341], [264, 348], [298, 427], [267, 447]]
data_bruh\cam1_pose\cam1_20240912_120235_0006.png [[296, 78], [301, 72], [290, 69], [266, 69], [298, 132], [248, 119], [309, 192], [235, 184], [331, 239], [215, 246], [306, 243], [266, 245], [310, 340], [267, 343], [307, 431], [268, 447]]
data_bruh\cam1_pose\cam1_20240912_120235_0007.png [[301, 76], [304, 69], [292, 68], [270, 70], [307, 130], [252, 120], [319, 189], [238, 182], [342, 237], [213, 245], [310, 241], [269, 242], [309, 341], [270, 345], [306, 430], [268, 443]]
data_bruh\cam1_pose\cam1_20240912_120236_0008.png [[298, 76], [301, 69], [289, 67], [268, 70], [305, 131], [250, 121], [320, 191], [234, 183], [343, 237], [207, 246], [309, 241], [268, 243], [309, 342], [269, 349], [307, 429], [268, 446]]
data_bruh\cam1_pose\cam1_20240912_120236_0009.png [[287, 71], [292, 63], [278, 62], [259, 67], [302, 127], [240, 119], [320, 187], [223, 184], [347, 236], [198, 247], [308, 241], [262, 244], [311, 339], [267, 346], [316, 426], [269, 449]]
data_bruh\cam1_pose\cam1_20240912_120236_0010.png [[292, 73], [297, 66], [283, 66], [265, 71], [312, 129], [249, 122], [332, 189], [231, 184], [359, 239], [204, 246], [314, 242], [267, 244], [316, 338], [269, 345], [319, 430], [268, 448]]
data_bruh\cam1_pose\cam1_20240912_120236_0011.png [[290, 72], [297, 64], [281, 64], [266, 71], [316, 128], [250, 123], [337, 188], [231, 185], [363, 239], [203, 246], [314, 240], [267, 241], [316, 337], [271, 340], [319, 429], [272, 444]]
data_bruh\cam1_pose\cam1_20240912_120237_0012.png [[283, 69], [289, 62], [272, 62], [295, 67], [258, 70], [312, 126], [242, 123], [336, 187], [223, 186], [365, 238], [196, 246], [308, 239], [261, 240], [313, 336], [268, 341], [320, 427], [272, 445]]
data_bruh\cam1_pose\cam1_20240912_120237_0013.png [[285, 69], [292, 62], [275, 62], [299, 67], [261, 69], [316, 125], [245, 122], [342, 186], [227, 183], [374, 236], [199, 246], [312, 239], [263, 240], [321, 337], [268, 340], [329, 431], [271, 445]]
data_bruh\cam1_pose\cam1_20240912_120237_0014.png [[289, 70], [296, 62], [279, 63], [305, 68], [266, 70], [323, 126], [252, 123], [348, 186], [233, 182], [378, 237], [203, 245], [319, 239], [270, 241], [324, 339], [272, 342], [329, 431], [272, 445]]
data_bruh\cam1_pose\cam1_20240912_120237_0015.png [[289, 69], [296, 61], [279, 62], [306, 66], [268, 70], [327, 123], [254, 123], [351, 184], [234, 182], [382, 237], [203, 244], [321, 239], [271, 240], [324, 340], [275, 342], [329, 432], [277, 442]]
data_bruh\cam1_pose\cam1_20240912_120237_0016.png [[277, 70], [285, 62], [268, 63], [296, 66], [257, 71], [319, 123], [245, 125], [346, 183], [224, 189], [378, 236], [196, 248], [314, 237], [264, 239], [319, 338], [270, 342], [329, 432], [276, 444]]
data_bruh\cam1_pose\cam1_20240912_120238_0017.png [[275, 68], [283, 60], [266, 61], [295, 65], [257, 69], [319, 122], [244, 124], [347, 181], [225, 189], [381, 235], [197, 246], [311, 234], [262, 237], [323, 338], [268, 343], [338, 434], [276, 444]]
data_bruh\cam1_pose\cam1_20240912_120238_0018.png [[285, 69], [293, 61], [275, 63], [306, 65], [268, 69], [331, 122], [256, 125], [356, 182], [235, 188], [389, 239], [205, 244], [321, 239], [271, 240], [328, 345], [272, 345], [339, 437], [277, 443]]
data_bruh\cam1_pose\cam1_20240912_120238_0019.png [[284, 69], [292, 60], [275, 63], [308, 63], [269, 68], [334, 120], [259, 125], [360, 180], [239, 187], [392, 238], [208, 244], [323, 244], [273, 244], [328, 345], [276, 346], [339, 436], [288, 441]]
data_bruh\cam1_pose\cam1_20240912_120238_0020.png [[274, 69], [281, 61], [265, 63], [298, 64], [326, 121], [250, 126], [352, 180], [233, 189], [385, 237], [206, 246], [315, 242], [267, 242], [324, 345], [275, 350], [339, 435], [287, 441]]
