data_bruh\cam2_pose\cam2_20240912_120234_0001.png [[424, 87], [429, 80], [416, 80], [400, 83], [444, 130], [383, 131], [463, 183], [367, 186], [492, 230], [344, 239], [443, 232], [401, 234], [444, 322], [403, 326], [448, 400], [407, 407]]
data_bruh\cam2_pose\cam2_20240912_120234_0002.png [[423, 86], [429, 79], [416, 80], [400, 83], [445, 129], [383, 131], [464, 183], [367, 185], [492, 230], [344, 238], [443, 231], [400, 233], [444, 323], [403, 326], [448, 400], [407, 407]]
data_bruh\cam2_pose\cam2_20240912_120235_0003.png [[420, 86], [425, 79], [412, 80], [397, 83], [442, 129], [381, 131], [463, 183], [364, 186], [491, 229], [341, 240], [442, 233], [398, 234], [443, 323], [402, 326], [449, 401], [407, 407]]
data_bruh\cam2_pose\cam2_20240912_120235_0004.png [[416, 86], [422, 79], [409, 80], [393, 83], [440, 129], [378, 131], [461, 183], [362, 186], [490, 228], [340, 241], [440, 233], [396, 236], [443, 324], [400, 326], [449, 401], [407, 408]]
data_bruh\cam2_pose\cam2_20240912_120235_0005.png [[412, 86], [418, 78], [405, 79], [424, 79], [391, 83], [439, 128], [376, 131], [461, 180], [361, 185], [491, 226], [339, 240], [438, 230], [394, 233], [445, 320], [399, 324], [454, 399], [406, 407]]
data_bruh\cam2_pose\cam2_20240912_120235_0006.png [[418, 85], [424, 78], [410, 79], [432, 77], [398, 83], [449, 127], [385, 131], [471, 180], [367, 186], [503, 228], [343, 238], [444, 232], [400, 233], [451, 323], [402, 323], [458, 401], [406, 408]]
data_bruh\cam2_pose\cam2_20240912_120235_0007.png [[421, 82], [427, 74], [412, 76], [437, 75], [402, 81], [457, 125], [391, 129], [480, 177], [372, 183], [511, 225], [346, 237], [449, 229], [403, 230], [452, 320], [404, 320], [458, 401], [406, 405]]
data_bruh\cam2_pose\cam2_20240912_120236_0008.png [[416, 83], [422, 75], [407, 77], [433, 76], [398, 83], [454, 125], [387, 131], [478, 179], [368, 186], [509, 226], [343, 237], [447, 231], [401, 232], [451, 321], [403, 323], [458, 402], [406, 408]]
data_bruh\cam2_pose\cam2_20240912_120236_0009.png [[406, 82], [412, 74], [397, 77], [424, 76], [389, 82], [447, 124], [380, 131], [471, 177], [363, 186], [502, 227], [340, 238], [440, 233], [395, 235], [447, 319], [399, 323], [460, 402], [406, 408]]
data_bruh\cam2_pose\cam2_20240912_120236_0010.png [[410, 82], [417, 74], [403, 77], [432, 75], [397, 81], [458, 123], [390, 131], [482, 176], [373, 185], [514, 227], [347, 237], [445, 233], [401, 234], [452, 321], [401, 322], [460, 407], [406, 405]]
data_bruh\cam2_pose\cam2_20240912_120236_0011.png [[409, 81], [415, 73], [402, 76], [432, 74], [460, 122], [391, 131], [482, 176], [375, 185], [513, 228], [351, 237], [445, 234], [401, 236], [451, 319], [404, 323], [461, 406], [415, 405]]
data_bruh\cam2_pose\cam2_20240912_120237_0012.png [[400, 81], [406, 73], [393, 77], [423, 74], [452, 122], [385, 132], [476, 175], [371, 187], [508, 226], [349, 237], [438, 233], [397, 235], [446, 319], [402, 322], [461, 406], [413, 405]]
data_bruh\cam2_pose\cam2_20240912_120237_0013.png [[400, 81], [406, 72], [392, 76], [424, 73], [452, 121], [385, 131], [477, 174], [372, 186], [509, 224], [351, 237], [439, 236], [398, 236], [448, 320], [403, 323], [462, 409], [414, 405]]
data_bruh\cam2_pose\cam2_20240912_120237_0014.png [[405, 81], [412, 72], [398, 76], [430, 72], [460, 119], [394, 131], [483, 173], [379, 187], [513, 227], [356, 236], [446, 237], [403, 239], [453, 325], [405, 327], [462, 411], [415, 405]]
data_bruh\cam2_pose\cam2_20240912_120237_0015.png [[404, 81], [410, 72], [398, 76], [430, 71], [460, 117], [395, 130], [482, 172], [380, 187], [511, 226], [358, 236], [446, 237], [404, 239], [451, 326], [408, 326], [462, 411], [420, 406]]
data_bruh\cam2_pose\cam2_20240912_120237_0016.png [[395, 83], [401, 74], [389, 78], [420, 74], [451, 119], [389, 133], [474, 174], [376, 191], [503, 226], [357, 237], [437, 236], [399, 237], [446, 326], [405, 324], [461, 409], [419, 406]]
data_bruh\cam2_pose\cam2_20240912_120238_0017.png [[394, 82], [400, 74], [389, 78], [420, 73], [451, 118], [389, 132], [472, 171], [378, 189], [501, 225], [360, 236], [437, 237], [400, 239], [446, 327], [406, 326], [462, 412], [419, 407]]
data_bruh\cam2_pose\cam2_20240912_120238_0018.png [[397, 82], [403, 73], [392, 78], [424, 72], [454, 117], [394, 131], [475, 173], [382, 188], [503, 228], [363, 235], [439, 238], [403, 238], [447, 328], [407, 326], [463, 413], [419, 407]]
data_bruh\cam2_pose\cam2_20240912_120238_0019.png [[398, 82], [404, 73], [394, 78], [426, 70], [457, 113], [401, 129], [474, 170], [389, 188], [499, 228], [370, 234], [442, 242], [406, 240], [447, 326], [413, 324], [463, 416], [426, 407]]
data_bruh\cam2_pose\cam2_20240912_120238_0020.png [[391, 84], [396, 75], [387, 79], [418, 72], [448, 115], [396, 131], [464, 173], [387, 189], [486, 227], [371, 235], [434, 243], [402, 243], [441, 324], [409, 323], [463, 414], [426, 407]]
