data_balcony2\cam1_pose\cam1_20241215_151241_0000.png [[386, 79], [394, 71], [383, 74], [413, 74], [439, 120], [377, 128], [488, 155], [350, 167], [537, 177], [317, 198], [420, 243], [380, 238], [429, 327], [379, 324], [431, 409], [378, 401]]
data_balcony2\cam1_pose\cam1_20241215_151241_0001.png [[387, 78], [395, 71], [383, 74], [414, 74], [440, 120], [376, 129], [489, 156], [350, 167], [537, 176], [318, 199], [421, 243], [380, 240], [430, 327], [379, 325], [431, 409], [378, 401]]
data_balcony2\cam1_pose\cam1_20241215_151241_0002.png [[388, 78], [395, 71], [383, 74], [414, 74], [440, 120], [378, 128], [490, 156], [351, 168], [538, 176], [318, 199], [422, 245], [380, 241], [430, 327], [379, 324], [431, 409], [378, 401]]
data_balcony2\cam1_pose\cam1_20241215_151241_0003.png [[389, 78], [396, 69], [385, 74], [416, 73], [442, 119], [379, 127], [490, 153], [353, 166], [541, 175], [319, 198], [424, 241], [381, 237], [431, 326], [380, 324], [431, 409], [378, 401]]
data_balcony2\cam1_pose\cam1_20241215_151241_0004.png [[390, 78], [397, 69], [386, 73], [417, 72], [443, 119], [380, 127], [494, 154], [353, 166], [542, 175], [319, 198], [425, 242], [382, 238], [431, 326], [380, 324], [432, 409], [378, 401]]
data_balcony2\cam1_pose\cam1_20241215_151241_0005.png [[392, 77], [399, 68], [388, 71], [419, 71], [446, 119], [382, 125], [495, 152], [354, 164], [545, 174], [320, 195], [425, 243], [381, 239], [432, 327], [379, 324], [431, 410], [377, 401]]
data_balcony2\cam1_pose\cam1_20241215_151241_0006.png [[392, 76], [400, 68], [389, 71], [419, 71], [446, 118], [381, 125], [495, 152], [353, 164], [544, 173], [319, 195], [424, 241], [381, 236], [432, 327], [379, 324], [431, 410], [375, 400]]
data_balcony2\cam1_pose\cam1_20241215_151242_0007.png [[390, 76], [398, 68], [386, 71], [416, 71], [446, 119], [377, 126], [495, 151], [349, 165], [546, 168], [313, 196], [424, 246], [378, 242], [430, 328], [376, 326], [431, 410], [370, 402]]
data_balcony2\cam1_pose\cam1_20241215_151242_0008.png [[388, 77], [395, 69], [384, 72], [414, 73], [441, 120], [374, 128], [493, 151], [346, 166], [543, 166], [312, 196], [422, 247], [376, 243], [428, 330], [375, 328], [431, 410], [370, 403]]
data_balcony2\cam1_pose\cam1_20241215_151242_0009.png [[384, 79], [392, 71], [379, 73], [408, 75], [436, 122], [368, 129], [487, 150], [340, 167], [538, 164], [307, 199], [418, 246], [372, 243], [425, 330], [373, 328], [431, 409], [370, 404]]
data_balcony2\cam1_pose\cam1_20241215_151242_0010.png [[379, 79], [387, 72], [374, 73], [404, 76], [432, 122], [364, 129], [485, 151], [335, 168], [534, 162], [299, 199], [416, 245], [370, 243], [424, 326], [371, 328], [431, 408], [370, 403]]
data_balcony2\cam1_pose\cam1_20241215_151242_0011.png [[379, 79], [388, 72], [374, 74], [404, 76], [433, 122], [364, 128], [485, 151], [335, 167], [534, 162], [300, 197], [416, 245], [369, 243], [424, 326], [371, 326], [432, 410], [370, 403]]
data_balcony2\cam1_pose\cam1_20241215_151242_0012.png [[384, 79], [392, 72], [379, 73], [407, 75], [437, 123], [365, 128], [487, 153], [332, 168], [540, 163], [293, 197], [419, 246], [371, 244], [424, 326], [372, 325], [431, 408], [370, 403]]
data_balcony2\cam1_pose\cam1_20241215_151242_0013.png [[386, 79], [394, 72], [380, 73], [409, 75], [438, 124], [367, 128], [490, 152], [333, 168], [543, 164], [292, 197], [419, 248], [371, 243], [424, 326], [372, 326], [431, 408], [370, 403]]
data_balcony2\cam1_pose\cam1_20241215_151242_0014.png [[396, 77], [404, 71], [391, 71], [419, 74], [446, 124], [372, 127], [499, 155], [336, 165], [555, 167], [295, 190], [423, 246], [376, 239], [425, 329], [374, 325], [431, 408], [370, 403]]
data_balcony2\cam1_pose\cam1_20241215_151242_0015.png [[401, 75], [409, 69], [396, 68], [423, 74], [389, 74], [452, 125], [373, 125], [503, 156], [334, 162], [553, 168], [292, 186], [426, 245], [376, 239], [428, 327], [373, 326], [431, 410], [366, 401]]
data_balcony2\cam1_pose\cam1_20241215_151242_0016.png [[399, 75], [406, 69], [394, 69], [420, 74], [386, 74], [447, 125], [369, 126], [500, 157], [328, 162], [551, 168], [288, 185], [422, 246], [374, 241], [428, 329], [371, 325], [431, 410], [364, 402]]
data_balcony2\cam1_pose\cam1_20241215_151242_0017.png [[397, 76], [405, 70], [392, 69], [418, 74], [385, 74], [445, 125], [368, 126], [499, 156], [328, 162], [547, 168], [286, 186], [421, 244], [372, 240], [427, 329], [371, 325], [431, 410], [364, 403]]
data_balcony2\cam1_pose\cam1_20241215_151243_0018.png [[390, 78], [397, 72], [384, 71], [408, 77], [376, 78], [436, 126], [358, 129], [490, 155], [318, 164], [539, 167], [277, 187], [417, 246], [368, 245], [423, 328], [368, 327], [431, 408], [364, 404]]
data_balcony2\cam1_pose\cam1_20241215_151243_0019.png [[388, 78], [395, 72], [382, 71], [406, 77], [374, 78], [434, 126], [356, 128], [487, 155], [316, 164], [538, 167], [274, 188], [416, 245], [368, 244], [422, 328], [367, 327], [431, 408], [364, 404]]
data_balcony2\cam1_pose\cam1_20241215_151243_0020.png [[386, 78], [392, 72], [380, 71], [404, 77], [371, 77], [431, 126], [352, 128], [488, 155], [312, 164], [537, 165], [268, 188], [416, 242], [368, 243], [419, 326], [367, 327], [429, 405], [364, 403]]
data_balcony2\cam1_pose\cam1_20241215_151243_0021.png [[391, 78], [397, 72], [384, 71], [407, 77], [374, 78], [433, 127], [355, 128], [488, 156], [314, 164], [539, 166], [270, 187], [417, 246], [369, 245], [419, 327], [368, 327], [427, 407], [364, 404]]
data_balcony2\cam1_pose\cam1_20241215_151243_0022.png [[392, 78], [398, 72], [386, 71], [409, 77], [376, 78], [436, 127], [358, 128], [490, 157], [315, 164], [540, 167], [269, 187], [418, 246], [370, 246], [420, 327], [369, 328], [427, 407], [364, 404]]
data_balcony2\cam1_pose\cam1_20241215_151243_0023.png [[401, 77], [407, 71], [394, 71], [418, 76], [385, 77], [443, 128], [364, 126], [497, 159], [321, 161], [547, 170], [274, 184], [422, 245], [375, 241], [423, 327], [372, 323], [428, 408], [364, 402]]
data_balcony2\cam1_pose\cam1_20241215_151243_0024.png [[404, 76], [411, 70], [398, 69], [421, 76], [387, 75], [446, 127], [366, 125], [500, 161], [322, 159], [549, 172], [274, 180], [424, 248], [375, 244], [425, 327], [370, 326], [428, 408], [362, 400]]
data_balcony2\cam1_pose\cam1_20241215_151243_0025.png [[401, 77], [408, 71], [395, 70], [418, 76], [385, 76], [442, 128], [363, 125], [496, 159], [320, 158], [545, 171], [273, 179], [422, 244], [374, 240], [424, 327], [369, 326], [428, 408], [361, 403]]
data_balcony2\cam1_pose\cam1_20241215_151243_0026.png [[395, 78], [401, 73], [388, 72], [410, 77], [377, 77], [435, 129], [355, 127], [488, 160], [311, 160], [538, 170], [266, 182], [418, 248], [370, 247], [421, 325], [367, 324], [428, 407], [361, 404]]
data_balcony2\cam1_pose\cam1_20241215_151244_0027.png [[393, 79], [399, 73], [386, 72], [408, 77], [374, 77], [432, 129], [353, 127], [486, 161], [311, 161], [536, 170], [265, 182], [417, 246], [369, 245], [419, 325], [366, 323], [428, 407], [361, 404]]
data_balcony2\cam1_pose\cam1_20241215_151244_0028.png [[388, 78], [394, 72], [381, 71], [403, 77], [369, 78], [428, 128], [348, 127], [480, 158], [306, 161], [530, 168], [257, 182], [414, 248], [367, 247], [417, 326], [364, 327], [427, 406], [361, 404]]
data_balcony2\cam1_pose\cam1_20241215_151244_0029.png [[389, 78], [395, 72], [382, 71], [404, 77], [370, 78], [428, 128], [349, 128], [481, 158], [306, 160], [533, 166], [257, 179], [415, 245], [368, 245], [416, 326], [365, 325], [425, 406], [361, 404]]
data_balcony2\cam1_pose\cam1_20241215_151244_0030.png [[395, 78], [401, 72], [388, 71], [410, 77], [376, 78], [434, 128], [355, 127], [487, 160], [311, 159], [538, 166], [262, 177], [418, 242], [371, 240], [418, 326], [367, 322], [425, 407], [361, 404]]
data_balcony2\cam1_pose\cam1_20241215_151244_0031.png [[397, 78], [403, 72], [390, 71], [411, 77], [378, 77], [435, 128], [355, 128], [487, 159], [311, 159], [541, 166], [263, 176], [419, 242], [372, 241], [418, 327], [368, 323], [425, 407], [361, 404]]
data_balcony2\cam1_pose\cam1_20241215_151244_0032.png [[402, 77], [408, 71], [395, 69], [416, 77], [382, 76], [436, 127], [358, 127], [490, 159], [314, 158], [543, 164], [267, 174], [421, 241], [374, 240], [421, 325], [369, 323], [425, 407], [362, 402]]
data_balcony2\cam1_pose\cam1_20241215_151244_0033.png [[401, 77], [407, 72], [394, 70], [414, 78], [381, 77], [436, 128], [357, 128], [492, 158], [311, 158], [545, 161], [263, 171], [420, 244], [374, 243], [421, 327], [369, 324], [425, 407], [362, 404]]
data_balcony2\cam1_pose\cam1_20241215_151244_0034.png [[400, 78], [406, 72], [394, 70], [413, 78], [380, 77], [433, 128], [356, 128], [490, 159], [311, 158], [543, 160], [261, 170], [420, 240], [373, 240], [420, 327], [368, 323], [425, 407], [362, 404]]
data_balcony2\cam1_pose\cam1_20241215_151244_0035.png [[397, 78], [403, 72], [391, 71], [410, 78], [377, 77], [431, 129], [352, 128], [488, 159], [308, 156], [542, 158], [256, 166], [417, 237], [371, 236], [418, 325], [368, 323], [425, 407], [362, 404]]
data_balcony2\cam1_pose\cam1_20241215_151244_0036.png [[395, 78], [400, 72], [388, 70], [407, 78], [374, 77], [427, 128], [349, 127], [483, 158], [304, 156], [535, 156], [252, 162], [415, 240], [368, 239], [417, 325], [365, 323], [425, 407], [362, 404]]
data_balcony2\cam1_pose\cam1_20241215_151245_0037.png [[394, 78], [400, 72], [387, 71], [407, 78], [373, 77], [428, 129], [349, 128], [483, 158], [303, 157], [535, 155], [252, 162], [413, 242], [368, 241], [416, 326], [365, 323], [425, 407], [362, 404]]
data_balcony2\cam1_pose\cam1_20241215_151245_0038.png [[392, 78], [398, 72], [385, 71], [404, 78], [371, 77], [424, 129], [346, 127], [478, 157], [300, 157], [530, 150], [248, 158], [412, 242], [365, 242], [414, 324], [362, 324], [425, 407], [362, 404]]
data_balcony2\cam1_pose\cam1_20241215_151245_0039.png [[391, 77], [397, 72], [385, 70], [404, 77], [371, 77], [423, 128], [346, 127], [476, 157], [301, 157], [529, 150], [248, 156], [412, 243], [365, 243], [414, 325], [362, 326], [425, 407], [362, 404]]
data_balcony2\cam1_pose\cam1_20241215_151245_0040.png [[393, 77], [399, 71], [386, 69], [405, 78], [372, 76], [424, 129], [347, 125], [478, 156], [301, 155], [529, 147], [250, 150], [412, 242], [367, 244], [415, 324], [365, 325], [423, 404], [362, 404]]
data_balcony2\cam1_pose\cam1_20241215_151245_0041.png [[394, 77], [400, 71], [387, 69], [406, 78], [373, 76], [425, 129], [349, 126], [477, 157], [302, 155], [530, 146], [251, 149], [414, 243], [368, 244], [415, 323], [366, 323], [422, 405], [362, 404]]
data_balcony2\cam1_pose\cam1_20241215_151245_0042.png [[400, 78], [406, 72], [394, 71], [412, 78], [379, 77], [430, 130], [353, 127], [482, 158], [307, 154], [534, 147], [259, 146], [418, 240], [372, 241], [417, 326], [368, 323], [422, 405], [362, 404]]
data_balcony2\cam1_pose\cam1_20241215_151245_0043.png [[406, 78], [412, 72], [399, 71], [416, 78], [384, 77], [433, 130], [358, 127], [487, 159], [313, 153], [539, 144], [263, 144], [421, 242], [376, 243], [421, 326], [371, 322], [422, 406], [362, 403]]
data_balcony2\cam1_pose\cam1_20241215_151245_0044.png [[408, 78], [413, 72], [401, 71], [419, 78], [386, 77], [434, 129], [360, 126], [486, 158], [314, 153], [539, 142], [265, 141], [422, 240], [378, 241], [422, 326], [372, 321], [422, 407], [364, 402]]
data_balcony2\cam1_pose\cam1_20241215_151245_0045.png [[409, 78], [414, 72], [402, 71], [419, 77], [386, 77], [435, 129], [360, 126], [487, 156], [314, 152], [539, 141], [266, 141], [423, 238], [378, 239], [422, 325], [373, 320], [422, 407], [364, 401]]
data_balcony2\cam1_pose\cam1_20241215_151245_0046.png [[408, 77], [413, 72], [401, 70], [418, 78], [385, 77], [434, 130], [359, 126], [488, 155], [313, 150], [536, 138], [268, 136], [422, 240], [378, 240], [421, 326], [372, 321], [422, 407], [365, 401]]
data_balcony2\cam1_pose\cam1_20241215_151245_0047.png [[405, 78], [410, 73], [398, 70], [382, 76], [431, 130], [356, 125], [483, 155], [310, 152], [533, 135], [267, 132], [419, 239], [374, 240], [420, 323], [371, 319], [422, 405], [365, 402]]
data_balcony2\cam1_pose\cam1_20241215_151246_0048.png [[403, 78], [409, 72], [397, 70], [381, 77], [430, 130], [355, 126], [482, 155], [308, 151], [529, 135], [266, 131], [418, 240], [373, 241], [419, 324], [370, 321], [422, 406], [365, 403]]
data_balcony2\cam1_pose\cam1_20241215_151246_0049.png [[402, 77], [407, 72], [395, 70], [379, 77], [428, 130], [353, 126], [481, 154], [308, 151], [529, 132], [266, 129], [417, 239], [372, 239], [419, 323], [368, 321], [422, 405], [365, 402]]
data_balcony2\cam1_pose\cam1_20241215_151246_0050.png [[399, 76], [405, 71], [392, 68], [376, 75], [422, 129], [350, 123], [475, 152], [303, 148], [521, 126], [266, 122], [414, 238], [370, 239], [417, 321], [368, 321], [421, 403], [364, 403]]
data_balcony2\cam1_pose\cam1_20241215_151246_0051.png [[400, 76], [406, 71], [392, 68], [376, 75], [424, 129], [350, 123], [474, 152], [305, 147], [521, 122], [268, 118], [415, 240], [372, 242], [417, 324], [369, 321], [420, 402], [365, 403]]
data_balcony2\cam1_pose\cam1_20241215_151246_0052.png [[401, 76], [406, 71], [394, 69], [377, 76], [425, 129], [351, 124], [473, 152], [304, 146], [522, 121], [268, 116], [415, 241], [373, 243], [417, 325], [369, 323], [419, 402], [364, 403]]
data_balcony2\cam1_pose\cam1_20241215_151246_0053.png [[402, 77], [407, 72], [395, 69], [378, 76], [425, 129], [352, 123], [473, 152], [307, 147], [521, 121], [270, 115], [416, 243], [373, 244], [417, 326], [369, 323], [419, 403], [364, 403]]
data_balcony2\cam1_pose\cam1_20241215_151246_0054.png [[408, 77], [413, 72], [400, 70], [384, 78], [431, 129], [359, 125], [478, 152], [312, 144], [523, 113], [280, 108], [421, 240], [378, 239], [421, 323], [374, 320], [420, 404], [365, 402]]
data_balcony2\cam1_pose\cam1_20241215_151246_0055.png [[409, 77], [414, 71], [401, 69], [385, 77], [432, 129], [360, 124], [478, 151], [313, 143], [522, 112], [283, 110], [422, 240], [379, 240], [421, 324], [374, 320], [421, 405], [366, 402]]
data_balcony2\cam1_pose\cam1_20241215_151246_0056.png [[409, 75], [414, 70], [401, 68], [385, 77], [431, 129], [359, 124], [475, 151], [310, 143], [512, 107], [289, 102], [420, 240], [377, 240], [421, 324], [374, 321], [420, 404], [368, 404]]
data_balcony2\cam1_pose\cam1_20241215_151246_0057.png [[408, 75], [413, 70], [400, 68], [384, 76], [430, 128], [358, 123], [473, 152], [310, 143], [509, 107], [290, 101], [420, 240], [377, 241], [420, 323], [374, 321], [420, 405], [367, 404]]
data_balcony2\cam1_pose\cam1_20241215_151246_0058.png [[401, 74], [406, 68], [393, 66], [376, 75], [421, 128], [349, 122], [463, 153], [304, 140], [495, 103], [295, 94], [412, 239], [369, 240], [415, 322], [368, 323], [419, 402], [367, 404]]
data_balcony2\cam1_pose\cam1_20241215_151247_0059.png [[401, 74], [406, 68], [393, 66], [376, 75], [421, 129], [348, 122], [462, 153], [302, 137], [494, 108], [294, 90], [412, 243], [370, 243], [415, 326], [368, 327], [418, 402], [367, 404]]
data_balcony2\cam1_pose\cam1_20241215_151247_0060.png [[402, 74], [407, 69], [394, 66], [377, 75], [421, 129], [349, 122], [463, 154], [302, 136], [496, 109], [292, 91], [412, 243], [370, 243], [416, 324], [368, 327], [418, 402], [367, 405]]
data_balcony2\cam1_pose\cam1_20241215_151247_0061.png [[406, 75], [411, 70], [398, 67], [382, 75], [425, 131], [355, 122], [466, 158], [310, 140], [508, 114], [290, 98], [414, 245], [373, 244], [417, 324], [370, 323], [419, 402], [367, 404]]
data_balcony2\cam1_pose\cam1_20241215_151247_0062.png [[412, 76], [417, 71], [404, 68], [387, 76], [431, 131], [360, 123], [472, 159], [317, 144], [516, 120], [293, 104], [419, 243], [378, 241], [420, 325], [375, 322], [419, 404], [368, 405]]
data_balcony2\cam1_pose\cam1_20241215_151247_0063.png [[415, 76], [420, 71], [407, 68], [390, 76], [433, 130], [363, 123], [476, 159], [320, 146], [525, 123], [293, 113], [421, 244], [380, 242], [422, 327], [377, 324], [419, 404], [373, 404]]
data_balcony2\cam1_pose\cam1_20241215_151247_0064.png [[414, 77], [418, 72], [406, 69], [389, 77], [432, 131], [362, 123], [475, 161], [320, 150], [523, 132], [289, 117], [420, 243], [380, 242], [422, 326], [379, 323], [419, 403], [376, 403]]
data_balcony2\cam1_pose\cam1_20241215_151247_0065.png [[411, 76], [416, 71], [403, 69], [386, 77], [429, 131], [359, 123], [473, 162], [319, 153], [526, 138], [287, 128], [418, 242], [377, 242], [420, 326], [376, 322], [419, 402], [376, 403]]
data_balcony2\cam1_pose\cam1_20241215_151247_0066.png [[410, 75], [415, 71], [402, 68], [386, 76], [428, 131], [358, 123], [473, 164], [320, 154], [524, 147], [285, 135], [417, 243], [376, 243], [419, 325], [376, 322], [420, 402], [376, 403]]
data_balcony2\cam1_pose\cam1_20241215_151248_0067.png [[413, 77], [418, 72], [404, 69], [388, 77], [430, 132], [361, 124], [472, 167], [324, 156], [527, 158], [286, 144], [419, 245], [379, 244], [422, 326], [377, 325], [422, 402], [376, 403]]
data_balcony2\cam1_pose\cam1_20241215_151248_0068.png [[414, 77], [419, 72], [406, 70], [389, 78], [431, 132], [362, 124], [473, 168], [327, 156], [527, 160], [288, 147], [421, 245], [380, 243], [424, 327], [377, 327], [422, 402], [376, 403]]
data_balcony2\cam1_pose\cam1_20241215_151248_0069.png [[418, 78], [423, 73], [410, 71], [394, 79], [437, 131], [370, 126], [477, 171], [335, 160], [530, 170], [293, 159], [427, 241], [387, 241], [426, 324], [382, 321], [423, 404], [375, 403]]
data_balcony2\cam1_pose\cam1_20241215_151248_0070.png [[416, 79], [421, 73], [408, 71], [393, 79], [437, 131], [370, 126], [477, 171], [334, 159], [530, 174], [290, 165], [427, 237], [386, 237], [426, 324], [382, 319], [422, 404], [374, 402]]
data_balcony2\cam1_pose\cam1_20241215_151248_0071.png [[415, 79], [420, 73], [407, 72], [425, 78], [393, 79], [437, 131], [368, 127], [476, 172], [332, 159], [529, 176], [289, 166], [426, 239], [386, 239], [426, 326], [382, 321], [423, 404], [373, 404]]
data_balcony2\cam1_pose\cam1_20241215_151248_0072.png [[409, 80], [415, 74], [401, 73], [420, 79], [388, 78], [433, 131], [364, 126], [474, 174], [327, 161], [529, 179], [283, 169], [423, 239], [381, 239], [425, 323], [378, 323], [422, 402], [373, 404]]
data_balcony2\cam1_pose\cam1_20241215_151248_0073.png [[408, 80], [413, 74], [400, 72], [419, 79], [387, 79], [432, 131], [364, 126], [474, 174], [326, 160], [525, 179], [282, 170], [422, 236], [380, 236], [424, 321], [377, 320], [422, 402], [373, 403]]
data_balcony2\cam1_pose\cam1_20241215_151248_0074.png [[405, 78], [410, 72], [398, 71], [418, 79], [385, 77], [430, 130], [361, 126], [471, 173], [323, 161], [523, 181], [280, 174], [420, 241], [379, 242], [422, 326], [376, 322], [424, 402], [372, 404]]
data_balcony2\cam1_pose\cam1_20241215_151248_0075.png [[406, 78], [412, 72], [399, 71], [419, 79], [386, 78], [433, 130], [363, 126], [474, 173], [328, 162], [528, 185], [283, 177], [422, 243], [379, 244], [425, 324], [377, 323], [427, 405], [373, 404]]
data_balcony2\cam1_pose\cam1_20241215_151249_0076.png [[407, 79], [413, 73], [400, 71], [421, 80], [388, 78], [435, 131], [365, 126], [475, 173], [328, 163], [530, 186], [285, 178], [424, 243], [380, 243], [425, 324], [377, 322], [427, 405], [372, 404]]
data_balcony2\cam1_pose\cam1_20241215_151249_0077.png [[410, 79], [416, 73], [403, 72], [425, 79], [392, 79], [440, 131], [369, 128], [483, 174], [334, 165], [539, 189], [289, 183], [427, 244], [383, 243], [428, 323], [379, 321], [428, 406], [372, 402]]
data_balcony2\cam1_pose\cam1_20241215_151249_0078.png [[410, 79], [416, 73], [403, 72], [425, 78], [392, 78], [441, 129], [370, 128], [483, 173], [332, 169], [539, 189], [288, 187], [430, 241], [385, 240], [429, 321], [380, 317], [428, 405], [370, 402]]
data_balcony2\cam1_pose\cam1_20241215_151249_0079.png [[409, 79], [415, 73], [402, 72], [424, 78], [391, 79], [441, 129], [370, 129], [482, 173], [335, 167], [536, 189], [289, 188], [430, 243], [385, 242], [428, 323], [380, 320], [428, 406], [370, 402]]
data_balcony2\cam1_pose\cam1_20241215_151249_0080.png [[404, 80], [410, 74], [397, 72], [420, 79], [387, 80], [437, 130], [366, 129], [479, 174], [331, 170], [534, 192], [283, 192], [427, 244], [382, 243], [427, 323], [379, 321], [427, 406], [369, 404]]
data_balcony2\cam1_pose\cam1_20241215_151249_0081.png [[403, 80], [409, 74], [395, 73], [419, 79], [386, 80], [436, 130], [365, 129], [478, 174], [329, 171], [534, 193], [280, 192], [425, 247], [381, 247], [426, 323], [379, 322], [427, 406], [369, 405]]
data_balcony2\cam1_pose\cam1_20241215_151249_0082.png [[398, 78], [404, 73], [391, 72], [414, 78], [381, 79], [431, 129], [360, 128], [473, 176], [324, 169], [529, 194], [275, 193], [421, 245], [375, 245], [422, 326], [374, 323], [427, 405], [368, 405]]
data_balcony2\cam1_pose\cam1_20241215_151249_0083.png [[397, 78], [403, 72], [391, 71], [413, 77], [380, 78], [430, 128], [359, 127], [470, 174], [322, 170], [525, 196], [275, 193], [419, 246], [375, 247], [421, 324], [374, 323], [427, 404], [368, 405]]
data_balcony2\cam1_pose\cam1_20241215_151249_0084.png [[397, 78], [404, 72], [391, 71], [414, 77], [380, 78], [431, 129], [360, 127], [473, 177], [322, 170], [526, 196], [275, 194], [420, 246], [375, 246], [421, 324], [374, 323], [427, 405], [368, 405]]
data_balcony2\cam1_pose\cam1_20241215_151249_0085.png [[401, 78], [408, 72], [395, 72], [418, 78], [385, 79], [436, 129], [365, 128], [477, 176], [328, 171], [531, 198], [279, 197], [424, 245], [378, 245], [424, 326], [376, 323], [427, 406], [368, 405]]
data_balcony2\cam1_pose\cam1_20241215_151249_0086.png [[402, 78], [409, 72], [396, 71], [419, 78], [386, 79], [437, 129], [367, 128], [478, 176], [331, 170], [533, 200], [282, 197], [425, 246], [379, 246], [424, 326], [376, 323], [427, 406], [369, 405]]
data_balcony2\cam1_pose\cam1_20241215_151250_0087.png [[407, 78], [413, 72], [401, 71], [425, 77], [391, 78], [444, 129], [372, 128], [485, 176], [337, 171], [539, 201], [289, 198], [431, 245], [383, 245], [427, 326], [379, 322], [428, 406], [370, 404]]
data_balcony2\cam1_pose\cam1_20241215_151250_0088.png [[407, 77], [414, 71], [401, 71], [425, 76], [392, 78], [445, 127], [373, 127], [487, 175], [336, 172], [539, 200], [290, 198], [430, 246], [382, 244], [426, 326], [380, 322], [428, 406], [373, 404]]
data_balcony2\cam1_pose\cam1_20241215_151250_0089.png [[407, 77], [413, 71], [400, 71], [425, 75], [391, 78], [444, 127], [373, 127], [485, 174], [338, 170], [539, 200], [290, 198], [430, 247], [382, 245], [426, 326], [380, 323], [428, 406], [374, 404]]
data_balcony2\cam1_pose\cam1_20241215_151250_0090.png [[403, 78], [409, 71], [396, 71], [421, 77], [388, 79], [441, 129], [370, 128], [484, 175], [334, 171], [535, 200], [287, 198], [427, 246], [381, 245], [425, 326], [381, 324], [428, 406], [374, 405]]
data_balcony2\cam1_pose\cam1_20241215_151250_0091.png [[401, 78], [407, 71], [394, 71], [419, 77], [386, 80], [439, 128], [368, 128], [480, 174], [332, 173], [533, 200], [285, 199], [426, 247], [380, 245], [425, 326], [381, 324], [428, 406], [374, 405]]
data_balcony2\cam1_pose\cam1_20241215_151250_0092.png [[395, 78], [402, 71], [389, 72], [415, 76], [381, 79], [434, 128], [364, 128], [475, 174], [330, 173], [528, 199], [281, 202], [422, 242], [374, 241], [424, 324], [377, 323], [428, 404], [374, 405]]
data_balcony2\cam1_pose\cam1_20241215_151250_0093.png [[394, 77], [401, 71], [388, 71], [414, 75], [380, 78], [433, 127], [363, 128], [475, 174], [330, 173], [525, 200], [283, 203], [422, 245], [375, 244], [424, 323], [377, 325], [430, 404], [374, 405]]
data_balcony2\cam1_pose\cam1_20241215_151250_0094.png [[394, 77], [401, 71], [388, 71], [414, 75], [380, 78], [434, 127], [364, 128], [475, 174], [329, 174], [526, 201], [281, 204], [422, 244], [375, 243], [424, 324], [377, 326], [431, 405], [374, 405]]
data_balcony2\cam1_pose\cam1_20241215_151250_0095.png [[397, 78], [404, 72], [391, 71], [417, 75], [384, 77], [437, 127], [368, 128], [480, 175], [334, 176], [529, 203], [287, 204], [425, 248], [377, 246], [425, 327], [377, 327], [431, 407], [374, 405]]
data_balcony2\cam1_pose\cam1_20241215_151250_0096.png [[398, 78], [404, 72], [392, 71], [418, 75], [385, 77], [440, 127], [370, 128], [481, 176], [336, 176], [531, 204], [290, 205], [427, 243], [378, 242], [427, 327], [378, 326], [432, 408], [374, 405]]
data_balcony2\cam1_pose\cam1_20241215_151251_0097.png [[402, 77], [409, 71], [396, 71], [424, 74], [390, 77], [445, 127], [376, 128], [488, 176], [343, 177], [538, 204], [294, 208], [432, 245], [383, 244], [430, 328], [381, 327], [432, 408], [374, 405]]
data_balcony2\cam1_pose\cam1_20241215_151251_0098.png [[403, 78], [410, 71], [397, 71], [424, 74], [391, 76], [446, 126], [376, 128], [490, 175], [344, 176], [539, 204], [297, 208], [433, 245], [384, 244], [431, 328], [382, 327], [432, 408], [374, 405]]
data_balcony2\cam1_pose\cam1_20241215_151251_0099.png [[405, 77], [412, 69], [399, 71], [427, 73], [393, 76], [449, 125], [379, 127], [493, 175], [347, 176], [540, 205], [301, 208], [434, 244], [386, 241], [432, 326], [383, 325], [432, 408], [375, 402]]
data_balcony2\cam1_pose\cam1_20241215_151251_0100.png [[406, 76], [412, 69], [399, 70], [427, 72], [393, 75], [449, 125], [379, 127], [493, 174], [347, 176], [540, 206], [302, 208], [435, 245], [386, 242], [432, 325], [383, 323], [432, 408], [375, 402]]
data_balcony2\cam1_pose\cam1_20241215_151251_0101.png [[402, 77], [409, 69], [397, 71], [424, 73], [391, 75], [447, 124], [377, 128], [490, 174], [346, 177], [536, 207], [301, 209], [433, 245], [385, 241], [431, 328], [382, 326], [432, 408], [377, 403]]
data_balcony2\cam1_pose\cam1_20241215_151251_0102.png [[398, 78], [406, 71], [392, 72], [421, 75], [442, 125], [374, 129], [484, 175], [343, 177], [531, 207], [299, 210], [430, 243], [381, 241], [428, 327], [382, 327], [432, 408], [377, 405]]
data_balcony2\cam1_pose\cam1_20241215_151251_0103.png [[397, 78], [404, 71], [391, 72], [419, 75], [441, 126], [373, 129], [482, 176], [341, 178], [529, 207], [298, 210], [428, 244], [379, 242], [427, 329], [382, 327], [432, 408], [377, 405]]
data_balcony2\cam1_pose\cam1_20241215_151251_0104.png [[395, 79], [402, 72], [389, 72], [417, 75], [440, 127], [371, 129], [482, 176], [340, 177], [527, 206], [297, 210], [427, 244], [378, 241], [426, 329], [380, 327], [431, 408], [377, 405]]
data_balcony2\cam1_pose\cam1_20241215_151251_0105.png [[388, 79], [395, 72], [382, 73], [410, 75], [433, 126], [365, 129], [474, 176], [335, 177], [521, 206], [293, 209], [420, 244], [372, 243], [423, 325], [376, 326], [431, 406], [376, 405]]
data_balcony2\cam1_pose\cam1_20241215_151251_0106.png [[387, 79], [394, 72], [380, 74], [409, 76], [433, 126], [364, 129], [474, 176], [335, 177], [519, 206], [294, 209], [420, 245], [372, 244], [423, 325], [375, 327], [430, 406], [376, 405]]
data_balcony2\cam1_pose\cam1_20241215_151251_0107.png [[387, 78], [394, 71], [381, 73], [410, 75], [432, 125], [366, 129], [471, 176], [338, 178], [515, 212], [302, 211], [421, 243], [373, 243], [424, 326], [377, 327], [428, 407], [377, 405]]
data_balcony2\cam1_pose\cam1_20241215_151252_0108.png [[388, 78], [394, 71], [382, 72], [411, 75], [433, 125], [367, 129], [472, 177], [340, 178], [514, 212], [305, 210], [421, 246], [374, 245], [424, 327], [377, 329], [428, 408], [377, 405]]
data_balcony2\cam1_pose\cam1_20241215_151252_0109.png [[391, 78], [398, 71], [386, 74], [416, 74], [439, 123], [373, 129], [476, 180], [348, 182], [511, 216], [310, 215], [428, 245], [380, 243], [428, 327], [379, 327], [429, 407], [376, 404]]
data_balcony2\cam1_pose\cam1_20241215_151252_0110.png [[392, 78], [399, 70], [388, 73], [418, 73], [441, 122], [376, 129], [476, 178], [351, 182], [512, 216], [313, 216], [430, 243], [382, 240], [430, 327], [380, 327], [429, 408], [376, 402]]
data_balcony2\cam1_pose\cam1_20241215_151252_0111.png [[392, 78], [399, 69], [388, 72], [418, 73], [441, 121], [376, 129], [476, 177], [352, 181], [511, 215], [314, 216], [431, 244], [382, 240], [430, 327], [380, 326], [429, 408], [377, 402]]
data_balcony2\cam1_pose\cam1_20241215_151252_0112.png [[391, 78], [398, 70], [387, 73], [417, 73], [441, 121], [376, 129], [475, 176], [353, 181], [509, 215], [315, 218], [429, 242], [382, 239], [429, 326], [380, 326], [429, 408], [380, 401]]
data_balcony2\cam1_pose\cam1_20241215_151252_0113.png [[389, 79], [396, 71], [385, 74], [415, 73], [438, 122], [376, 129], [473, 176], [352, 183], [505, 215], [316, 219], [428, 242], [381, 239], [428, 327], [380, 328], [429, 408], [380, 402]]
data_balcony2\cam1_pose\cam1_20241215_151252_0114.png [[385, 80], [392, 72], [380, 77], [411, 74], [434, 122], [372, 131], [468, 179], [351, 183], [497, 216], [318, 223], [424, 245], [377, 242], [425, 329], [379, 327], [428, 408], [380, 403]]
data_balcony2\cam1_pose\cam1_20241215_151252_0115.png [[384, 81], [391, 73], [379, 76], [410, 75], [433, 122], [371, 131], [466, 179], [350, 185], [496, 218], [318, 223], [421, 242], [377, 240], [424, 327], [378, 326], [428, 408], [380, 404]]
data_balcony2\cam1_pose\cam1_20241215_151252_0116.png [[378, 81], [385, 74], [374, 77], [404, 75], [427, 122], [367, 131], [458, 179], [347, 185], [488, 219], [317, 224], [416, 242], [371, 241], [421, 326], [375, 326], [427, 408], [379, 404]]
data_balcony2\cam1_pose\cam1_20241215_151252_0117.png [[377, 81], [384, 73], [373, 78], [404, 75], [427, 123], [367, 131], [458, 180], [346, 186], [487, 219], [316, 224], [415, 243], [371, 242], [420, 326], [374, 327], [427, 407], [379, 404]]
data_balcony2\cam1_pose\cam1_20241215_151252_0118.png [[377, 81], [383, 73], [373, 77], [403, 75], [426, 122], [366, 131], [458, 178], [345, 185], [487, 218], [316, 223], [415, 243], [371, 242], [420, 326], [374, 327], [427, 407], [379, 404]]
data_balcony2\cam1_pose\cam1_20241215_151252_0119.png [[377, 80], [384, 72], [373, 76], [403, 75], [426, 122], [367, 129], [459, 176], [345, 182], [491, 214], [313, 220], [415, 243], [371, 242], [420, 326], [376, 327], [424, 406], [379, 404]]
data_balcony2\cam1_pose\cam1_20241215_151253_0120.png [[378, 80], [384, 72], [374, 77], [404, 75], [426, 122], [368, 130], [460, 176], [345, 182], [493, 214], [313, 219], [416, 244], [371, 242], [421, 326], [376, 328], [424, 407], [379, 404]]
data_balcony2\cam1_pose\cam1_20241215_151253_0121.png [[381, 80], [387, 72], [377, 75], [408, 74], [431, 121], [372, 130], [466, 174], [349, 180], [502, 212], [314, 214], [418, 243], [374, 240], [421, 326], [376, 327], [424, 407], [379, 403]]
data_balcony2\cam1_pose\cam1_20241215_151253_0122.png [[382, 80], [388, 72], [378, 75], [409, 74], [432, 120], [373, 129], [468, 173], [350, 179], [503, 209], [315, 212], [420, 240], [376, 238], [421, 326], [376, 326], [424, 407], [379, 402]]
data_balcony2\cam1_pose\cam1_20241215_151253_0123.png [[383, 80], [389, 72], [379, 75], [410, 73], [433, 120], [374, 129], [469, 171], [350, 178], [504, 206], [316, 210], [421, 240], [377, 238], [422, 326], [377, 326], [424, 407], [379, 402]]
data_balcony2\cam1_pose\cam1_20241215_151253_0124.png [[385, 79], [391, 71], [381, 74], [412, 72], [436, 119], [377, 128], [472, 165], [350, 176], [510, 200], [308, 208], [422, 242], [379, 238], [424, 326], [377, 325], [424, 408], [380, 401]]
data_balcony2\cam1_pose\cam1_20241215_151253_0125.png [[385, 78], [391, 71], [381, 74], [412, 72], [436, 119], [377, 128], [473, 166], [350, 175], [509, 198], [308, 206], [422, 243], [378, 239], [423, 326], [377, 326], [424, 408], [380, 401]]
data_balcony2\cam1_pose\cam1_20241215_151253_0126.png [[383, 80], [389, 72], [379, 76], [410, 74], [434, 120], [376, 129], [472, 165], [346, 175], [511, 194], [302, 204], [419, 243], [377, 239], [421, 328], [377, 326], [424, 408], [380, 402]]
data_balcony2\cam1_pose\cam1_20241215_151253_0127.png [[382, 81], [389, 72], [379, 76], [409, 74], [432, 120], [375, 130], [471, 162], [346, 174], [510, 192], [300, 204], [417, 240], [376, 236], [420, 326], [376, 324], [424, 408], [380, 402]]
data_balcony2\cam1_pose\cam1_20241215_151253_0128.png [[379, 82], [385, 74], [376, 77], [406, 75], [429, 121], [372, 131], [469, 158], [341, 175], [509, 183], [295, 204], [413, 240], [371, 237], [417, 325], [374, 326], [423, 408], [379, 402]]
data_balcony2\cam1_pose\cam1_20241215_151253_0129.png [[378, 81], [384, 73], [374, 77], [405, 75], [427, 121], [371, 130], [467, 153], [341, 172], [507, 175], [298, 201], [412, 241], [371, 237], [414, 326], [374, 327], [421, 406], [380, 403]]
data_balcony2\cam1_pose\cam1_20241215_151253_0130.png [[378, 80], [384, 73], [374, 76], [405, 75], [427, 120], [371, 130], [467, 152], [342, 171], [506, 173], [298, 200], [412, 243], [372, 239], [414, 326], [375, 327], [420, 406], [380, 403]]
data_balcony2\cam1_pose\cam1_20241215_151253_0131.png [[378, 80], [384, 72], [375, 76], [405, 75], [428, 120], [372, 129], [469, 152], [341, 171], [508, 171], [298, 198], [413, 243], [373, 240], [415, 327], [375, 327], [419, 407], [379, 403]]
data_balcony2\cam1_pose\cam1_20241215_151253_0132.png [[380, 80], [386, 73], [377, 77], [406, 75], [430, 120], [375, 130], [470, 150], [341, 170], [510, 166], [294, 194], [415, 240], [376, 236], [417, 328], [376, 326], [418, 409], [380, 402]]
data_balcony2\cam1_pose\cam1_20241215_151254_0133.png [[380, 81], [386, 72], [377, 76], [407, 74], [431, 119], [376, 130], [470, 149], [344, 168], [511, 165], [301, 191], [416, 242], [376, 238], [418, 329], [376, 327], [418, 409], [380, 402]]
data_balcony2\cam1_pose\cam1_20241215_151254_0134.png [[382, 80], [388, 71], [379, 75], [409, 73], [434, 119], [379, 129], [474, 146], [347, 166], [512, 158], [298, 188], [419, 239], [380, 233], [419, 328], [377, 325], [418, 409], [380, 401]]
data_balcony2\cam1_pose\cam1_20241215_151254_0135.png [[383, 79], [388, 71], [380, 74], [409, 72], [434, 118], [380, 129], [474, 146], [347, 166], [512, 155], [300, 186], [419, 240], [381, 234], [419, 328], [377, 324], [418, 409], [380, 401]]
data_balcony2\cam1_pose\cam1_20241215_151254_0136.png [[382, 79], [387, 71], [379, 76], [409, 72], [434, 117], [380, 129], [468, 143], [347, 166], [507, 146], [296, 182], [418, 240], [380, 235], [419, 330], [377, 327], [418, 409], [381, 400]]
data_balcony2\cam1_pose\cam1_20241215_151254_0137.png [[380, 81], [385, 73], [377, 77], [406, 75], [433, 119], [378, 130], [465, 140], [347, 164], [500, 139], [296, 178], [417, 237], [378, 232], [416, 328], [377, 326], [418, 410], [380, 401]]
data_balcony2\cam1_pose\cam1_20241215_151254_0138.png [[377, 82], [382, 74], [374, 78], [403, 76], [428, 119], [375, 131], [459, 139], [341, 161], [494, 132], [291, 173], [410, 242], [374, 236], [412, 327], [375, 325], [417, 411], [380, 402]]
data_balcony2\cam1_pose\cam1_20241215_151254_0139.png [[375, 82], [380, 74], [373, 77], [401, 76], [425, 118], [374, 130], [454, 137], [343, 158], [489, 128], [291, 169], [408, 245], [373, 241], [411, 329], [375, 327], [415, 408], [380, 401]]
data_balcony2\cam1_pose\cam1_20241215_151254_0140.png [[378, 81], [383, 73], [375, 77], [404, 75], [427, 116], [376, 132], [456, 133], [347, 156], [487, 123], [293, 163], [410, 243], [374, 240], [411, 330], [375, 328], [413, 411], [380, 401]]
data_balcony2\cam1_pose\cam1_20241215_151255_0141.png [[379, 80], [384, 71], [377, 74], [406, 74], [431, 114], [381, 129], [459, 131], [349, 156], [484, 114], [298, 161], [414, 239], [377, 236], [414, 332], [377, 327], [413, 411], [382, 401]]
data_balcony2\cam1_pose\cam1_20241215_151255_0142.png [[380, 78], [385, 71], [378, 74], [407, 72], [431, 113], [382, 128], [463, 126], [350, 156], [478, 105], [296, 158], [413, 239], [377, 235], [413, 329], [377, 324], [413, 412], [382, 401]]
data_balcony2\cam1_pose\cam1_20241215_151255_0143.png [[379, 80], [384, 72], [377, 75], [405, 74], [429, 114], [382, 128], [462, 126], [349, 158], [472, 96], [293, 153], [411, 239], [376, 236], [412, 328], [376, 323], [413, 413], [381, 402]]
data_balcony2\cam1_pose\cam1_20241215_151255_0144.png [[378, 81], [382, 73], [376, 76], [405, 74], [426, 114], [380, 129], [458, 126], [349, 158], [468, 96], [293, 152], [409, 241], [375, 238], [411, 330], [376, 324], [413, 412], [380, 402]]
data_balcony2\cam1_pose\cam1_20241215_151255_0145.png [[375, 81], [380, 74], [373, 77], [401, 76], [422, 116], [379, 129], [453, 125], [346, 158], [458, 93], [291, 147], [405, 242], [374, 237], [408, 328], [373, 326], [413, 411], [380, 402]]
data_balcony2\cam1_pose\cam1_20241215_151255_0146.png [[374, 81], [379, 74], [372, 77], [400, 75], [419, 113], [376, 130], [448, 125], [346, 158], [449, 91], [293, 146], [407, 241], [373, 238], [409, 327], [374, 323], [412, 407], [381, 401]]
data_balcony2\cam1_pose\cam1_20241215_151255_0147.png [[375, 80], [380, 72], [373, 75], [401, 74], [424, 108], [377, 130], [446, 123], [346, 159], [443, 83], [295, 141], [407, 239], [376, 236], [408, 327], [375, 324], [409, 410], [380, 401]]
data_balcony2\cam1_pose\cam1_20241215_151255_0148.png [[376, 79], [380, 71], [403, 73], [428, 110], [382, 129], [448, 119], [350, 161], [439, 74], [300, 138], [409, 241], [376, 239], [408, 328], [374, 323], [409, 413], [380, 401]]
data_balcony2\cam1_pose\cam1_20241215_151256_0149.png [[376, 78], [381, 71], [374, 72], [404, 72], [427, 109], [382, 129], [445, 110], [349, 161], [436, 71], [301, 136], [408, 242], [376, 240], [409, 328], [375, 323], [409, 413], [380, 401]]
data_balcony2\cam1_pose\cam1_20241215_151256_0150.png [[376, 79], [381, 71], [374, 74], [403, 72], [427, 116], [383, 128], [434, 98], [349, 163], [421, 63], [307, 130], [407, 243], [377, 241], [407, 329], [374, 323], [409, 414], [380, 401]]
data_balcony2\cam1_pose\cam1_20241215_151256_0151.png [[375, 80], [380, 72], [374, 74], [403, 74], [427, 121], [385, 122], [432, 98], [350, 164], [419, 65], [308, 129], [407, 242], [376, 239], [406, 330], [374, 324], [409, 414], [380, 401]]
data_balcony2\cam1_pose\cam1_20241215_151256_0152.png [[374, 81], [380, 74], [374, 76], [400, 77], [421, 116], [383, 121], [426, 100], [348, 164], [412, 67], [311, 128], [404, 245], [375, 240], [403, 327], [373, 321], [408, 413], [380, 400]]
data_balcony2\cam1_pose\cam1_20241215_151256_0153.png [[373, 83], [378, 75], [371, 78], [398, 76], [417, 112], [380, 122], [441, 123], [344, 163], [414, 71], [304, 129], [405, 242], [374, 240], [405, 325], [374, 323], [409, 407], [380, 401]]
data_balcony2\cam1_pose\cam1_20241215_151256_0154.png [[373, 82], [379, 74], [371, 77], [400, 76], [421, 114], [378, 128], [446, 125], [344, 163], [419, 72], [300, 132], [407, 238], [376, 236], [406, 326], [375, 324], [409, 409], [380, 400]]
data_balcony2\cam1_pose\cam1_20241215_151256_0155.png [[374, 82], [379, 74], [372, 77], [401, 76], [421, 111], [376, 131], [448, 125], [344, 163], [421, 72], [299, 133], [406, 241], [376, 239], [407, 328], [374, 327], [409, 410], [380, 400]]
data_balcony2\cam1_pose\cam1_20241215_151256_0156.png [[376, 81], [381, 72], [374, 77], [403, 74], [425, 109], [381, 127], [451, 127], [348, 162], [430, 77], [299, 136], [409, 243], [376, 239], [409, 327], [374, 324], [408, 411], [380, 402]]
data_balcony2\cam1_pose\cam1_20241215_151257_0157.png [[377, 79], [381, 71], [374, 74], [403, 72], [426, 107], [381, 126], [452, 126], [347, 160], [432, 80], [297, 137], [410, 240], [376, 236], [410, 327], [374, 322], [408, 411], [377, 401]]
data_balcony2\cam1_pose\cam1_20241215_151257_0158.png [[376, 79], [380, 71], [374, 75], [403, 73], [426, 107], [379, 128], [450, 128], [346, 161], [433, 82], [294, 138], [410, 239], [375, 235], [410, 327], [373, 323], [408, 410], [377, 400]]
data_balcony2\cam1_pose\cam1_20241215_151257_0159.png [[374, 81], [379, 73], [371, 77], [400, 75], [422, 108], [374, 129], [449, 133], [343, 161], [434, 90], [287, 144], [406, 237], [372, 234], [407, 327], [371, 326], [409, 409], [377, 402]]
data_balcony2\cam1_pose\cam1_20241215_151257_0160.png [[374, 79], [379, 71], [371, 75], [401, 75], [424, 108], [372, 129], [448, 138], [340, 161], [439, 99], [286, 147], [407, 233], [371, 232], [409, 325], [371, 323], [411, 405], [377, 402]]
data_balcony2\cam1_pose\cam1_20241215_151257_0161.png [[376, 78], [382, 71], [373, 74], [403, 74], [422, 117], [372, 128], [451, 140], [338, 161], [446, 103], [283, 150], [409, 240], [371, 236], [413, 329], [372, 329], [416, 407], [376, 403]]
data_balcony2\cam1_pose\cam1_20241215_151257_0162.png [[381, 77], [389, 69], [379, 72], [409, 74], [427, 116], [376, 129], [456, 146], [343, 161], [456, 108], [284, 155], [413, 237], [374, 233], [416, 328], [374, 326], [417, 409], [376, 402]]
data_balcony2\cam1_pose\cam1_20241215_151257_0163.png [[385, 77], [392, 68], [382, 71], [413, 73], [432, 116], [377, 127], [459, 150], [344, 161], [463, 112], [285, 158], [416, 239], [375, 234], [417, 330], [374, 327], [416, 410], [377, 402]]
data_balcony2\cam1_pose\cam1_20241215_151257_0164.png [[386, 75], [394, 67], [384, 69], [415, 72], [435, 115], [379, 126], [460, 150], [345, 161], [468, 117], [285, 160], [418, 239], [376, 232], [416, 326], [374, 325], [416, 410], [374, 401]]
data_balcony2\cam1_pose\cam1_20241215_151258_0165.png [[386, 76], [393, 68], [383, 71], [413, 73], [433, 116], [377, 128], [455, 154], [341, 162], [468, 123], [283, 162], [416, 240], [375, 233], [415, 329], [371, 326], [416, 410], [374, 402]]
data_balcony2\cam1_pose\cam1_20241215_151258_0166.png [[382, 77], [390, 69], [380, 72], [410, 75], [429, 118], [374, 129], [453, 152], [335, 164], [468, 131], [279, 165], [410, 238], [371, 233], [412, 326], [371, 323], [416, 410], [374, 403]]
data_balcony2\cam1_pose\cam1_20241215_151258_0167.png [[379, 76], [386, 68], [375, 72], [405, 74], [425, 119], [369, 129], [449, 154], [334, 164], [468, 137], [275, 171], [412, 239], [370, 235], [412, 326], [370, 325], [417, 408], [374, 403]]
data_balcony2\cam1_pose\cam1_20241215_151258_0168.png [[378, 76], [386, 68], [374, 72], [405, 74], [425, 118], [367, 129], [451, 152], [331, 165], [473, 139], [273, 175], [414, 238], [371, 234], [417, 326], [373, 327], [420, 408], [373, 403]]
data_balcony2\cam1_pose\cam1_20241215_151258_0169.png [[382, 75], [390, 67], [378, 71], [408, 73], [431, 117], [371, 129], [458, 151], [334, 166], [483, 140], [277, 178], [417, 239], [373, 234], [419, 326], [373, 324], [420, 407], [374, 402]]
data_balcony2\cam1_pose\cam1_20241215_151258_0170.png [[386, 74], [394, 66], [382, 69], [413, 71], [436, 117], [374, 128], [465, 145], [335, 167], [493, 140], [280, 181], [419, 242], [374, 237], [421, 324], [374, 324], [420, 409], [373, 402]]
data_balcony2\cam1_pose\cam1_20241215_151258_0171.png [[387, 73], [394, 66], [383, 69], [413, 71], [436, 117], [374, 128], [467, 144], [336, 166], [494, 140], [281, 182], [420, 242], [375, 237], [421, 324], [374, 323], [420, 408], [372, 401]]
data_balcony2\cam1_pose\cam1_20241215_151258_0172.png [[386, 73], [394, 66], [382, 69], [412, 71], [436, 117], [371, 128], [466, 144], [336, 165], [496, 144], [283, 184], [419, 239], [374, 234], [419, 324], [373, 323], [420, 408], [369, 402]]
data_balcony2\cam1_pose\cam1_20241215_151259_0173.png [[382, 75], [390, 67], [378, 70], [407, 74], [429, 119], [366, 129], [459, 148], [329, 167], [491, 151], [277, 188], [416, 238], [370, 235], [418, 325], [371, 326], [420, 408], [370, 404]]
data_balcony2\cam1_pose\cam1_20241215_151259_0174.png [[377, 76], [385, 69], [373, 72], [402, 75], [424, 121], [360, 129], [455, 151], [325, 169], [490, 158], [272, 192], [411, 240], [365, 237], [414, 324], [367, 327], [420, 407], [370, 404]]
data_balcony2\cam1_pose\cam1_20241215_151259_0175.png [[375, 77], [382, 69], [370, 72], [399, 75], [420, 121], [355, 130], [454, 153], [319, 171], [493, 165], [267, 195], [410, 242], [363, 240], [414, 325], [365, 330], [421, 410], [369, 404]]
data_balcony2\cam1_pose\cam1_20241215_151259_0176.png [[376, 76], [383, 69], [371, 71], [400, 75], [421, 120], [357, 129], [455, 154], [321, 170], [496, 172], [271, 197], [413, 240], [366, 239], [416, 324], [367, 327], [423, 408], [370, 404]]
data_balcony2\cam1_pose\cam1_20241215_151259_0177.png [[382, 76], [389, 69], [377, 71], [406, 74], [427, 121], [362, 129], [465, 156], [326, 171], [504, 179], [281, 198], [416, 239], [369, 237], [418, 326], [370, 327], [423, 410], [369, 404]]
data_balcony2\cam1_pose\cam1_20241215_151259_0178.png [[387, 74], [394, 67], [382, 69], [411, 72], [432, 120], [367, 127], [472, 157], [333, 170], [514, 183], [284, 203], [418, 242], [371, 237], [420, 327], [369, 326], [423, 410], [368, 401]]
data_balcony2\cam1_pose\cam1_20241215_151259_0179.png [[387, 74], [395, 66], [383, 68], [412, 71], [432, 119], [368, 127], [473, 157], [334, 170], [514, 184], [287, 203], [418, 243], [370, 239], [420, 327], [369, 326], [423, 411], [367, 402]]
data_balcony2\cam1_pose\cam1_20241215_151259_0180.png [[387, 74], [395, 66], [382, 68], [411, 72], [431, 120], [366, 127], [471, 160], [333, 171], [515, 189], [291, 203], [416, 242], [369, 237], [419, 327], [367, 326], [423, 410], [364, 403]]
data_balcony2\cam1_pose\cam1_20241215_151300_0181.png [[382, 75], [390, 69], [377, 70], [405, 75], [425, 123], [359, 129], [466, 164], [328, 172], [509, 193], [290, 206], [413, 245], [365, 242], [418, 329], [365, 329], [423, 409], [365, 404]]
data_balcony2\cam1_pose\cam1_20241215_151300_0182.png [[380, 76], [388, 69], [375, 71], [403, 75], [424, 123], [358, 129], [463, 164], [326, 173], [506, 193], [290, 205], [412, 244], [363, 242], [417, 329], [364, 330], [423, 409], [364, 404]]
data_balcony2\cam1_pose\cam1_20241215_151300_0183.png [[374, 77], [382, 69], [369, 71], [397, 75], [418, 123], [352, 129], [458, 166], [322, 176], [501, 196], [284, 210], [409, 245], [360, 244], [413, 326], [361, 329], [421, 407], [364, 405]]
data_balcony2\cam1_pose\cam1_20241215_151300_0184.png [[374, 76], [381, 69], [368, 70], [396, 75], [417, 123], [350, 129], [457, 168], [321, 176], [498, 200], [288, 211], [408, 243], [361, 243], [411, 326], [362, 329], [420, 407], [364, 405]]
data_balcony2\cam1_pose\cam1_20241215_151300_0185.png [[379, 77], [386, 70], [373, 70], [400, 74], [421, 124], [353, 128], [458, 173], [327, 177], [496, 206], [294, 213], [411, 245], [362, 244], [412, 325], [363, 327], [419, 408], [364, 404]]
data_balcony2\cam1_pose\cam1_20241215_151300_0186.png [[386, 76], [393, 70], [380, 69], [407, 74], [373, 75], [427, 124], [359, 128], [462, 176], [333, 179], [498, 211], [297, 218], [416, 243], [368, 242], [416, 326], [367, 327], [419, 409], [364, 404]]
data_balcony2\cam1_pose\cam1_20241215_151300_0187.png [[388, 76], [394, 69], [381, 70], [409, 74], [375, 76], [428, 124], [360, 128], [463, 176], [334, 178], [499, 212], [300, 216], [416, 244], [368, 242], [417, 326], [368, 326], [419, 409], [364, 404]]
data_balcony2\cam1_pose\cam1_20241215_151300_0188.png [[391, 75], [398, 69], [385, 69], [412, 73], [378, 75], [432, 123], [363, 126], [466, 175], [337, 176], [500, 211], [303, 213], [417, 242], [368, 240], [417, 328], [366, 326], [420, 409], [361, 402]]
data_balcony2\cam1_pose\cam1_20241215_151300_0189.png [[391, 74], [397, 68], [384, 68], [410, 73], [377, 75], [430, 124], [361, 126], [465, 175], [333, 175], [499, 209], [298, 209], [415, 243], [367, 240], [416, 326], [362, 324], [420, 409], [359, 404]]
data_balcony2\cam1_pose\cam1_20241215_151301_0190.png [[386, 76], [393, 69], [380, 69], [404, 75], [371, 76], [424, 126], [355, 127], [460, 175], [326, 173], [497, 206], [292, 205], [410, 243], [362, 242], [412, 324], [361, 324], [419, 407], [359, 405]]
data_balcony2\cam1_pose\cam1_20241215_151301_0191.png [[385, 77], [392, 70], [379, 69], [403, 75], [370, 77], [422, 126], [353, 127], [458, 174], [325, 172], [498, 205], [291, 204], [409, 243], [361, 242], [411, 325], [360, 324], [419, 407], [359, 405]]
data_balcony2\cam1_pose\cam1_20241215_151301_0192.png [[384, 75], [390, 69], [377, 69], [400, 75], [367, 76], [419, 126], [348, 125], [455, 171], [318, 167], [498, 198], [289, 201], [407, 241], [359, 242], [409, 324], [359, 324], [419, 407], [359, 405]]
data_balcony2\cam1_pose\cam1_20241215_151301_0193.png [[387, 75], [393, 70], [380, 68], [401, 75], [368, 75], [418, 126], [347, 125], [453, 169], [316, 163], [500, 188], [289, 199], [407, 244], [361, 246], [410, 321], [360, 321], [419, 407], [359, 405]]
data_balcony2\cam1_pose\cam1_20241215_151301_0194.png [[394, 76], [400, 71], [387, 68], [407, 76], [374, 74], [423, 128], [350, 124], [458, 172], [317, 161], [505, 174], [291, 197], [410, 246], [364, 245], [412, 321], [362, 321], [419, 408], [359, 405]]
data_balcony2\cam1_pose\cam1_20241215_151301_0195.png [[400, 77], [406, 71], [393, 69], [413, 75], [380, 74], [427, 129], [354, 123], [462, 173], [319, 162], [508, 166], [295, 197], [413, 246], [367, 245], [414, 324], [364, 322], [419, 409], [359, 404]]
data_balcony2\cam1_pose\cam1_20241215_151301_0196.png [[403, 76], [408, 71], [395, 69], [414, 76], [381, 74], [428, 128], [356, 123], [462, 172], [320, 162], [508, 163], [295, 199], [414, 247], [369, 247], [415, 324], [365, 322], [420, 408], [359, 404]]
data_balcony2\cam1_pose\cam1_20241215_151301_0197.png [[411, 77], [417, 71], [404, 68], [422, 76], [389, 73], [433, 129], [360, 122], [466, 172], [323, 160], [511, 146], [299, 199], [416, 248], [371, 246], [417, 324], [366, 322], [419, 409], [359, 404]]
data_balcony2\cam1_pose\cam1_20241215_151301_0198.png [[413, 77], [420, 72], [407, 69], [391, 73], [434, 129], [361, 122], [468, 170], [323, 161], [511, 144], [300, 201], [418, 244], [373, 243], [418, 325], [368, 323], [419, 409], [359, 404]]
data_balcony2\cam1_pose\cam1_20241215_151302_0199.png [[411, 77], [417, 72], [404, 69], [422, 76], [389, 73], [434, 129], [361, 122], [467, 171], [325, 159], [512, 151], [300, 196], [418, 244], [373, 242], [418, 325], [368, 323], [419, 409], [360, 404]]
