data_balcony2\cam2_pose\cam2_20241215_151241_0000.png [[291, 56], [298, 50], [286, 48], [307, 56], [274, 54], [328, 108], [253, 104], [370, 148], [212, 140], [413, 171], [162, 169], [316, 215], [269, 213], [316, 299], [267, 298], [321, 375], [259, 376]]
data_balcony2\cam2_pose\cam2_20241215_151241_0001.png [[292, 56], [299, 50], [287, 48], [308, 56], [275, 54], [330, 109], [253, 104], [374, 149], [213, 141], [414, 170], [164, 169], [318, 218], [270, 217], [317, 300], [267, 298], [321, 375], [259, 376]]
data_balcony2\cam2_pose\cam2_20241215_151241_0002.png [[292, 56], [300, 50], [287, 48], [308, 56], [275, 54], [330, 109], [254, 104], [373, 148], [212, 141], [413, 170], [162, 170], [319, 216], [271, 215], [317, 299], [268, 297], [321, 375], [259, 375]]
data_balcony2\cam2_pose\cam2_20241215_151241_0003.png [[294, 56], [301, 50], [288, 48], [310, 56], [277, 54], [332, 109], [256, 104], [374, 148], [215, 140], [417, 171], [165, 170], [319, 221], [273, 220], [318, 300], [267, 299], [322, 374], [259, 376]]
data_balcony2\cam2_pose\cam2_20241215_151241_0004.png [[294, 56], [302, 50], [289, 48], [311, 55], [277, 55], [332, 109], [256, 104], [376, 149], [215, 140], [417, 171], [166, 169], [320, 219], [274, 218], [319, 298], [267, 299], [322, 374], [259, 376]]
data_balcony2\cam2_pose\cam2_20241215_151241_0005.png [[299, 55], [306, 49], [293, 47], [314, 54], [281, 53], [335, 108], [259, 102], [379, 147], [216, 139], [419, 170], [165, 167], [322, 216], [274, 213], [319, 298], [267, 295], [323, 375], [257, 374]]
data_balcony2\cam2_pose\cam2_20241215_151241_0006.png [[298, 54], [305, 49], [292, 47], [313, 54], [280, 53], [334, 109], [258, 102], [378, 145], [215, 137], [419, 167], [166, 163], [320, 221], [271, 218], [319, 299], [263, 298], [323, 375], [253, 374]]
data_balcony2\cam2_pose\cam2_20241215_151242_0007.png [[297, 54], [304, 49], [292, 47], [311, 55], [278, 53], [333, 109], [256, 101], [378, 146], [213, 138], [419, 166], [165, 164], [319, 222], [270, 220], [318, 300], [262, 299], [322, 375], [253, 377]]
data_balcony2\cam2_pose\cam2_20241215_151242_0008.png [[296, 54], [303, 49], [290, 47], [310, 54], [278, 53], [332, 109], [255, 101], [376, 145], [212, 138], [419, 165], [163, 164], [317, 222], [269, 221], [318, 301], [262, 300], [322, 375], [253, 378]]
data_balcony2\cam2_pose\cam2_20241215_151242_0009.png [[288, 55], [295, 50], [282, 47], [301, 55], [268, 51], [321, 109], [244, 101], [367, 144], [202, 139], [410, 161], [148, 170], [310, 227], [263, 225], [313, 303], [259, 303], [321, 375], [253, 379]]
data_balcony2\cam2_pose\cam2_20241215_151242_0010.png [[285, 54], [292, 48], [279, 46], [297, 54], [264, 51], [318, 108], [241, 100], [364, 144], [200, 137], [407, 160], [145, 167], [307, 225], [262, 225], [311, 300], [257, 302], [319, 372], [252, 380]]
data_balcony2\cam2_pose\cam2_20241215_151242_0011.png [[284, 54], [292, 48], [279, 45], [297, 54], [264, 51], [318, 108], [241, 99], [365, 144], [200, 135], [407, 160], [148, 164], [306, 226], [261, 226], [311, 299], [258, 302], [317, 372], [252, 379]]
data_balcony2\cam2_pose\cam2_20241215_151242_0012.png [[288, 55], [294, 50], [283, 47], [299, 54], [267, 52], [319, 109], [244, 99], [365, 144], [200, 135], [408, 161], [145, 162], [308, 224], [263, 224], [310, 297], [259, 299], [311, 372], [252, 379]]
data_balcony2\cam2_pose\cam2_20241215_151242_0013.png [[290, 56], [296, 51], [284, 47], [269, 52], [320, 110], [245, 99], [366, 145], [202, 135], [408, 162], [146, 161], [308, 226], [263, 223], [309, 297], [260, 298], [310, 372], [252, 379]]
data_balcony2\cam2_pose\cam2_20241215_151242_0014.png [[301, 57], [307, 52], [295, 49], [278, 53], [326, 111], [253, 99], [370, 149], [206, 133], [411, 165], [155, 155], [313, 215], [266, 214], [311, 298], [261, 298], [311, 373], [253, 378]]
data_balcony2\cam2_pose\cam2_20241215_151242_0015.png [[306, 57], [311, 51], [300, 48], [283, 52], [327, 110], [256, 98], [370, 149], [212, 128], [411, 167], [162, 148], [315, 214], [270, 210], [312, 297], [262, 297], [312, 373], [251, 378]]
data_balcony2\cam2_pose\cam2_20241215_151242_0016.png [[304, 57], [309, 52], [299, 48], [280, 51], [322, 110], [252, 98], [367, 150], [208, 127], [406, 166], [161, 147], [312, 211], [269, 206], [312, 294], [261, 295], [312, 372], [252, 378]]
data_balcony2\cam2_pose\cam2_20241215_151242_0017.png [[302, 57], [308, 52], [297, 48], [278, 51], [321, 111], [250, 97], [365, 149], [203, 129], [404, 166], [157, 147], [311, 213], [268, 209], [312, 295], [261, 296], [311, 372], [252, 378]]
data_balcony2\cam2_pose\cam2_20241215_151243_0018.png [[294, 56], [299, 51], [289, 48], [271, 51], [313, 111], [242, 97], [355, 146], [197, 128], [396, 164], [151, 147], [305, 212], [262, 212], [309, 295], [258, 298], [311, 372], [253, 379]]
data_balcony2\cam2_pose\cam2_20241215_151243_0019.png [[293, 56], [298, 51], [287, 47], [268, 50], [309, 108], [241, 96], [353, 146], [196, 127], [394, 163], [151, 147], [305, 217], [262, 217], [308, 296], [257, 300], [310, 372], [253, 379]]
data_balcony2\cam2_pose\cam2_20241215_151243_0020.png [[290, 54], [295, 50], [284, 46], [265, 49], [306, 107], [237, 96], [346, 143], [195, 126], [388, 161], [149, 146], [304, 215], [261, 217], [307, 294], [258, 299], [307, 370], [253, 378]]
data_balcony2\cam2_pose\cam2_20241215_151243_0021.png [[293, 56], [297, 51], [286, 47], [268, 50], [306, 107], [240, 97], [344, 144], [197, 127], [388, 162], [154, 146], [305, 209], [263, 210], [305, 296], [259, 300], [305, 371], [253, 379]]
data_balcony2\cam2_pose\cam2_20241215_151243_0022.png [[294, 56], [299, 52], [288, 48], [269, 51], [307, 108], [241, 97], [345, 145], [201, 126], [389, 163], [155, 146], [305, 215], [263, 214], [306, 297], [259, 299], [305, 371], [253, 378]]
data_balcony2\cam2_pose\cam2_20241215_151243_0023.png [[302, 58], [306, 53], [296, 50], [277, 52], [312, 110], [250, 96], [348, 147], [206, 126], [391, 167], [162, 144], [307, 219], [268, 217], [308, 297], [262, 302], [305, 372], [253, 378]]
data_balcony2\cam2_pose\cam2_20241215_151243_0024.png [[305, 58], [310, 54], [299, 50], [280, 52], [315, 110], [253, 96], [349, 147], [212, 124], [391, 168], [168, 138], [308, 213], [271, 210], [309, 295], [262, 298], [305, 372], [253, 375]]
data_balcony2\cam2_pose\cam2_20241215_151243_0025.png [[304, 58], [308, 53], [298, 49], [278, 52], [313, 109], [250, 96], [346, 147], [209, 123], [389, 167], [166, 138], [307, 215], [269, 213], [308, 295], [261, 298], [305, 372], [254, 378]]
data_balcony2\cam2_pose\cam2_20241215_151243_0026.png [[298, 58], [302, 53], [293, 50], [273, 51], [305, 108], [244, 96], [340, 146], [205, 124], [383, 165], [162, 140], [304, 210], [266, 210], [306, 295], [261, 297], [305, 371], [255, 378]]
data_balcony2\cam2_pose\cam2_20241215_151244_0027.png [[296, 57], [300, 53], [291, 49], [271, 51], [304, 108], [242, 96], [337, 145], [204, 123], [382, 164], [160, 140], [304, 207], [265, 209], [306, 293], [260, 296], [305, 371], [255, 377]]
data_balcony2\cam2_pose\cam2_20241215_151244_0028.png [[292, 55], [296, 50], [287, 47], [266, 48], [299, 105], [239, 93], [331, 142], [201, 123], [376, 161], [160, 136], [300, 212], [263, 212], [303, 296], [259, 297], [301, 372], [255, 378]]
data_balcony2\cam2_pose\cam2_20241215_151244_0029.png [[293, 56], [296, 51], [287, 47], [266, 49], [301, 106], [238, 95], [332, 143], [202, 123], [375, 161], [163, 135], [301, 212], [263, 212], [303, 297], [259, 298], [300, 371], [255, 378]]
data_balcony2\cam2_pose\cam2_20241215_151244_0030.png [[297, 57], [300, 52], [291, 48], [271, 51], [303, 108], [244, 95], [334, 145], [210, 124], [377, 161], [172, 132], [303, 209], [266, 210], [303, 296], [261, 299], [301, 372], [255, 377]]
data_balcony2\cam2_pose\cam2_20241215_151244_0031.png [[301, 58], [305, 53], [295, 50], [275, 52], [307, 109], [248, 95], [335, 145], [216, 125], [379, 161], [180, 132], [305, 212], [268, 212], [305, 295], [263, 299], [301, 372], [255, 376]]
data_balcony2\cam2_pose\cam2_20241215_151244_0032.png [[302, 57], [305, 53], [296, 50], [276, 51], [308, 109], [248, 95], [337, 146], [215, 125], [380, 160], [180, 131], [305, 213], [267, 213], [305, 294], [264, 299], [301, 371], [256, 375]]
data_balcony2\cam2_pose\cam2_20241215_151244_0033.png [[301, 57], [305, 53], [296, 50], [276, 52], [306, 108], [248, 95], [336, 144], [217, 122], [381, 158], [180, 126], [305, 214], [269, 214], [304, 294], [265, 300], [301, 371], [259, 379]]
data_balcony2\cam2_pose\cam2_20241215_151244_0034.png [[299, 57], [302, 52], [293, 49], [272, 51], [304, 109], [246, 94], [331, 144], [214, 119], [377, 155], [178, 122], [303, 213], [266, 212], [303, 295], [264, 300], [301, 370], [259, 379]]
data_balcony2\cam2_pose\cam2_20241215_151244_0035.png [[298, 57], [301, 53], [292, 50], [272, 51], [303, 108], [245, 93], [331, 144], [214, 116], [377, 155], [176, 120], [303, 213], [266, 212], [302, 294], [264, 300], [301, 370], [259, 379]]
data_balcony2\cam2_pose\cam2_20241215_151244_0036.png [[296, 57], [299, 52], [290, 48], [270, 51], [301, 109], [242, 92], [329, 143], [211, 118], [376, 153], [175, 114], [301, 213], [264, 213], [302, 295], [263, 300], [301, 371], [259, 379]]
data_balcony2\cam2_pose\cam2_20241215_151245_0037.png [[296, 56], [299, 52], [290, 48], [269, 50], [301, 108], [243, 92], [328, 143], [211, 117], [376, 152], [174, 113], [300, 213], [264, 212], [302, 296], [263, 300], [300, 371], [259, 379]]
data_balcony2\cam2_pose\cam2_20241215_151245_0038.png [[294, 55], [297, 51], [289, 47], [268, 49], [298, 107], [241, 90], [325, 143], [209, 118], [373, 148], [176, 109], [296, 211], [261, 211], [301, 293], [262, 299], [301, 370], [259, 379]]
data_balcony2\cam2_pose\cam2_20241215_151245_0039.png [[294, 55], [297, 51], [288, 47], [268, 49], [298, 106], [240, 92], [324, 143], [208, 116], [372, 147], [174, 108], [296, 212], [262, 212], [301, 294], [262, 299], [300, 370], [259, 379]]
data_balcony2\cam2_pose\cam2_20241215_151245_0040.png [[294, 54], [297, 51], [288, 47], [268, 48], [298, 106], [241, 88], [323, 143], [209, 115], [371, 144], [178, 102], [298, 215], [264, 216], [301, 295], [262, 300], [299, 371], [259, 379]]
data_balcony2\cam2_pose\cam2_20241215_151245_0041.png [[297, 57], [299, 52], [291, 48], [271, 51], [299, 109], [246, 90], [325, 145], [211, 113], [372, 145], [183, 96], [300, 216], [266, 218], [301, 296], [264, 300], [296, 371], [258, 379]]
data_balcony2\cam2_pose\cam2_20241215_151245_0042.png [[298, 56], [301, 53], [292, 48], [272, 51], [300, 108], [248, 90], [325, 145], [213, 114], [373, 145], [186, 96], [301, 217], [266, 218], [301, 294], [263, 300], [296, 371], [259, 379]]
data_balcony2\cam2_pose\cam2_20241215_151245_0043.png [[302, 55], [304, 51], [296, 50], [276, 54], [302, 108], [251, 91], [325, 146], [220, 115], [373, 144], [196, 95], [301, 212], [270, 214], [303, 294], [269, 300], [297, 371], [259, 379]]
data_balcony2\cam2_pose\cam2_20241215_151245_0044.png [[303, 55], [304, 51], [297, 50], [277, 53], [302, 108], [252, 91], [326, 146], [221, 114], [374, 143], [197, 93], [300, 212], [270, 213], [304, 293], [271, 299], [296, 371], [260, 378]]
data_balcony2\cam2_pose\cam2_20241215_151245_0045.png [[304, 54], [304, 49], [298, 48], [277, 53], [302, 108], [252, 90], [325, 144], [219, 112], [374, 139], [202, 87], [298, 210], [271, 211], [304, 294], [272, 298], [295, 369], [263, 378]]
data_balcony2\cam2_pose\cam2_20241215_151245_0046.png [[303, 53], [304, 49], [296, 48], [277, 53], [301, 107], [252, 90], [325, 144], [220, 111], [374, 138], [203, 86], [299, 207], [270, 209], [304, 293], [272, 298], [295, 369], [263, 378]]
data_balcony2\cam2_pose\cam2_20241215_151245_0047.png [[302, 55], [302, 51], [296, 49], [274, 52], [299, 108], [247, 90], [323, 143], [213, 107], [368, 135], [204, 69], [299, 211], [265, 210], [303, 294], [269, 300], [296, 369], [263, 379]]
data_balcony2\cam2_pose\cam2_20241215_151246_0048.png [[301, 55], [302, 52], [295, 49], [274, 51], [298, 107], [248, 88], [322, 143], [212, 107], [371, 132], [206, 72], [297, 212], [265, 212], [303, 294], [268, 301], [296, 369], [263, 379]]
data_balcony2\cam2_pose\cam2_20241215_151246_0049.png [[299, 53], [300, 51], [293, 47], [272, 50], [296, 106], [244, 87], [323, 142], [211, 107], [366, 129], [208, 70], [296, 213], [265, 215], [302, 295], [267, 301], [296, 369], [263, 379]]
data_balcony2\cam2_pose\cam2_20241215_151246_0050.png [[298, 54], [300, 50], [292, 46], [272, 49], [295, 106], [242, 86], [322, 141], [209, 104], [365, 127], [209, 66], [295, 215], [265, 216], [301, 294], [267, 300], [295, 369], [263, 379]]
data_balcony2\cam2_pose\cam2_20241215_151246_0051.png [[299, 52], [301, 50], [293, 46], [272, 49], [294, 106], [242, 88], [325, 141], [210, 102], [364, 123], [213, 60], [296, 216], [265, 219], [299, 298], [268, 302], [292, 367], [263, 379]]
data_balcony2\cam2_pose\cam2_20241215_151246_0052.png [[298, 56], [301, 53], [293, 50], [272, 50], [296, 107], [241, 89], [326, 141], [210, 102], [363, 123], [215, 60], [296, 217], [267, 219], [300, 298], [268, 302], [292, 367], [263, 379]]
data_balcony2\cam2_pose\cam2_20241215_151246_0053.png [[300, 57], [302, 54], [295, 50], [274, 52], [296, 106], [244, 90], [329, 141], [215, 102], [362, 121], [220, 57], [297, 215], [269, 217], [300, 297], [271, 301], [292, 368], [263, 379]]
data_balcony2\cam2_pose\cam2_20241215_151246_0054.png [[301, 57], [303, 54], [296, 51], [275, 53], [296, 106], [246, 91], [329, 141], [215, 104], [362, 119], [221, 56], [297, 214], [270, 216], [301, 297], [272, 301], [292, 368], [263, 379]]
data_balcony2\cam2_pose\cam2_20241215_151246_0055.png [[302, 56], [305, 53], [297, 50], [277, 52], [297, 103], [248, 90], [327, 140], [220, 104], [361, 110], [232, 50], [299, 215], [269, 218], [303, 295], [274, 298], [293, 369], [264, 380]]
data_balcony2\cam2_pose\cam2_20241215_151246_0056.png [[302, 58], [305, 53], [297, 51], [277, 52], [297, 104], [249, 89], [326, 141], [220, 104], [360, 103], [235, 50], [298, 214], [270, 215], [304, 296], [275, 297], [293, 369], [266, 380]]
data_balcony2\cam2_pose\cam2_20241215_151246_0057.png [[301, 58], [303, 53], [296, 50], [275, 50], [295, 104], [248, 84], [324, 140], [225, 100], [356, 100], [239, 48], [296, 215], [269, 216], [302, 298], [274, 299], [293, 370], [266, 381]]
data_balcony2\cam2_pose\cam2_20241215_151246_0058.png [[300, 57], [303, 51], [296, 48], [274, 50], [295, 104], [246, 84], [324, 140], [224, 100], [355, 99], [241, 43], [296, 213], [268, 216], [301, 298], [273, 299], [293, 369], [266, 381]]
data_balcony2\cam2_pose\cam2_20241215_151247_0059.png [[300, 52], [302, 48], [295, 45], [273, 47], [289, 98], [241, 84], [320, 141], [219, 99], [352, 97], [242, 46], [296, 216], [268, 219], [299, 299], [273, 300], [292, 369], [267, 381]]
data_balcony2\cam2_pose\cam2_20241215_151247_0060.png [[301, 57], [303, 52], [296, 49], [275, 49], [290, 99], [247, 84], [321, 144], [227, 95], [355, 108], [245, 47], [295, 214], [269, 217], [300, 299], [274, 299], [291, 369], [266, 380]]
data_balcony2\cam2_pose\cam2_20241215_151247_0061.png [[301, 58], [304, 52], [297, 49], [275, 50], [291, 101], [250, 83], [322, 144], [227, 100], [357, 109], [245, 50], [293, 212], [270, 215], [301, 298], [275, 298], [291, 369], [266, 380]]
data_balcony2\cam2_pose\cam2_20241215_151247_0062.png [[304, 55], [305, 51], [298, 49], [278, 52], [293, 100], [253, 84], [323, 146], [228, 105], [362, 116], [246, 58], [293, 211], [270, 212], [302, 297], [277, 297], [292, 369], [266, 380]]
data_balcony2\cam2_pose\cam2_20241215_151247_0063.png [[304, 60], [306, 55], [300, 53], [279, 53], [293, 99], [251, 81], [323, 147], [233, 113], [361, 129], [244, 72], [293, 208], [270, 208], [303, 294], [279, 295], [293, 370], [272, 376]]
data_balcony2\cam2_pose\cam2_20241215_151247_0064.png [[302, 60], [304, 54], [298, 52], [277, 53], [293, 100], [249, 84], [319, 149], [231, 117], [361, 136], [241, 79], [293, 211], [268, 210], [302, 294], [278, 295], [293, 370], [271, 377]]
data_balcony2\cam2_pose\cam2_20241215_151247_0065.png [[302, 60], [304, 54], [298, 52], [276, 52], [292, 99], [248, 85], [319, 148], [232, 118], [361, 137], [241, 78], [295, 210], [266, 210], [301, 295], [276, 295], [293, 369], [271, 378]]
data_balcony2\cam2_pose\cam2_20241215_151247_0066.png [[302, 53], [303, 49], [297, 48], [276, 52], [292, 99], [250, 81], [317, 149], [229, 121], [361, 144], [238, 90], [296, 214], [269, 216], [301, 297], [275, 296], [293, 368], [272, 379]]
data_balcony2\cam2_pose\cam2_20241215_151248_0067.png [[302, 60], [304, 55], [298, 53], [277, 53], [293, 99], [252, 82], [315, 152], [228, 126], [361, 152], [236, 100], [295, 212], [270, 214], [302, 297], [278, 297], [294, 369], [271, 378]]
data_balcony2\cam2_pose\cam2_20241215_151248_0068.png [[303, 62], [304, 56], [299, 54], [277, 54], [293, 100], [254, 85], [315, 152], [233, 130], [360, 155], [236, 105], [295, 212], [270, 213], [302, 297], [277, 297], [294, 369], [272, 378]]
data_balcony2\cam2_pose\cam2_20241215_151248_0069.png [[305, 62], [307, 57], [299, 54], [279, 56], [297, 104], [255, 93], [317, 155], [235, 138], [363, 163], [235, 120], [297, 210], [271, 208], [304, 292], [279, 293], [292, 369], [270, 376]]
data_balcony2\cam2_pose\cam2_20241215_151248_0070.png [[304, 61], [306, 57], [298, 53], [278, 56], [297, 105], [256, 91], [317, 155], [237, 137], [362, 167], [230, 127], [296, 209], [272, 208], [303, 296], [276, 296], [292, 368], [268, 376]]
data_balcony2\cam2_pose\cam2_20241215_151248_0071.png [[301, 62], [305, 57], [296, 54], [276, 56], [298, 110], [252, 93], [318, 155], [235, 138], [361, 170], [223, 133], [296, 212], [270, 211], [303, 296], [277, 297], [292, 369], [268, 378]]
data_balcony2\cam2_pose\cam2_20241215_151248_0072.png [[301, 62], [304, 57], [295, 54], [275, 56], [298, 110], [252, 92], [317, 156], [235, 136], [361, 170], [222, 132], [295, 211], [269, 211], [303, 294], [276, 296], [292, 368], [267, 378]]
data_balcony2\cam2_pose\cam2_20241215_151248_0073.png [[299, 60], [302, 54], [292, 51], [273, 54], [298, 111], [250, 90], [317, 155], [232, 135], [360, 171], [220, 134], [298, 213], [266, 211], [303, 294], [269, 297], [292, 366], [267, 379]]
data_balcony2\cam2_pose\cam2_20241215_151248_0074.png [[299, 59], [301, 54], [292, 50], [273, 53], [298, 111], [249, 91], [317, 155], [229, 129], [360, 172], [218, 134], [298, 214], [265, 214], [302, 297], [268, 300], [293, 366], [267, 379]]
data_balcony2\cam2_pose\cam2_20241215_151248_0075.png [[300, 59], [303, 54], [293, 50], [274, 54], [301, 111], [251, 92], [320, 156], [230, 125], [363, 175], [215, 139], [299, 211], [268, 212], [304, 292], [269, 297], [298, 369], [268, 378]]
data_balcony2\cam2_pose\cam2_20241215_151249_0076.png [[301, 60], [304, 55], [295, 52], [275, 54], [302, 112], [251, 93], [323, 156], [229, 125], [364, 176], [215, 140], [300, 212], [267, 212], [304, 293], [270, 296], [298, 369], [268, 378]]
data_balcony2\cam2_pose\cam2_20241215_151249_0077.png [[303, 62], [307, 57], [297, 53], [278, 56], [307, 113], [253, 96], [326, 156], [231, 128], [368, 177], [214, 144], [304, 212], [270, 211], [306, 293], [271, 296], [300, 369], [268, 377]]
data_balcony2\cam2_pose\cam2_20241215_151249_0078.png [[302, 60], [307, 56], [297, 53], [278, 55], [308, 113], [255, 96], [329, 156], [233, 129], [371, 178], [212, 148], [305, 210], [273, 207], [307, 294], [272, 296], [299, 369], [265, 375]]
data_balcony2\cam2_pose\cam2_20241215_151249_0079.png [[302, 60], [306, 56], [296, 53], [277, 55], [308, 112], [254, 97], [329, 156], [230, 131], [372, 179], [209, 149], [305, 210], [273, 208], [306, 293], [272, 296], [300, 369], [265, 376]]
data_balcony2\cam2_pose\cam2_20241215_151249_0080.png [[299, 60], [303, 56], [292, 52], [274, 55], [306, 112], [252, 98], [329, 158], [227, 131], [373, 180], [205, 150], [304, 212], [270, 210], [306, 296], [269, 299], [299, 370], [264, 379]]
data_balcony2\cam2_pose\cam2_20241215_151249_0081.png [[298, 60], [302, 56], [292, 52], [273, 55], [305, 113], [250, 99], [327, 156], [226, 133], [372, 180], [203, 152], [304, 213], [269, 211], [306, 295], [269, 300], [299, 370], [264, 380]]
data_balcony2\cam2_pose\cam2_20241215_151249_0082.png [[295, 58], [299, 53], [289, 50], [270, 54], [303, 111], [247, 97], [326, 158], [220, 132], [369, 181], [196, 152], [302, 213], [266, 212], [305, 296], [266, 299], [300, 369], [264, 379]]
data_balcony2\cam2_pose\cam2_20241215_151249_0083.png [[295, 57], [299, 52], [289, 48], [270, 52], [304, 111], [246, 95], [326, 158], [219, 131], [367, 181], [193, 152], [302, 215], [266, 214], [305, 296], [265, 299], [300, 369], [264, 380]]
data_balcony2\cam2_pose\cam2_20241215_151249_0084.png [[296, 57], [300, 52], [289, 48], [271, 52], [304, 111], [247, 96], [326, 157], [218, 132], [368, 182], [193, 152], [303, 214], [266, 214], [305, 295], [265, 299], [301, 369], [264, 380]]
data_balcony2\cam2_pose\cam2_20241215_151249_0085.png [[299, 59], [303, 54], [292, 50], [274, 54], [308, 112], [250, 97], [330, 159], [221, 134], [372, 184], [191, 158], [305, 214], [269, 212], [306, 296], [266, 299], [301, 370], [264, 380]]
data_balcony2\cam2_pose\cam2_20241215_151249_0086.png [[300, 59], [304, 54], [294, 51], [275, 54], [309, 112], [251, 97], [331, 159], [222, 136], [373, 185], [191, 159], [307, 215], [270, 214], [307, 295], [268, 299], [301, 370], [264, 379]]
data_balcony2\cam2_pose\cam2_20241215_151250_0087.png [[304, 60], [308, 55], [298, 51], [280, 55], [314, 113], [258, 98], [337, 160], [226, 137], [378, 187], [195, 161], [309, 214], [275, 210], [309, 296], [270, 297], [301, 370], [265, 379]]
data_balcony2\cam2_pose\cam2_20241215_151250_0088.png [[304, 59], [308, 54], [298, 51], [280, 55], [315, 111], [259, 98], [340, 159], [226, 137], [382, 187], [194, 161], [310, 215], [274, 212], [309, 296], [270, 296], [302, 371], [265, 377]]
data_balcony2\cam2_pose\cam2_20241215_151250_0089.png [[304, 59], [308, 54], [298, 51], [280, 55], [315, 111], [258, 98], [341, 160], [225, 138], [383, 188], [191, 162], [310, 213], [273, 210], [308, 295], [271, 295], [301, 371], [265, 377]]
data_balcony2\cam2_pose\cam2_20241215_151250_0090.png [[301, 59], [305, 54], [294, 51], [277, 55], [313, 112], [255, 99], [339, 160], [222, 138], [382, 187], [187, 162], [308, 214], [271, 211], [308, 296], [269, 298], [301, 371], [266, 379]]
data_balcony2\cam2_pose\cam2_20241215_151250_0091.png [[296, 57], [301, 53], [290, 49], [272, 54], [310, 111], [250, 98], [336, 159], [218, 137], [378, 185], [184, 162], [306, 216], [266, 215], [307, 297], [265, 298], [301, 371], [265, 380]]
data_balcony2\cam2_pose\cam2_20241215_151250_0092.png [[296, 57], [301, 52], [289, 49], [272, 53], [310, 110], [249, 98], [338, 161], [217, 138], [380, 186], [183, 163], [306, 215], [266, 214], [307, 297], [264, 299], [302, 371], [265, 380]]
data_balcony2\cam2_pose\cam2_20241215_151250_0093.png [[295, 56], [299, 51], [289, 48], [271, 52], [309, 109], [247, 97], [335, 157], [217, 135], [378, 186], [184, 163], [306, 217], [267, 217], [308, 296], [265, 297], [304, 369], [265, 380]]
data_balcony2\cam2_pose\cam2_20241215_151250_0094.png [[295, 56], [300, 51], [289, 48], [272, 52], [310, 109], [248, 97], [336, 157], [216, 137], [379, 188], [184, 164], [306, 215], [267, 215], [309, 296], [265, 297], [305, 370], [265, 379]]
data_balcony2\cam2_pose\cam2_20241215_151250_0095.png [[298, 57], [302, 52], [292, 49], [274, 54], [313, 111], [253, 98], [342, 162], [220, 139], [384, 189], [187, 167], [308, 214], [268, 214], [311, 296], [266, 297], [306, 371], [266, 380]]
data_balcony2\cam2_pose\cam2_20241215_151250_0096.png [[299, 57], [304, 53], [292, 50], [275, 54], [315, 111], [254, 98], [342, 161], [220, 141], [384, 189], [185, 168], [310, 217], [269, 215], [311, 296], [266, 296], [306, 371], [266, 380]]
data_balcony2\cam2_pose\cam2_20241215_151251_0097.png [[303, 59], [308, 53], [297, 51], [280, 56], [320, 111], [258, 101], [347, 161], [227, 143], [389, 190], [194, 169], [315, 216], [277, 215], [313, 297], [272, 297], [307, 372], [266, 379]]
data_balcony2\cam2_pose\cam2_20241215_151251_0098.png [[304, 59], [309, 54], [298, 51], [281, 56], [321, 112], [260, 101], [348, 161], [229, 141], [391, 190], [195, 170], [316, 215], [278, 213], [314, 297], [273, 296], [307, 372], [266, 378]]
data_balcony2\cam2_pose\cam2_20241215_151251_0099.png [[306, 58], [311, 53], [300, 50], [283, 55], [323, 111], [262, 101], [351, 160], [230, 142], [392, 191], [195, 172], [318, 213], [278, 212], [315, 297], [273, 296], [307, 372], [264, 380]]
data_balcony2\cam2_pose\cam2_20241215_151251_0100.png [[305, 58], [310, 53], [299, 50], [283, 55], [324, 110], [261, 101], [353, 161], [228, 143], [393, 192], [193, 173], [318, 216], [278, 215], [315, 298], [272, 297], [307, 372], [263, 380]]
data_balcony2\cam2_pose\cam2_20241215_151251_0101.png [[304, 58], [309, 53], [298, 50], [281, 55], [323, 110], [260, 101], [351, 161], [226, 143], [392, 192], [190, 175], [318, 212], [278, 209], [314, 297], [272, 297], [307, 372], [263, 381]]
data_balcony2\cam2_pose\cam2_20241215_151251_0102.png [[302, 58], [308, 53], [296, 50], [280, 55], [322, 111], [259, 101], [350, 161], [227, 141], [391, 192], [191, 174], [316, 212], [276, 210], [314, 297], [272, 296], [307, 372], [263, 381]]
data_balcony2\cam2_pose\cam2_20241215_151251_0103.png [[298, 58], [303, 53], [291, 50], [275, 55], [316, 111], [254, 101], [347, 161], [221, 142], [389, 192], [185, 174], [311, 209], [271, 209], [312, 294], [267, 296], [307, 371], [263, 383]]
data_balcony2\cam2_pose\cam2_20241215_151251_0104.png [[293, 57], [298, 52], [287, 49], [271, 54], [313, 110], [249, 99], [345, 160], [216, 141], [385, 191], [178, 175], [308, 213], [266, 213], [310, 293], [264, 294], [306, 370], [263, 382]]
data_balcony2\cam2_pose\cam2_20241215_151251_0105.png [[291, 57], [297, 51], [285, 48], [269, 54], [312, 110], [248, 99], [343, 159], [215, 139], [384, 190], [178, 174], [307, 213], [265, 213], [309, 294], [264, 294], [306, 371], [262, 381]]
data_balcony2\cam2_pose\cam2_20241215_151251_0106.png [[289, 55], [295, 49], [283, 47], [299, 54], [268, 52], [311, 109], [246, 98], [340, 158], [213, 141], [381, 191], [175, 176], [306, 219], [265, 222], [309, 295], [263, 298], [308, 371], [262, 384]]
data_balcony2\cam2_pose\cam2_20241215_151251_0107.png [[290, 55], [296, 49], [284, 47], [302, 54], [269, 52], [313, 109], [247, 99], [342, 160], [215, 144], [382, 194], [180, 177], [307, 221], [265, 222], [311, 295], [264, 300], [309, 372], [262, 383]]
data_balcony2\cam2_pose\cam2_20241215_151252_0108.png [[293, 56], [299, 50], [287, 47], [305, 56], [273, 53], [318, 109], [252, 100], [346, 161], [221, 146], [380, 196], [188, 180], [311, 215], [268, 216], [313, 294], [265, 297], [310, 373], [263, 382]]
data_balcony2\cam2_pose\cam2_20241215_151252_0109.png [[294, 56], [300, 50], [288, 48], [307, 56], [274, 54], [319, 109], [254, 101], [346, 161], [223, 145], [380, 196], [189, 182], [313, 212], [271, 213], [313, 295], [266, 295], [310, 373], [263, 381]]
data_balcony2\cam2_pose\cam2_20241215_151252_0110.png [[295, 56], [301, 51], [289, 48], [308, 57], [276, 54], [322, 109], [256, 101], [349, 161], [226, 147], [383, 198], [192, 182], [316, 215], [273, 215], [314, 298], [267, 297], [310, 373], [262, 381]]
data_balcony2\cam2_pose\cam2_20241215_151252_0111.png [[296, 56], [302, 50], [290, 48], [310, 55], [277, 55], [323, 107], [259, 102], [350, 159], [229, 149], [386, 198], [192, 185], [318, 209], [275, 210], [316, 296], [269, 293], [310, 373], [262, 378]]
data_balcony2\cam2_pose\cam2_20241215_151252_0112.png [[294, 56], [301, 50], [288, 48], [308, 56], [276, 54], [323, 107], [257, 102], [350, 159], [228, 149], [386, 198], [192, 186], [317, 212], [274, 212], [315, 296], [269, 294], [310, 373], [262, 375]]
data_balcony2\cam2_pose\cam2_20241215_151252_0113.png [[293, 56], [300, 50], [287, 48], [308, 55], [275, 54], [323, 107], [257, 102], [349, 159], [228, 150], [384, 197], [192, 188], [317, 209], [274, 210], [314, 297], [269, 295], [310, 372], [263, 376]]
data_balcony2\cam2_pose\cam2_20241215_151252_0114.png [[292, 56], [299, 50], [286, 48], [307, 55], [274, 55], [322, 107], [256, 102], [349, 159], [228, 150], [383, 197], [194, 188], [316, 212], [272, 213], [314, 296], [269, 296], [310, 372], [263, 376]]
data_balcony2\cam2_pose\cam2_20241215_151252_0115.png [[284, 56], [292, 50], [279, 48], [300, 55], [267, 55], [316, 108], [250, 104], [343, 160], [224, 154], [379, 201], [194, 193], [309, 212], [265, 213], [311, 295], [264, 294], [310, 373], [262, 377]]
data_balcony2\cam2_pose\cam2_20241215_151252_0116.png [[280, 56], [287, 49], [274, 48], [296, 54], [263, 55], [313, 107], [247, 102], [340, 161], [221, 154], [376, 201], [188, 195], [307, 215], [262, 216], [309, 294], [262, 297], [310, 372], [261, 377]]
data_balcony2\cam2_pose\cam2_20241215_151252_0117.png [[279, 55], [286, 49], [274, 48], [296, 54], [263, 54], [313, 107], [245, 102], [340, 161], [220, 153], [375, 201], [188, 193], [306, 213], [262, 213], [308, 294], [262, 296], [310, 372], [261, 377]]
data_balcony2\cam2_pose\cam2_20241215_151252_0118.png [[278, 54], [286, 48], [273, 47], [295, 53], [262, 54], [312, 107], [244, 101], [340, 158], [216, 151], [377, 198], [179, 189], [305, 214], [262, 214], [308, 293], [262, 298], [311, 372], [262, 377]]
data_balcony2\cam2_pose\cam2_20241215_151252_0119.png [[280, 54], [287, 48], [274, 47], [297, 54], [264, 53], [313, 107], [245, 102], [341, 156], [217, 151], [378, 196], [179, 188], [307, 220], [262, 220], [309, 297], [263, 301], [311, 372], [262, 377]]
data_balcony2\cam2_pose\cam2_20241215_151253_0120.png [[280, 54], [287, 48], [274, 47], [297, 54], [264, 53], [313, 107], [245, 102], [341, 156], [217, 151], [378, 196], [179, 188], [307, 220], [262, 220], [309, 297], [263, 301], [311, 372], [262, 377]]
data_balcony2\cam2_pose\cam2_20241215_151253_0121.png [[284, 55], [291, 49], [278, 48], [301, 54], [268, 54], [318, 107], [250, 103], [349, 157], [221, 150], [392, 195], [176, 185], [310, 219], [265, 219], [310, 297], [264, 298], [311, 374], [262, 377]]
data_balcony2\cam2_pose\cam2_20241215_151253_0122.png [[285, 55], [292, 50], [280, 48], [302, 54], [270, 54], [319, 107], [251, 104], [350, 156], [221, 149], [393, 194], [175, 184], [311, 212], [266, 213], [311, 298], [265, 299], [311, 375], [262, 377]]
data_balcony2\cam2_pose\cam2_20241215_151253_0123.png [[288, 55], [295, 49], [283, 47], [306, 54], [272, 54], [323, 107], [255, 103], [356, 154], [221, 146], [401, 189], [173, 178], [316, 213], [269, 211], [312, 298], [266, 296], [311, 375], [262, 375]]
data_balcony2\cam2_pose\cam2_20241215_151253_0124.png [[288, 55], [296, 49], [283, 48], [306, 54], [273, 54], [324, 107], [255, 103], [358, 155], [220, 144], [401, 187], [171, 176], [316, 212], [268, 210], [312, 298], [266, 296], [311, 375], [262, 375]]
data_balcony2\cam2_pose\cam2_20241215_151253_0125.png [[288, 55], [296, 49], [283, 48], [306, 54], [273, 54], [325, 107], [254, 104], [359, 154], [218, 146], [407, 188], [170, 175], [316, 216], [268, 215], [311, 297], [267, 297], [311, 375], [263, 375]]
data_balcony2\cam2_pose\cam2_20241215_151253_0126.png [[285, 56], [292, 50], [279, 48], [304, 54], [271, 54], [323, 109], [252, 105], [361, 155], [213, 145], [404, 181], [160, 171], [312, 215], [266, 214], [311, 298], [266, 297], [311, 375], [262, 375]]
data_balcony2\cam2_pose\cam2_20241215_151253_0127.png [[284, 56], [292, 50], [278, 48], [302, 55], [270, 54], [322, 110], [250, 106], [362, 155], [211, 145], [409, 182], [159, 170], [311, 217], [265, 215], [311, 298], [265, 299], [311, 375], [262, 376]]
data_balcony2\cam2_pose\cam2_20241215_151253_0128.png [[279, 56], [286, 50], [274, 48], [298, 55], [265, 54], [318, 110], [246, 105], [359, 150], [208, 142], [404, 172], [154, 168], [306, 218], [260, 217], [307, 296], [264, 300], [311, 374], [262, 376]]
data_balcony2\cam2_pose\cam2_20241215_151253_0129.png [[277, 54], [284, 48], [271, 48], [296, 54], [263, 54], [317, 110], [244, 104], [363, 150], [206, 140], [407, 167], [154, 165], [305, 218], [259, 219], [306, 296], [263, 301], [310, 373], [261, 377]]
data_balcony2\cam2_pose\cam2_20241215_151253_0130.png [[277, 54], [284, 48], [271, 47], [296, 54], [263, 54], [318, 110], [244, 104], [363, 149], [204, 140], [407, 165], [154, 164], [305, 221], [259, 221], [306, 297], [263, 301], [310, 374], [262, 376]]
data_balcony2\cam2_pose\cam2_20241215_151253_0131.png [[278, 54], [286, 48], [273, 47], [298, 54], [265, 53], [321, 109], [245, 105], [365, 146], [203, 139], [409, 161], [150, 158], [307, 220], [261, 220], [306, 295], [264, 299], [309, 377], [262, 377]]
data_balcony2\cam2_pose\cam2_20241215_151253_0132.png [[279, 54], [286, 48], [273, 47], [298, 53], [266, 54], [323, 110], [247, 106], [367, 146], [203, 139], [412, 161], [151, 156], [308, 220], [262, 219], [307, 297], [264, 300], [309, 377], [262, 376]]
data_balcony2\cam2_pose\cam2_20241215_151254_0133.png [[280, 54], [287, 48], [274, 48], [299, 54], [267, 54], [325, 110], [248, 106], [369, 146], [205, 138], [415, 161], [154, 154], [309, 222], [262, 219], [308, 299], [264, 301], [310, 376], [262, 376]]
data_balcony2\cam2_pose\cam2_20241215_151254_0134.png [[282, 54], [290, 47], [277, 48], [302, 53], [270, 54], [329, 110], [250, 107], [376, 144], [206, 137], [425, 155], [154, 149], [312, 220], [265, 218], [310, 298], [265, 297], [310, 377], [261, 374]]
data_balcony2\cam2_pose\cam2_20241215_151254_0135.png [[282, 54], [290, 47], [277, 48], [303, 53], [271, 54], [330, 110], [251, 106], [377, 144], [207, 136], [424, 152], [156, 147], [313, 221], [265, 219], [310, 298], [265, 297], [310, 377], [261, 375]]
data_balcony2\cam2_pose\cam2_20241215_151254_0136.png [[281, 53], [289, 47], [276, 47], [302, 53], [269, 54], [330, 110], [249, 107], [379, 140], [202, 136], [426, 145], [149, 142], [313, 220], [265, 218], [310, 297], [266, 294], [310, 377], [260, 374]]
data_balcony2\cam2_pose\cam2_20241215_151254_0137.png [[277, 54], [285, 47], [272, 48], [298, 54], [265, 54], [326, 111], [244, 108], [377, 136], [197, 134], [425, 138], [143, 136], [310, 224], [262, 221], [309, 298], [265, 299], [310, 377], [260, 375]]
data_balcony2\cam2_pose\cam2_20241215_151254_0138.png [[272, 54], [280, 48], [267, 48], [293, 54], [261, 55], [323, 110], [240, 107], [376, 134], [193, 130], [420, 132], [138, 131], [304, 215], [257, 214], [306, 296], [261, 298], [309, 377], [260, 376]]
data_balcony2\cam2_pose\cam2_20241215_151254_0139.png [[271, 53], [279, 47], [266, 47], [292, 53], [260, 53], [322, 109], [239, 105], [376, 128], [191, 124], [416, 126], [134, 121], [303, 216], [256, 216], [305, 296], [260, 298], [310, 375], [260, 376]]
data_balcony2\cam2_pose\cam2_20241215_151254_0140.png [[274, 53], [281, 47], [268, 48], [295, 53], [264, 54], [325, 108], [244, 107], [375, 126], [191, 123], [421, 122], [136, 117], [307, 216], [260, 214], [307, 294], [262, 298], [310, 375], [260, 376]]
data_balcony2\cam2_pose\cam2_20241215_151255_0141.png [[277, 53], [284, 46], [272, 47], [299, 53], [267, 53], [331, 108], [246, 107], [385, 124], [195, 123], [425, 113], [141, 115], [311, 217], [263, 214], [310, 297], [265, 297], [311, 376], [261, 375]]
data_balcony2\cam2_pose\cam2_20241215_151255_0142.png [[278, 52], [286, 45], [273, 46], [300, 53], [331, 107], [247, 107], [385, 120], [197, 123], [428, 103], [142, 112], [312, 217], [264, 214], [310, 296], [265, 295], [311, 375], [262, 374]]
data_balcony2\cam2_pose\cam2_20241215_151255_0143.png [[275, 53], [283, 46], [270, 47], [298, 53], [266, 53], [327, 107], [246, 107], [381, 118], [199, 123], [425, 95], [142, 105], [309, 219], [262, 216], [310, 297], [265, 297], [310, 376], [262, 375]]
data_balcony2\cam2_pose\cam2_20241215_151255_0144.png [[274, 53], [283, 47], [269, 48], [297, 53], [327, 107], [245, 107], [379, 117], [196, 123], [422, 94], [141, 103], [308, 219], [261, 215], [308, 296], [265, 296], [310, 376], [262, 375]]
data_balcony2\cam2_pose\cam2_20241215_151255_0145.png [[268, 53], [276, 47], [264, 47], [292, 53], [320, 107], [241, 106], [370, 116], [194, 120], [406, 87], [140, 96], [303, 218], [256, 216], [305, 296], [260, 299], [310, 376], [262, 376]]
data_balcony2\cam2_pose\cam2_20241215_151255_0146.png [[268, 52], [276, 46], [264, 47], [291, 53], [322, 107], [240, 106], [370, 115], [193, 120], [404, 86], [141, 96], [304, 215], [256, 215], [305, 296], [260, 298], [309, 375], [262, 376]]
data_balcony2\cam2_pose\cam2_20241215_151255_0147.png [[270, 52], [278, 45], [266, 47], [293, 53], [322, 106], [244, 106], [371, 113], [199, 124], [401, 77], [146, 92], [305, 216], [258, 215], [306, 297], [262, 300], [307, 375], [262, 375]]
data_balcony2\cam2_pose\cam2_20241215_151255_0148.png [[273, 52], [281, 45], [268, 47], [297, 52], [327, 105], [250, 107], [374, 113], [205, 126], [395, 72], [155, 89], [307, 219], [261, 217], [308, 295], [263, 297], [307, 375], [262, 374]]
data_balcony2\cam2_pose\cam2_20241215_151256_0149.png [[274, 51], [282, 44], [269, 46], [299, 52], [329, 102], [252, 106], [376, 109], [209, 126], [389, 66], [164, 87], [309, 218], [262, 215], [309, 295], [264, 296], [307, 375], [261, 374]]
data_balcony2\cam2_pose\cam2_20241215_151256_0150.png [[274, 52], [281, 45], [269, 47], [297, 52], [327, 102], [250, 107], [371, 108], [208, 126], [379, 62], [170, 86], [308, 220], [262, 216], [308, 296], [263, 297], [307, 376], [260, 375]]
data_balcony2\cam2_pose\cam2_20241215_151256_0151.png [[269, 54], [278, 47], [265, 48], [293, 54], [322, 103], [250, 107], [365, 110], [205, 128], [369, 63], [170, 81], [304, 221], [257, 218], [305, 297], [260, 300], [307, 377], [260, 376]]
data_balcony2\cam2_pose\cam2_20241215_151256_0152.png [[269, 54], [277, 47], [264, 49], [292, 54], [320, 102], [248, 107], [364, 110], [204, 128], [366, 63], [173, 84], [303, 218], [257, 217], [305, 297], [260, 298], [307, 376], [260, 375]]
data_balcony2\cam2_pose\cam2_20241215_151256_0153.png [[265, 53], [274, 47], [260, 48], [288, 53], [317, 103], [241, 106], [360, 110], [198, 125], [364, 66], [163, 80], [301, 220], [256, 219], [304, 296], [260, 296], [305, 373], [260, 376]]
data_balcony2\cam2_pose\cam2_20241215_151256_0154.png [[268, 54], [277, 47], [263, 48], [290, 54], [258, 53], [318, 103], [243, 106], [362, 113], [199, 126], [371, 69], [161, 87], [304, 221], [258, 220], [304, 297], [260, 299], [305, 375], [260, 377]]
data_balcony2\cam2_pose\cam2_20241215_151256_0155.png [[269, 54], [278, 47], [265, 48], [292, 54], [319, 104], [245, 106], [364, 113], [201, 126], [373, 69], [160, 87], [305, 219], [258, 218], [304, 295], [260, 297], [305, 375], [260, 376]]
data_balcony2\cam2_pose\cam2_20241215_151256_0156.png [[273, 53], [281, 46], [268, 47], [295, 53], [263, 54], [324, 104], [248, 106], [369, 114], [204, 126], [380, 72], [162, 88], [307, 218], [261, 216], [306, 297], [262, 296], [305, 375], [260, 375]]
data_balcony2\cam2_pose\cam2_20241215_151257_0157.png [[276, 51], [284, 44], [271, 45], [298, 51], [266, 51], [327, 105], [249, 105], [368, 117], [206, 125], [386, 77], [159, 89], [308, 219], [262, 216], [307, 296], [263, 297], [305, 375], [259, 375]]
data_balcony2\cam2_pose\cam2_20241215_151257_0158.png [[273, 52], [281, 46], [268, 46], [295, 52], [262, 53], [322, 107], [245, 105], [364, 122], [200, 125], [388, 83], [152, 93], [305, 215], [258, 215], [305, 297], [261, 299], [305, 375], [259, 377]]
data_balcony2\cam2_pose\cam2_20241215_151257_0159.png [[272, 53], [280, 46], [267, 46], [293, 53], [261, 53], [320, 106], [244, 105], [361, 123], [200, 126], [387, 85], [150, 95], [304, 215], [257, 214], [305, 296], [260, 299], [305, 375], [259, 377]]
data_balcony2\cam2_pose\cam2_20241215_151257_0160.png [[272, 51], [280, 44], [266, 44], [292, 51], [260, 51], [316, 106], [239, 104], [357, 126], [196, 125], [389, 94], [146, 99], [303, 220], [257, 219], [305, 296], [260, 299], [307, 376], [259, 377]]
data_balcony2\cam2_pose\cam2_20241215_151257_0161.png [[280, 51], [288, 45], [274, 45], [298, 53], [266, 53], [322, 109], [243, 104], [366, 128], [198, 125], [401, 98], [149, 105], [307, 221], [260, 219], [306, 296], [261, 299], [308, 377], [259, 377]]
data_balcony2\cam2_pose\cam2_20241215_151257_0162.png [[281, 51], [290, 46], [276, 45], [300, 52], [268, 53], [323, 110], [246, 104], [368, 129], [202, 126], [405, 98], [151, 108], [308, 219], [260, 217], [306, 296], [262, 298], [309, 377], [259, 376]]
data_balcony2\cam2_pose\cam2_20241215_151257_0163.png [[289, 52], [298, 46], [284, 45], [307, 53], [275, 53], [329, 109], [251, 104], [371, 132], [207, 127], [412, 106], [157, 114], [312, 218], [265, 215], [309, 296], [265, 296], [310, 376], [259, 375]]
data_balcony2\cam2_pose\cam2_20241215_151257_0164.png [[291, 51], [299, 46], [286, 44], [308, 53], [275, 53], [330, 109], [251, 104], [372, 133], [208, 126], [413, 110], [159, 116], [313, 219], [266, 215], [310, 297], [265, 297], [309, 376], [258, 376]]
data_balcony2\cam2_pose\cam2_20241215_151258_0165.png [[289, 51], [296, 46], [283, 45], [306, 53], [273, 54], [328, 108], [250, 105], [366, 135], [209, 126], [412, 114], [156, 117], [311, 221], [264, 218], [309, 297], [263, 299], [309, 375], [257, 377]]
data_balcony2\cam2_pose\cam2_20241215_151258_0166.png [[283, 51], [292, 46], [278, 44], [301, 53], [268, 54], [323, 110], [245, 104], [363, 135], [204, 128], [408, 121], [152, 121], [308, 218], [260, 218], [307, 296], [261, 298], [309, 375], [257, 377]]
data_balcony2\cam2_pose\cam2_20241215_151258_0167.png [[278, 49], [286, 44], [272, 43], [295, 52], [262, 53], [317, 108], [241, 103], [358, 136], [199, 129], [405, 128], [147, 126], [306, 221], [259, 222], [306, 296], [260, 301], [310, 375], [257, 378]]
data_balcony2\cam2_pose\cam2_20241215_151258_0168.png [[278, 49], [286, 44], [272, 42], [294, 52], [261, 54], [317, 107], [241, 103], [361, 136], [199, 129], [406, 131], [146, 130], [308, 217], [263, 218], [307, 295], [262, 298], [310, 373], [257, 377]]
data_balcony2\cam2_pose\cam2_20241215_151258_0169.png [[283, 50], [290, 44], [277, 44], [299, 53], [266, 54], [322, 108], [245, 104], [366, 137], [202, 132], [413, 134], [154, 135], [310, 224], [265, 223], [309, 299], [262, 301], [310, 375], [257, 377]]
data_balcony2\cam2_pose\cam2_20241215_151258_0170.png [[289, 50], [296, 45], [283, 44], [304, 53], [271, 53], [326, 108], [251, 103], [370, 138], [210, 131], [419, 136], [161, 140], [314, 217], [266, 217], [310, 300], [265, 301], [310, 376], [257, 378]]
data_balcony2\cam2_pose\cam2_20241215_151258_0171.png [[290, 50], [297, 45], [284, 44], [305, 52], [272, 53], [326, 108], [252, 103], [370, 138], [211, 131], [420, 137], [163, 140], [315, 215], [267, 214], [310, 298], [264, 299], [310, 375], [256, 376]]
data_balcony2\cam2_pose\cam2_20241215_151258_0172.png [[290, 50], [298, 44], [284, 43], [305, 51], [272, 52], [325, 107], [251, 101], [374, 140], [209, 131], [419, 141], [160, 144], [314, 216], [266, 216], [311, 300], [263, 299], [310, 376], [256, 378]]
data_balcony2\cam2_pose\cam2_20241215_151259_0173.png [[283, 50], [289, 45], [277, 42], [296, 52], [263, 51], [314, 106], [242, 101], [357, 143], [201, 134], [407, 149], [151, 150], [307, 216], [261, 215], [307, 297], [260, 300], [310, 375], [256, 380]]
data_balcony2\cam2_pose\cam2_20241215_151259_0174.png [[282, 50], [288, 45], [276, 42], [295, 51], [262, 51], [313, 107], [241, 100], [356, 144], [199, 135], [407, 151], [149, 151], [305, 218], [259, 219], [307, 299], [259, 301], [310, 374], [256, 380]]
data_balcony2\cam2_pose\cam2_20241215_151259_0175.png [[280, 50], [286, 44], [273, 42], [292, 51], [259, 50], [308, 106], [237, 99], [354, 146], [197, 133], [405, 158], [146, 154], [304, 216], [257, 220], [306, 294], [257, 299], [309, 372], [256, 381]]
data_balcony2\cam2_pose\cam2_20241215_151259_0176.png [[281, 50], [287, 45], [275, 42], [293, 50], [260, 49], [308, 106], [238, 98], [350, 146], [197, 133], [402, 164], [147, 157], [304, 212], [259, 214], [308, 295], [259, 299], [309, 372], [256, 382]]
data_balcony2\cam2_pose\cam2_20241215_151259_0177.png [[287, 52], [293, 46], [281, 44], [299, 51], [266, 51], [313, 107], [245, 99], [355, 150], [205, 136], [407, 171], [158, 161], [308, 210], [263, 210], [310, 294], [261, 298], [310, 374], [256, 380]]
data_balcony2\cam2_pose\cam2_20241215_151259_0178.png [[293, 51], [298, 46], [286, 44], [304, 51], [271, 51], [318, 105], [250, 99], [358, 150], [213, 137], [409, 175], [166, 165], [311, 215], [265, 213], [310, 296], [261, 297], [310, 374], [256, 378]]
data_balcony2\cam2_pose\cam2_20241215_151259_0179.png [[293, 50], [299, 45], [287, 42], [305, 51], [272, 50], [318, 105], [251, 98], [357, 150], [215, 137], [407, 178], [175, 165], [310, 218], [264, 216], [310, 296], [261, 298], [310, 374], [256, 381]]
data_balcony2\cam2_pose\cam2_20241215_151259_0180.png [[293, 50], [299, 45], [287, 43], [305, 51], [272, 50], [317, 105], [250, 97], [358, 152], [214, 137], [407, 179], [175, 166], [308, 217], [263, 216], [310, 297], [260, 299], [310, 374], [256, 380]]
data_balcony2\cam2_pose\cam2_20241215_151300_0181.png [[289, 51], [295, 47], [283, 43], [299, 52], [267, 49], [311, 106], [244, 97], [351, 153], [211, 138], [399, 182], [173, 168], [306, 218], [261, 218], [308, 296], [260, 299], [310, 373], [257, 381]]
data_balcony2\cam2_pose\cam2_20241215_151300_0182.png [[288, 51], [293, 46], [282, 43], [266, 49], [310, 106], [244, 97], [349, 152], [211, 137], [396, 182], [172, 170], [305, 212], [260, 212], [307, 294], [259, 298], [310, 372], [257, 382]]
data_balcony2\cam2_pose\cam2_20241215_151300_0183.png [[282, 50], [288, 45], [275, 42], [259, 48], [304, 104], [239, 96], [342, 152], [206, 137], [389, 184], [170, 171], [301, 214], [256, 218], [305, 295], [256, 300], [308, 373], [257, 381]]
data_balcony2\cam2_pose\cam2_20241215_151300_0184.png [[282, 50], [287, 44], [275, 41], [258, 48], [303, 104], [237, 95], [338, 152], [204, 137], [385, 187], [171, 174], [299, 212], [256, 214], [304, 295], [256, 299], [305, 372], [257, 381]]
data_balcony2\cam2_pose\cam2_20241215_151300_0185.png [[286, 51], [291, 46], [280, 42], [262, 48], [305, 105], [240, 95], [336, 155], [208, 143], [382, 192], [181, 179], [301, 212], [259, 214], [305, 295], [259, 299], [304, 374], [256, 381]]
data_balcony2\cam2_pose\cam2_20241215_151300_0186.png [[292, 53], [298, 48], [286, 45], [268, 50], [310, 107], [247, 96], [337, 158], [216, 147], [381, 196], [191, 180], [305, 209], [264, 210], [307, 293], [261, 297], [304, 374], [257, 381]]
data_balcony2\cam2_pose\cam2_20241215_151300_0187.png [[294, 54], [299, 48], [288, 45], [270, 50], [311, 107], [247, 96], [340, 159], [218, 145], [381, 196], [194, 179], [306, 213], [265, 214], [308, 294], [262, 298], [304, 375], [257, 381]]
data_balcony2\cam2_pose\cam2_20241215_151300_0188.png [[298, 53], [303, 48], [292, 45], [274, 49], [313, 107], [250, 95], [339, 156], [221, 138], [382, 196], [197, 173], [306, 214], [265, 212], [307, 296], [261, 296], [304, 374], [257, 380]]
data_balcony2\cam2_pose\cam2_20241215_151300_0189.png [[298, 53], [302, 48], [292, 45], [273, 48], [312, 106], [250, 95], [340, 156], [221, 136], [382, 196], [199, 168], [305, 212], [264, 212], [307, 296], [261, 296], [304, 374], [257, 380]]
data_balcony2\cam2_pose\cam2_20241215_151301_0190.png [[295, 53], [299, 48], [289, 45], [269, 48], [307, 107], [244, 95], [336, 156], [214, 135], [379, 192], [194, 167], [301, 205], [260, 207], [305, 293], [260, 294], [304, 373], [259, 380]]
data_balcony2\cam2_pose\cam2_20241215_151301_0191.png [[292, 52], [296, 48], [286, 44], [266, 46], [302, 106], [241, 92], [332, 156], [206, 132], [380, 188], [192, 167], [297, 211], [256, 212], [304, 296], [258, 297], [304, 373], [258, 380]]
data_balcony2\cam2_pose\cam2_20241215_151301_0192.png [[292, 52], [296, 48], [287, 44], [266, 45], [301, 105], [240, 91], [333, 157], [206, 130], [381, 187], [192, 167], [296, 208], [257, 210], [303, 296], [258, 297], [304, 373], [258, 380]]
data_balcony2\cam2_pose\cam2_20241215_151301_0193.png [[294, 52], [298, 48], [289, 44], [268, 45], [300, 105], [240, 90], [329, 154], [205, 128], [375, 176], [195, 166], [297, 213], [259, 213], [302, 297], [259, 299], [302, 372], [258, 379]]
data_balcony2\cam2_pose\cam2_20241215_151301_0194.png [[298, 55], [303, 52], [294, 47], [273, 47], [301, 107], [246, 90], [331, 155], [206, 128], [379, 166], [202, 168], [298, 210], [262, 210], [303, 297], [262, 299], [302, 374], [258, 380]]
data_balcony2\cam2_pose\cam2_20241215_151301_0195.png [[305, 57], [309, 54], [301, 48], [280, 48], [304, 109], [251, 90], [332, 155], [211, 128], [383, 157], [209, 168], [301, 210], [265, 210], [304, 293], [264, 297], [302, 373], [259, 380]]
data_balcony2\cam2_pose\cam2_20241215_151301_0196.png [[310, 56], [313, 54], [304, 49], [284, 50], [307, 110], [254, 89], [332, 155], [214, 126], [382, 150], [213, 170], [301, 206], [267, 206], [305, 294], [266, 296], [302, 372], [259, 380]]
data_balcony2\cam2_pose\cam2_20241215_151301_0197.png [[312, 60], [315, 57], [308, 52], [286, 50], [307, 110], [257, 89], [331, 155], [214, 128], [383, 145], [215, 170], [302, 207], [268, 207], [305, 294], [267, 295], [302, 373], [259, 380]]
data_balcony2\cam2_pose\cam2_20241215_151301_0198.png [[315, 59], [317, 56], [310, 51], [289, 50], [308, 110], [258, 89], [334, 155], [217, 127], [383, 142], [220, 169], [302, 210], [269, 209], [305, 295], [268, 296], [302, 373], [259, 380]]
data_balcony2\cam2_pose\cam2_20241215_151302_0199.png [[312, 59], [316, 56], [307, 51], [287, 50], [308, 110], [257, 89], [333, 154], [217, 125], [383, 150], [223, 165], [303, 210], [269, 209], [305, 297], [266, 299], [302, 373], [259, 380]]
