data_bruh_jack\cam1_pose\cam1_20241016_004133_0000.png [[273, 67], [278, 59], [272, 62], [301, 59], [319, 107], [294, 110], [327, 166], [286, 174], [345, 220], [270, 221], [309, 231], [285, 230], [317, 324], [289, 323], [333, 405], [296, 389]]
data_bruh_jack\cam1_pose\cam1_20241016_004133_0001.png [[273, 67], [278, 59], [272, 62], [301, 58], [319, 106], [294, 110], [327, 165], [285, 175], [346, 220], [271, 221], [309, 231], [286, 230], [317, 325], [289, 324], [333, 405], [296, 388]]
data_bruh_jack\cam1_pose\cam1_20241016_004133_0002.png [[273, 67], [278, 59], [272, 62], [301, 58], [319, 106], [295, 110], [328, 165], [286, 174], [348, 219], [271, 221], [310, 230], [286, 230], [317, 325], [289, 323], [333, 405], [296, 388]]
data_bruh_jack\cam1_pose\cam1_20241016_004133_0003.png [[274, 67], [279, 58], [272, 61], [301, 58], [319, 106], [295, 110], [329, 166], [286, 173], [349, 219], [272, 222], [310, 230], [286, 230], [318, 324], [289, 323], [333, 405], [296, 388]]
data_bruh_jack\cam1_pose\cam1_20241016_004133_0004.png [[274, 66], [280, 58], [272, 61], [302, 57], [320, 105], [294, 110], [331, 165], [287, 173], [352, 219], [272, 222], [311, 231], [286, 231], [317, 325], [288, 323], [333, 405], [295, 388]]
data_bruh_jack\cam1_pose\cam1_20241016_004133_0005.png [[275, 66], [280, 57], [272, 61], [302, 57], [320, 105], [293, 110], [332, 166], [287, 174], [353, 219], [272, 223], [313, 233], [286, 232], [317, 325], [287, 323], [333, 405], [295, 388]]
data_bruh_jack\cam1_pose\cam1_20241016_004134_0006.png [[277, 65], [283, 56], [274, 60], [304, 56], [322, 104], [292, 111], [334, 164], [289, 174], [358, 219], [272, 222], [316, 232], [288, 230], [320, 327], [290, 323], [333, 406], [295, 388]]
data_bruh_jack\cam1_pose\cam1_20241016_004134_0007.png [[277, 64], [284, 55], [274, 59], [305, 56], [323, 104], [290, 112], [335, 164], [287, 175], [359, 219], [272, 222], [315, 233], [289, 231], [322, 327], [291, 321], [333, 407], [296, 389]]
data_bruh_jack\cam1_pose\cam1_20241016_004134_0008.png [[278, 64], [284, 55], [275, 59], [307, 56], [323, 104], [290, 113], [337, 165], [286, 177], [360, 219], [272, 222], [317, 233], [289, 231], [322, 327], [291, 321], [333, 407], [296, 388]]
data_bruh_jack\cam1_pose\cam1_20241016_004134_0009.png [[279, 63], [285, 54], [275, 58], [307, 56], [325, 103], [289, 114], [338, 165], [285, 177], [361, 219], [271, 222], [319, 233], [289, 231], [323, 328], [292, 321], [334, 407], [296, 389]]
data_bruh_jack\cam1_pose\cam1_20241016_004134_0010.png [[280, 63], [286, 54], [276, 58], [308, 55], [326, 103], [289, 114], [339, 165], [284, 176], [363, 219], [271, 221], [319, 233], [289, 231], [324, 327], [292, 321], [334, 407], [295, 388]]
data_bruh_jack\cam1_pose\cam1_20241016_004134_0011.png [[280, 62], [287, 53], [277, 57], [309, 54], [326, 103], [289, 114], [340, 164], [284, 176], [364, 219], [271, 221], [319, 233], [289, 231], [325, 327], [292, 322], [334, 406], [295, 388]]
data_bruh_jack\cam1_pose\cam1_20241016_004134_0012.png [[281, 62], [288, 53], [277, 57], [310, 54], [327, 102], [290, 114], [341, 163], [284, 175], [364, 219], [270, 221], [319, 234], [289, 231], [325, 327], [291, 320], [334, 406], [295, 387]]
data_bruh_jack\cam1_pose\cam1_20241016_004134_0013.png [[282, 61], [289, 52], [278, 56], [310, 53], [328, 102], [290, 113], [341, 163], [284, 174], [364, 218], [268, 221], [320, 232], [289, 229], [323, 325], [290, 320], [334, 405], [294, 387]]
data_bruh_jack\cam1_pose\cam1_20241016_004134_0014.png [[282, 62], [289, 53], [278, 56], [310, 54], [327, 102], [289, 114], [340, 162], [281, 174], [363, 218], [266, 220], [318, 231], [287, 228], [320, 324], [287, 319], [333, 405], [292, 390]]
data_bruh_jack\cam1_pose\cam1_20241016_004134_0015.png [[281, 62], [288, 53], [277, 57], [310, 55], [326, 103], [288, 115], [340, 163], [280, 176], [363, 218], [265, 221], [317, 231], [286, 227], [319, 326], [287, 320], [333, 405], [292, 392]]
data_bruh_jack\cam1_pose\cam1_20241016_004134_0016.png [[281, 63], [288, 54], [277, 57], [309, 57], [326, 104], [286, 116], [340, 164], [279, 176], [362, 218], [264, 221], [317, 232], [286, 229], [319, 325], [287, 320], [333, 405], [291, 392]]
data_bruh_jack\cam1_pose\cam1_20241016_004134_0017.png [[280, 63], [288, 55], [277, 58], [308, 57], [325, 105], [285, 116], [339, 163], [278, 176], [362, 218], [262, 221], [317, 233], [285, 230], [319, 325], [287, 320], [333, 406], [291, 393]]
data_bruh_jack\cam1_pose\cam1_20241016_004134_0018.png [[280, 63], [287, 55], [276, 59], [308, 58], [324, 105], [284, 116], [338, 163], [276, 176], [361, 216], [261, 221], [316, 233], [284, 230], [317, 325], [287, 320], [333, 406], [292, 393]]
data_bruh_jack\cam1_pose\cam1_20241016_004134_0019.png [[280, 64], [287, 56], [275, 59], [308, 58], [323, 105], [283, 116], [338, 163], [274, 176], [362, 216], [260, 221], [316, 232], [283, 230], [317, 324], [287, 320], [332, 405], [292, 393]]
data_bruh_jack\cam1_pose\cam1_20241016_004134_0020.png [[279, 64], [286, 56], [275, 59], [307, 59], [323, 106], [281, 116], [338, 162], [273, 176], [362, 215], [258, 221], [316, 233], [282, 231], [316, 324], [286, 320], [332, 404], [292, 393]]
data_bruh_jack\cam1_pose\cam1_20241016_004134_0021.png [[279, 63], [286, 56], [275, 58], [306, 59], [322, 106], [278, 116], [341, 161], [269, 175], [367, 213], [253, 220], [315, 233], [280, 232], [319, 324], [286, 320], [331, 402], [292, 393]]
data_bruh_jack\cam1_pose\cam1_20241016_004134_0022.png [[279, 63], [287, 56], [275, 58], [306, 59], [323, 106], [278, 116], [341, 161], [268, 174], [368, 212], [252, 220], [316, 233], [281, 232], [319, 325], [286, 320], [331, 402], [292, 393]]
data_bruh_jack\cam1_pose\cam1_20241016_004134_0023.png [[280, 63], [287, 56], [275, 58], [307, 59], [323, 105], [278, 116], [342, 161], [268, 174], [370, 213], [251, 220], [316, 233], [281, 232], [320, 324], [286, 320], [332, 402], [292, 393]]
data_bruh_jack\cam1_pose\cam1_20241016_004134_0024.png [[280, 64], [288, 56], [276, 58], [308, 59], [324, 106], [278, 117], [344, 161], [268, 175], [371, 213], [250, 220], [316, 234], [281, 233], [320, 324], [286, 319], [332, 403], [292, 394]]
data_bruh_jack\cam1_pose\cam1_20241016_004134_0025.png [[281, 64], [289, 56], [277, 58], [308, 59], [325, 106], [279, 117], [345, 161], [269, 176], [373, 213], [250, 221], [316, 236], [281, 233], [321, 325], [287, 319], [332, 404], [292, 393]]
data_bruh_jack\cam1_pose\cam1_20241016_004135_0026.png [[283, 64], [290, 56], [278, 58], [310, 59], [327, 106], [280, 117], [346, 161], [270, 176], [374, 213], [251, 222], [316, 234], [282, 232], [321, 325], [288, 320], [332, 405], [292, 393]]
data_bruh_jack\cam1_pose\cam1_20241016_004135_0027.png [[288, 62], [295, 54], [283, 57], [315, 57], [332, 105], [284, 116], [352, 161], [272, 175], [379, 214], [253, 222], [319, 233], [285, 228], [322, 325], [289, 318], [332, 406], [292, 392]]
data_bruh_jack\cam1_pose\cam1_20241016_004135_0028.png [[288, 62], [296, 53], [284, 56], [316, 57], [333, 104], [285, 115], [353, 160], [272, 174], [381, 214], [252, 221], [319, 233], [285, 228], [323, 325], [289, 317], [332, 405], [291, 391]]
data_bruh_jack\cam1_pose\cam1_20241016_004135_0029.png [[289, 61], [296, 53], [284, 55], [316, 56], [334, 104], [285, 115], [354, 160], [273, 172], [382, 214], [251, 221], [320, 232], [287, 227], [323, 325], [289, 316], [332, 405], [290, 392]]
data_bruh_jack\cam1_pose\cam1_20241016_004135_0030.png [[289, 60], [297, 53], [284, 55], [316, 56], [334, 104], [285, 114], [355, 160], [273, 171], [383, 215], [251, 220], [321, 233], [287, 227], [323, 324], [288, 318], [332, 405], [288, 390]]
data_bruh_jack\cam1_pose\cam1_20241016_004135_0031.png [[289, 60], [296, 52], [284, 54], [316, 56], [334, 104], [285, 114], [355, 160], [272, 170], [383, 214], [250, 220], [322, 232], [287, 227], [323, 324], [287, 316], [332, 405], [286, 390]]
data_bruh_jack\cam1_pose\cam1_20241016_004135_0032.png [[289, 60], [296, 52], [284, 54], [316, 56], [334, 103], [284, 114], [355, 159], [271, 170], [383, 214], [249, 219], [321, 232], [286, 227], [324, 324], [285, 316], [332, 406], [284, 390]]
data_bruh_jack\cam1_pose\cam1_20241016_004135_0033.png [[288, 59], [296, 51], [284, 54], [316, 55], [334, 103], [283, 114], [355, 159], [270, 170], [383, 213], [248, 219], [320, 233], [284, 228], [324, 326], [284, 319], [332, 407], [281, 391]]
data_bruh_jack\cam1_pose\cam1_20241016_004135_0034.png [[284, 60], [292, 52], [280, 54], [311, 56], [329, 104], [278, 115], [351, 159], [263, 171], [381, 212], [241, 219], [317, 232], [280, 228], [322, 326], [278, 321], [332, 406], [276, 394]]
data_bruh_jack\cam1_pose\cam1_20241016_004135_0035.png [[283, 60], [290, 53], [278, 55], [310, 57], [328, 104], [276, 116], [350, 159], [261, 172], [379, 211], [238, 220], [317, 232], [279, 227], [321, 327], [276, 323], [332, 406], [276, 395]]
data_bruh_jack\cam1_pose\cam1_20241016_004135_0036.png [[281, 61], [289, 53], [277, 56], [308, 58], [326, 106], [274, 116], [349, 160], [259, 172], [378, 211], [236, 220], [315, 234], [277, 229], [320, 327], [275, 323], [332, 406], [276, 395]]
data_bruh_jack\cam1_pose\cam1_20241016_004135_0037.png [[280, 62], [287, 54], [275, 56], [306, 59], [323, 107], [271, 117], [347, 160], [256, 172], [376, 210], [233, 221], [314, 234], [275, 231], [319, 327], [274, 324], [332, 405], [276, 395]]
data_bruh_jack\cam1_pose\cam1_20241016_004135_0038.png [[277, 62], [286, 55], [273, 56], [304, 60], [321, 107], [269, 117], [345, 161], [254, 171], [376, 211], [230, 220], [312, 233], [273, 229], [318, 324], [272, 322], [331, 403], [276, 395]]
data_bruh_jack\cam1_pose\cam1_20241016_004135_0039.png [[271, 62], [279, 55], [266, 57], [298, 60], [316, 108], [261, 117], [340, 160], [244, 172], [372, 210], [220, 219], [305, 230], [267, 230], [314, 323], [270, 322], [330, 399], [276, 395]]
data_bruh_jack\cam1_pose\cam1_20241016_004135_0040.png [[270, 62], [278, 55], [266, 57], [296, 60], [315, 107], [260, 117], [340, 160], [242, 172], [372, 210], [218, 219], [304, 230], [266, 229], [313, 322], [270, 322], [329, 399], [276, 395]]
data_bruh_jack\cam1_pose\cam1_20241016_004135_0041.png [[270, 62], [278, 55], [265, 57], [296, 60], [314, 107], [259, 117], [340, 159], [241, 172], [372, 209], [217, 218], [304, 228], [266, 228], [313, 323], [269, 321], [329, 399], [276, 395]]
data_bruh_jack\cam1_pose\cam1_20241016_004135_0042.png [[269, 62], [278, 55], [265, 56], [296, 60], [314, 107], [259, 117], [340, 160], [241, 171], [371, 209], [216, 218], [303, 229], [266, 228], [312, 322], [269, 321], [328, 400], [276, 395]]
data_bruh_jack\cam1_pose\cam1_20241016_004135_0043.png [[269, 62], [278, 55], [265, 56], [296, 60], [314, 107], [259, 117], [340, 160], [240, 171], [372, 209], [215, 218], [303, 227], [266, 226], [311, 322], [270, 320], [327, 401], [276, 395]]
data_bruh_jack\cam1_pose\cam1_20241016_004135_0044.png [[270, 62], [278, 55], [265, 56], [296, 60], [314, 107], [259, 116], [340, 161], [241, 171], [373, 210], [215, 218], [303, 227], [266, 226], [311, 322], [270, 320], [327, 401], [277, 395]]
data_bruh_jack\cam1_pose\cam1_20241016_004135_0045.png [[271, 62], [279, 55], [266, 56], [297, 60], [315, 108], [259, 117], [341, 161], [241, 171], [373, 210], [216, 218], [304, 228], [266, 227], [311, 321], [270, 318], [327, 401], [277, 395]]
data_bruh_jack\cam1_pose\cam1_20241016_004135_0046.png [[277, 62], [285, 55], [272, 56], [302, 60], [320, 109], [263, 117], [347, 162], [243, 172], [378, 213], [219, 218], [308, 233], [269, 230], [314, 325], [272, 322], [328, 403], [277, 395]]
data_bruh_jack\cam1_pose\cam1_20241016_004136_0047.png [[279, 62], [287, 55], [274, 56], [304, 60], [322, 109], [264, 117], [349, 163], [245, 171], [380, 214], [220, 218], [310, 234], [271, 231], [315, 325], [272, 323], [328, 404], [277, 395]]
data_bruh_jack\cam1_pose\cam1_20241016_004136_0048.png [[281, 61], [289, 54], [275, 55], [306, 60], [325, 109], [266, 116], [351, 163], [246, 171], [382, 214], [221, 218], [312, 234], [272, 230], [316, 326], [273, 323], [328, 404], [277, 395]]
data_bruh_jack\cam1_pose\cam1_20241016_004136_0049.png [[282, 61], [290, 54], [277, 55], [308, 59], [326, 108], [267, 116], [352, 164], [247, 170], [384, 214], [221, 217], [313, 231], [273, 228], [317, 326], [273, 323], [328, 403], [276, 394]]
data_bruh_jack\cam1_pose\cam1_20241016_004136_0050.png [[283, 60], [292, 53], [278, 54], [310, 58], [328, 108], [268, 115], [354, 163], [247, 169], [385, 214], [222, 216], [314, 231], [273, 227], [318, 324], [273, 321], [328, 403], [276, 394]]
data_bruh_jack\cam1_pose\cam1_20241016_004136_0051.png [[285, 59], [293, 52], [280, 54], [310, 58], [329, 107], [269, 114], [355, 163], [248, 169], [386, 213], [221, 216], [315, 231], [274, 228], [319, 324], [272, 321], [328, 403], [275, 394]]
data_bruh_jack\cam1_pose\cam1_20241016_004136_0052.png [[286, 58], [295, 51], [281, 52], [311, 57], [331, 107], [269, 114], [357, 162], [245, 167], [389, 213], [217, 215], [316, 230], [274, 226], [319, 325], [271, 321], [328, 403], [269, 393]]
data_bruh_jack\cam1_pose\cam1_20241016_004136_0053.png [[286, 58], [295, 51], [280, 52], [310, 57], [330, 107], [268, 114], [357, 163], [244, 167], [388, 212], [215, 215], [316, 230], [274, 226], [319, 326], [270, 321], [328, 404], [267, 393]]
data_bruh_jack\cam1_pose\cam1_20241016_004136_0054.png [[285, 59], [294, 52], [280, 53], [310, 57], [329, 107], [266, 114], [356, 163], [242, 168], [388, 212], [213, 216], [315, 231], [273, 227], [319, 325], [270, 321], [328, 404], [266, 393]]
data_bruh_jack\cam1_pose\cam1_20241016_004136_0055.png [[284, 59], [292, 53], [278, 53], [308, 58], [327, 108], [265, 114], [356, 164], [241, 168], [387, 213], [211, 216], [315, 231], [272, 227], [319, 325], [269, 321], [328, 404], [266, 395]]
data_bruh_jack\cam1_pose\cam1_20241016_004136_0056.png [[283, 60], [292, 53], [277, 54], [306, 59], [325, 109], [262, 115], [354, 164], [238, 169], [386, 213], [208, 217], [314, 230], [271, 227], [318, 323], [268, 320], [328, 404], [266, 396]]
data_bruh_jack\cam1_pose\cam1_20241016_004136_0057.png [[282, 61], [290, 54], [276, 54], [305, 60], [270, 60], [323, 109], [260, 115], [352, 164], [235, 170], [385, 212], [206, 218], [314, 231], [270, 228], [317, 324], [267, 321], [328, 404], [266, 396]]
data_bruh_jack\cam1_pose\cam1_20241016_004136_0058.png [[281, 61], [289, 54], [274, 55], [302, 60], [268, 60], [321, 110], [257, 116], [350, 164], [232, 171], [383, 212], [204, 218], [313, 231], [268, 228], [317, 323], [266, 320], [328, 403], [266, 396]]
data_bruh_jack\cam1_pose\cam1_20241016_004136_0059.png [[275, 61], [283, 55], [269, 54], [296, 60], [261, 62], [315, 110], [249, 116], [345, 162], [224, 170], [379, 210], [196, 218], [308, 227], [262, 227], [316, 320], [265, 320], [328, 401], [266, 396]]
data_bruh_jack\cam1_pose\cam1_20241016_004136_0060.png [[274, 61], [282, 54], [268, 54], [295, 60], [260, 62], [314, 110], [248, 116], [345, 162], [223, 171], [379, 210], [194, 218], [307, 227], [261, 227], [316, 320], [264, 319], [328, 401], [266, 396]]
data_bruh_jack\cam1_pose\cam1_20241016_004136_0061.png [[274, 61], [282, 54], [268, 55], [294, 60], [260, 61], [314, 110], [247, 115], [345, 162], [222, 171], [379, 209], [193, 218], [307, 227], [261, 227], [316, 319], [264, 319], [328, 400], [266, 396]]
data_bruh_jack\cam1_pose\cam1_20241016_004136_0062.png [[274, 61], [282, 54], [267, 54], [294, 60], [260, 61], [314, 110], [247, 115], [345, 161], [222, 170], [379, 209], [192, 218], [307, 226], [261, 226], [315, 318], [264, 318], [328, 400], [266, 396]]
data_bruh_jack\cam1_pose\cam1_20241016_004136_0063.png [[274, 61], [282, 54], [268, 54], [295, 60], [260, 62], [314, 110], [247, 115], [345, 162], [222, 170], [380, 209], [192, 218], [307, 226], [262, 226], [315, 317], [264, 317], [328, 400], [266, 396]]
data_bruh_jack\cam1_pose\cam1_20241016_004136_0064.png [[275, 61], [283, 54], [269, 54], [295, 60], [261, 61], [314, 110], [247, 115], [346, 162], [222, 170], [381, 209], [193, 218], [308, 225], [262, 224], [316, 318], [265, 318], [328, 400], [266, 396]]
data_bruh_jack\cam1_pose\cam1_20241016_004136_0065.png [[276, 61], [284, 55], [270, 54], [296, 60], [262, 61], [315, 110], [248, 115], [347, 162], [223, 170], [382, 209], [193, 218], [308, 225], [262, 225], [316, 318], [265, 319], [327, 400], [266, 396]]
data_bruh_jack\cam1_pose\cam1_20241016_004136_0066.png [[284, 61], [292, 55], [277, 55], [304, 61], [269, 62], [322, 112], [254, 116], [353, 164], [227, 169], [387, 212], [196, 216], [313, 227], [266, 227], [317, 318], [266, 317], [326, 401], [266, 395]]
data_bruh_jack\cam1_pose\cam1_20241016_004137_0067.png [[286, 61], [295, 55], [280, 54], [306, 61], [272, 61], [324, 112], [256, 115], [355, 165], [228, 170], [388, 212], [197, 216], [315, 227], [268, 227], [318, 317], [267, 315], [327, 401], [266, 395]]
data_bruh_jack\cam1_pose\cam1_20241016_004137_0068.png [[289, 61], [297, 55], [283, 54], [308, 61], [274, 61], [327, 112], [258, 115], [357, 165], [229, 170], [390, 212], [199, 215], [316, 227], [271, 226], [319, 317], [268, 315], [327, 401], [267, 395]]
data_bruh_jack\cam1_pose\cam1_20241016_004137_0069.png [[291, 61], [299, 54], [285, 54], [310, 61], [276, 60], [328, 112], [260, 114], [359, 166], [230, 170], [392, 213], [200, 215], [317, 226], [272, 224], [320, 317], [270, 315], [328, 402], [267, 395]]
data_bruh_jack\cam1_pose\cam1_20241016_004137_0070.png [[293, 60], [302, 54], [287, 54], [313, 61], [278, 60], [331, 112], [261, 114], [361, 166], [232, 168], [394, 213], [200, 214], [319, 225], [273, 224], [321, 318], [270, 316], [328, 402], [267, 395]]
data_bruh_jack\cam1_pose\cam1_20241016_004137_0071.png [[295, 60], [304, 54], [289, 53], [315, 60], [280, 60], [333, 112], [262, 114], [362, 166], [234, 167], [395, 213], [201, 213], [320, 225], [274, 223], [322, 318], [271, 316], [328, 402], [266, 394]]
data_bruh_jack\cam1_pose\cam1_20241016_004137_0072.png [[297, 60], [305, 54], [290, 53], [316, 60], [281, 59], [334, 111], [263, 114], [364, 166], [235, 166], [396, 213], [202, 212], [321, 224], [274, 222], [324, 319], [271, 316], [329, 402], [266, 394]]
data_bruh_jack\cam1_pose\cam1_20241016_004137_0073.png [[299, 58], [307, 52], [292, 52], [318, 59], [282, 58], [336, 111], [264, 112], [365, 166], [235, 165], [398, 212], [200, 212], [322, 221], [275, 219], [325, 314], [272, 310], [329, 401], [263, 394]]
data_bruh_jack\cam1_pose\cam1_20241016_004137_0074.png [[298, 58], [306, 52], [292, 51], [317, 59], [282, 58], [335, 111], [263, 112], [365, 165], [234, 165], [397, 212], [200, 212], [322, 221], [275, 218], [325, 315], [271, 311], [328, 401], [262, 395]]
data_bruh_jack\cam1_pose\cam1_20241016_004137_0075.png [[297, 58], [305, 52], [291, 51], [316, 59], [281, 57], [335, 111], [263, 112], [365, 165], [232, 165], [397, 212], [198, 212], [322, 222], [274, 219], [325, 314], [271, 310], [328, 401], [261, 395]]
data_bruh_jack\cam1_pose\cam1_20241016_004137_0076.png [[296, 58], [304, 52], [290, 52], [315, 59], [280, 58], [334, 111], [262, 112], [364, 165], [230, 166], [396, 211], [197, 213], [321, 223], [274, 220], [325, 316], [269, 311], [328, 402], [260, 396]]
data_bruh_jack\cam1_pose\cam1_20241016_004137_0077.png [[295, 59], [303, 52], [288, 52], [314, 59], [278, 58], [332, 111], [260, 112], [362, 165], [230, 166], [395, 211], [195, 213], [321, 224], [273, 222], [325, 317], [269, 312], [328, 401], [260, 398]]
data_bruh_jack\cam1_pose\cam1_20241016_004137_0078.png [[293, 59], [301, 53], [287, 52], [312, 60], [277, 59], [330, 111], [259, 113], [361, 165], [227, 167], [394, 211], [194, 213], [320, 224], [272, 222], [324, 317], [267, 313], [328, 402], [260, 399]]
data_bruh_jack\cam1_pose\cam1_20241016_004137_0079.png [[292, 59], [300, 53], [286, 53], [310, 60], [275, 59], [328, 111], [257, 113], [359, 165], [226, 167], [393, 211], [191, 214], [319, 225], [271, 224], [323, 316], [266, 315], [328, 402], [260, 399]]
data_bruh_jack\cam1_pose\cam1_20241016_004137_0080.png [[284, 60], [292, 54], [277, 53], [301, 61], [266, 59], [319, 112], [248, 114], [350, 165], [217, 168], [384, 210], [184, 215], [311, 223], [262, 222], [319, 312], [262, 312], [328, 401], [259, 399]]
data_bruh_jack\cam1_pose\cam1_20241016_004137_0081.png [[281, 60], [289, 54], [275, 54], [299, 61], [264, 59], [317, 112], [246, 114], [349, 165], [215, 167], [383, 210], [181, 215], [308, 224], [261, 223], [318, 316], [261, 316], [327, 400], [259, 399]]
data_bruh_jack\cam1_pose\cam1_20241016_004137_0082.png [[280, 60], [287, 54], [272, 53], [297, 61], [262, 60], [315, 113], [243, 114], [347, 165], [213, 168], [381, 210], [179, 215], [305, 225], [258, 224], [316, 315], [260, 317], [327, 400], [259, 399]]
data_bruh_jack\cam1_pose\cam1_20241016_004137_0083.png [[278, 60], [286, 54], [271, 53], [295, 61], [260, 59], [313, 113], [242, 114], [345, 164], [211, 168], [379, 210], [178, 215], [304, 225], [257, 224], [314, 319], [259, 320], [326, 399], [259, 400]]
data_bruh_jack\cam1_pose\cam1_20241016_004137_0084.png [[277, 60], [284, 54], [269, 53], [294, 61], [259, 59], [312, 113], [240, 113], [344, 165], [209, 168], [378, 210], [177, 215], [304, 224], [256, 223], [313, 319], [259, 320], [325, 399], [259, 399]]
data_bruh_jack\cam1_pose\cam1_20241016_004137_0085.png [[276, 60], [284, 54], [269, 53], [293, 60], [258, 59], [310, 113], [239, 113], [343, 164], [209, 167], [377, 210], [176, 215], [302, 223], [255, 224], [311, 317], [258, 319], [324, 398], [259, 399]]
data_bruh_jack\cam1_pose\cam1_20241016_004137_0086.png [[275, 60], [283, 54], [268, 53], [292, 61], [257, 59], [310, 113], [238, 113], [341, 164], [208, 167], [376, 210], [175, 215], [302, 224], [256, 224], [311, 317], [258, 321], [323, 398], [259, 400]]
data_bruh_jack\cam1_pose\cam1_20241016_004137_0087.png [[277, 60], [284, 54], [269, 53], [292, 62], [257, 59], [309, 114], [238, 113], [341, 165], [209, 166], [376, 210], [176, 215], [303, 225], [257, 227], [309, 315], [260, 320], [316, 394], [259, 399]]
data_bruh_jack\cam1_pose\cam1_20241016_004138_0088.png [[277, 60], [285, 54], [271, 53], [293, 61], [259, 59], [310, 114], [238, 113], [342, 165], [210, 167], [376, 210], [178, 215], [304, 226], [257, 227], [309, 315], [260, 319], [314, 394], [259, 399]]
data_bruh_jack\cam1_pose\cam1_20241016_004138_0089.png [[279, 60], [286, 55], [272, 53], [294, 62], [260, 59], [311, 114], [239, 113], [343, 165], [211, 167], [376, 211], [179, 215], [304, 226], [258, 227], [309, 317], [261, 319], [313, 395], [259, 400]]
data_bruh_jack\cam1_pose\cam1_20241016_004138_0090.png [[281, 60], [288, 55], [274, 54], [296, 62], [261, 59], [312, 114], [241, 112], [343, 165], [212, 167], [377, 212], [180, 215], [305, 225], [259, 225], [309, 317], [261, 319], [313, 395], [259, 400]]
data_bruh_jack\cam1_pose\cam1_20241016_004138_0091.png [[283, 61], [290, 55], [275, 54], [297, 62], [263, 60], [314, 115], [243, 113], [344, 166], [213, 167], [378, 212], [182, 215], [306, 226], [260, 226], [310, 317], [262, 319], [313, 396], [259, 400]]
data_bruh_jack\cam1_pose\cam1_20241016_004138_0092.png [[285, 61], [292, 56], [278, 54], [299, 62], [266, 60], [315, 116], [245, 113], [346, 167], [215, 167], [379, 213], [184, 215], [308, 226], [261, 227], [310, 318], [263, 319], [313, 396], [259, 400]]
data_bruh_jack\cam1_pose\cam1_20241016_004138_0093.png [[292, 62], [299, 56], [285, 55], [306, 63], [272, 60], [321, 116], [251, 113], [351, 170], [221, 167], [382, 215], [190, 214], [312, 227], [267, 227], [312, 317], [266, 316], [312, 396], [260, 399]]
data_bruh_jack\cam1_pose\cam1_20241016_004138_0094.png [[296, 62], [303, 56], [289, 55], [310, 62], [276, 60], [325, 117], [254, 112], [354, 171], [224, 166], [384, 215], [193, 213], [314, 227], [269, 226], [313, 318], [267, 315], [313, 396], [260, 398]]
data_bruh_jack\cam1_pose\cam1_20241016_004138_0095.png [[297, 62], [304, 56], [290, 55], [311, 63], [278, 60], [326, 116], [255, 112], [355, 171], [225, 166], [385, 215], [193, 213], [316, 227], [271, 226], [314, 318], [267, 315], [313, 395], [259, 398]]
data_bruh_jack\cam1_pose\cam1_20241016_004138_0096.png [[298, 62], [305, 56], [292, 54], [312, 63], [279, 60], [326, 116], [257, 111], [355, 171], [226, 165], [385, 215], [194, 212], [317, 227], [272, 225], [315, 317], [268, 313], [313, 396], [259, 397]]
data_bruh_jack\cam1_pose\cam1_20241016_004138_0097.png [[299, 61], [307, 56], [292, 54], [313, 63], [280, 59], [327, 116], [257, 111], [356, 170], [226, 165], [385, 214], [194, 212], [318, 226], [272, 225], [315, 317], [268, 313], [313, 396], [259, 397]]
data_bruh_jack\cam1_pose\cam1_20241016_004138_0098.png [[300, 61], [307, 56], [293, 54], [314, 63], [280, 59], [327, 116], [257, 111], [356, 170], [226, 165], [385, 214], [194, 212], [319, 226], [272, 224], [316, 315], [268, 312], [313, 396], [259, 397]]
data_bruh_jack\cam1_pose\cam1_20241016_004138_0099.png [[300, 61], [308, 55], [293, 54], [314, 63], [280, 59], [327, 116], [257, 111], [356, 170], [227, 165], [385, 214], [195, 212], [319, 227], [272, 225], [316, 316], [267, 313], [314, 396], [258, 398]]
