data_bruh_jack\cam2_pose\cam2_20241016_004133_0000.png [[364, 69], [371, 60], [361, 64], [395, 61], [414, 114], [365, 124], [429, 176], [350, 185], [456, 235], [327, 233], [395, 248], [359, 243], [402, 347], [363, 339], [417, 435], [362, 419]]
data_bruh_jack\cam2_pose\cam2_20241016_004133_0001.png [[364, 69], [371, 60], [361, 64], [395, 61], [415, 114], [365, 124], [430, 175], [350, 185], [457, 235], [328, 233], [394, 248], [359, 244], [402, 347], [362, 339], [417, 435], [361, 419]]
data_bruh_jack\cam2_pose\cam2_20241016_004133_0002.png [[364, 69], [371, 60], [362, 63], [395, 61], [415, 113], [365, 124], [430, 175], [351, 185], [458, 235], [328, 233], [394, 249], [359, 244], [403, 347], [362, 339], [417, 435], [361, 418]]
data_bruh_jack\cam2_pose\cam2_20241016_004133_0003.png [[365, 69], [372, 60], [362, 63], [396, 61], [415, 113], [365, 124], [431, 174], [351, 185], [459, 236], [329, 232], [395, 248], [359, 243], [403, 347], [361, 339], [417, 435], [361, 418]]
data_bruh_jack\cam2_pose\cam2_20241016_004133_0004.png [[366, 68], [373, 59], [362, 63], [396, 61], [416, 113], [366, 123], [433, 175], [352, 186], [462, 236], [329, 233], [396, 248], [359, 243], [404, 347], [361, 339], [417, 435], [361, 418]]
data_bruh_jack\cam2_pose\cam2_20241016_004133_0005.png [[367, 68], [374, 59], [363, 62], [397, 61], [416, 113], [366, 123], [434, 175], [352, 186], [463, 235], [330, 233], [397, 247], [361, 243], [404, 348], [361, 339], [417, 435], [361, 418]]
data_bruh_jack\cam2_pose\cam2_20241016_004134_0006.png [[371, 66], [379, 57], [366, 60], [401, 59], [419, 111], [366, 123], [439, 175], [352, 185], [469, 234], [332, 234], [401, 247], [364, 242], [407, 349], [362, 339], [417, 435], [361, 417]]
data_bruh_jack\cam2_pose\cam2_20241016_004134_0007.png [[371, 66], [379, 57], [366, 60], [401, 59], [419, 111], [366, 123], [439, 175], [352, 185], [469, 234], [332, 234], [401, 247], [364, 242], [407, 349], [362, 339], [417, 435], [361, 417]]
data_bruh_jack\cam2_pose\cam2_20241016_004134_0008.png [[372, 65], [380, 56], [367, 60], [402, 59], [420, 111], [367, 123], [440, 174], [353, 185], [471, 235], [332, 234], [403, 247], [365, 243], [408, 347], [362, 341], [418, 436], [361, 417]]
data_bruh_jack\cam2_pose\cam2_20241016_004134_0009.png [[373, 65], [382, 56], [368, 59], [403, 59], [422, 111], [367, 123], [442, 174], [353, 184], [473, 236], [332, 233], [404, 248], [366, 243], [409, 347], [362, 340], [418, 437], [361, 417]]
data_bruh_jack\cam2_pose\cam2_20241016_004134_0010.png [[375, 64], [384, 55], [370, 59], [404, 59], [423, 111], [368, 122], [443, 174], [353, 184], [474, 235], [332, 233], [404, 246], [367, 242], [410, 347], [362, 340], [419, 437], [361, 417]]
data_bruh_jack\cam2_pose\cam2_20241016_004134_0011.png [[376, 63], [386, 55], [371, 58], [406, 58], [425, 110], [368, 122], [445, 173], [353, 183], [475, 236], [332, 233], [405, 248], [367, 242], [410, 347], [362, 339], [419, 437], [361, 417]]
data_bruh_jack\cam2_pose\cam2_20241016_004134_0012.png [[377, 63], [386, 54], [372, 58], [407, 58], [425, 110], [369, 122], [446, 172], [354, 184], [476, 236], [332, 233], [405, 246], [368, 242], [411, 347], [361, 339], [419, 437], [361, 417]]
data_bruh_jack\cam2_pose\cam2_20241016_004134_0013.png [[379, 62], [388, 53], [373, 57], [408, 57], [426, 109], [369, 121], [446, 173], [353, 182], [476, 235], [329, 232], [404, 246], [367, 241], [407, 345], [359, 335], [418, 435], [359, 419]]
data_bruh_jack\cam2_pose\cam2_20241016_004134_0014.png [[379, 62], [388, 53], [373, 57], [408, 57], [426, 109], [369, 121], [446, 173], [353, 182], [476, 235], [329, 232], [404, 246], [367, 241], [407, 345], [359, 335], [418, 435], [359, 419]]
data_bruh_jack\cam2_pose\cam2_20241016_004134_0015.png [[378, 62], [387, 54], [373, 57], [407, 58], [425, 109], [368, 121], [445, 173], [352, 182], [475, 235], [328, 233], [404, 247], [366, 241], [407, 346], [358, 335], [417, 435], [358, 420]]
data_bruh_jack\cam2_pose\cam2_20241016_004134_0016.png [[377, 63], [386, 55], [372, 57], [406, 59], [424, 110], [367, 122], [444, 174], [350, 182], [474, 235], [326, 233], [403, 248], [365, 242], [406, 347], [358, 335], [417, 435], [357, 420]]
data_bruh_jack\cam2_pose\cam2_20241016_004134_0017.png [[373, 65], [383, 57], [368, 59], [401, 62], [417, 113], [359, 123], [439, 172], [343, 184], [470, 232], [320, 234], [398, 248], [360, 243], [403, 348], [356, 339], [417, 435], [358, 421]]
data_bruh_jack\cam2_pose\cam2_20241016_004134_0018.png [[373, 65], [382, 57], [367, 60], [400, 63], [417, 114], [357, 123], [439, 173], [341, 184], [470, 231], [317, 234], [398, 248], [359, 243], [403, 349], [356, 339], [417, 434], [358, 421]]
data_bruh_jack\cam2_pose\cam2_20241016_004134_0019.png [[372, 65], [381, 58], [366, 60], [398, 63], [415, 114], [355, 124], [439, 172], [337, 185], [472, 230], [314, 234], [398, 248], [357, 245], [403, 347], [357, 342], [416, 433], [358, 422]]
data_bruh_jack\cam2_pose\cam2_20241016_004134_0020.png [[372, 65], [381, 58], [366, 59], [398, 63], [415, 114], [354, 124], [440, 172], [336, 185], [472, 228], [313, 233], [398, 248], [357, 244], [403, 345], [356, 341], [416, 433], [358, 422]]
data_bruh_jack\cam2_pose\cam2_20241016_004134_0021.png [[372, 65], [381, 57], [366, 59], [398, 63], [415, 114], [353, 123], [440, 172], [335, 184], [474, 228], [312, 233], [398, 247], [357, 243], [403, 346], [357, 340], [415, 433], [358, 422]]
data_bruh_jack\cam2_pose\cam2_20241016_004134_0022.png [[372, 65], [381, 57], [366, 59], [398, 63], [415, 114], [353, 123], [440, 172], [335, 184], [474, 228], [312, 233], [398, 247], [357, 243], [403, 346], [357, 340], [415, 433], [358, 422]]
data_bruh_jack\cam2_pose\cam2_20241016_004134_0023.png [[373, 65], [382, 57], [367, 59], [398, 63], [415, 114], [354, 123], [441, 171], [335, 185], [475, 227], [311, 233], [399, 245], [357, 241], [403, 346], [356, 339], [415, 433], [358, 421]]
data_bruh_jack\cam2_pose\cam2_20241016_004134_0024.png [[377, 66], [386, 58], [371, 60], [403, 63], [421, 115], [357, 124], [447, 173], [338, 185], [482, 229], [313, 234], [401, 248], [359, 245], [405, 346], [357, 338], [415, 435], [358, 421]]
data_bruh_jack\cam2_pose\cam2_20241016_004134_0025.png [[379, 65], [388, 57], [373, 60], [404, 63], [367, 64], [423, 116], [358, 124], [450, 173], [340, 186], [484, 230], [314, 235], [403, 249], [361, 245], [406, 349], [358, 339], [416, 435], [358, 420]]
data_bruh_jack\cam2_pose\cam2_20241016_004135_0026.png [[381, 65], [390, 57], [374, 59], [406, 62], [425, 116], [360, 124], [452, 173], [341, 186], [485, 230], [314, 236], [404, 249], [362, 245], [406, 349], [359, 339], [416, 434], [358, 420]]
data_bruh_jack\cam2_pose\cam2_20241016_004135_0027.png [[383, 64], [392, 56], [376, 58], [408, 62], [370, 63], [427, 114], [362, 124], [453, 173], [342, 186], [488, 231], [315, 235], [406, 248], [364, 243], [407, 348], [359, 338], [416, 435], [358, 420]]
data_bruh_jack\cam2_pose\cam2_20241016_004135_0028.png [[385, 63], [395, 55], [379, 57], [411, 60], [430, 113], [364, 122], [456, 172], [343, 183], [491, 230], [315, 234], [409, 246], [366, 241], [409, 348], [358, 336], [416, 435], [357, 419]]
data_bruh_jack\cam2_pose\cam2_20241016_004135_0029.png [[385, 63], [395, 55], [379, 57], [411, 60], [430, 113], [364, 122], [456, 172], [343, 183], [491, 230], [315, 234], [409, 246], [366, 241], [409, 348], [358, 336], [416, 435], [357, 419]]
data_bruh_jack\cam2_pose\cam2_20241016_004135_0030.png [[386, 62], [396, 54], [380, 56], [412, 60], [431, 113], [365, 122], [457, 172], [343, 182], [492, 230], [315, 233], [410, 245], [367, 240], [410, 348], [359, 336], [416, 435], [356, 419]]
data_bruh_jack\cam2_pose\cam2_20241016_004135_0031.png [[386, 61], [396, 53], [380, 54], [412, 59], [373, 60], [431, 111], [364, 121], [458, 171], [340, 180], [493, 227], [310, 231], [411, 247], [365, 241], [412, 350], [357, 338], [416, 437], [349, 419]]
data_bruh_jack\cam2_pose\cam2_20241016_004135_0032.png [[385, 60], [395, 53], [379, 54], [410, 59], [372, 60], [430, 111], [362, 121], [457, 170], [338, 180], [492, 227], [308, 231], [410, 246], [365, 241], [412, 350], [356, 339], [416, 437], [346, 419]]
data_bruh_jack\cam2_pose\cam2_20241016_004135_0033.png [[384, 60], [394, 53], [378, 54], [409, 59], [428, 111], [361, 121], [456, 170], [337, 180], [491, 227], [307, 230], [409, 245], [364, 240], [411, 348], [354, 338], [416, 437], [344, 419]]
data_bruh_jack\cam2_pose\cam2_20241016_004135_0034.png [[383, 60], [392, 53], [376, 54], [408, 59], [370, 61], [427, 111], [359, 120], [454, 170], [334, 180], [490, 227], [305, 230], [408, 247], [362, 242], [409, 348], [353, 339], [415, 437], [343, 421]]
data_bruh_jack\cam2_pose\cam2_20241016_004135_0035.png [[381, 61], [391, 53], [374, 54], [406, 60], [368, 60], [424, 113], [358, 121], [453, 171], [332, 180], [489, 227], [303, 230], [406, 247], [359, 243], [408, 350], [351, 340], [415, 437], [343, 422]]
data_bruh_jack\cam2_pose\cam2_20241016_004135_0036.png [[379, 62], [389, 54], [373, 55], [404, 61], [366, 62], [422, 113], [355, 122], [451, 171], [330, 181], [487, 227], [300, 230], [404, 247], [358, 242], [407, 350], [350, 338], [416, 436], [343, 424]]
data_bruh_jack\cam2_pose\cam2_20241016_004135_0037.png [[371, 63], [380, 56], [364, 57], [394, 63], [357, 65], [412, 116], [344, 122], [442, 171], [319, 180], [479, 225], [289, 231], [395, 246], [348, 243], [401, 347], [345, 337], [415, 433], [342, 425]]
data_bruh_jack\cam2_pose\cam2_20241016_004135_0038.png [[368, 63], [378, 56], [362, 57], [392, 63], [355, 65], [410, 116], [342, 122], [440, 171], [316, 179], [477, 225], [286, 230], [394, 248], [346, 244], [400, 346], [343, 337], [414, 432], [343, 424]]
data_bruh_jack\cam2_pose\cam2_20241016_004135_0039.png [[367, 63], [376, 56], [361, 57], [390, 63], [353, 66], [409, 116], [340, 122], [439, 171], [314, 179], [476, 225], [284, 230], [393, 248], [345, 245], [399, 345], [342, 338], [413, 431], [343, 425]]
data_bruh_jack\cam2_pose\cam2_20241016_004135_0040.png [[365, 63], [375, 56], [359, 57], [388, 63], [351, 65], [407, 116], [338, 122], [438, 171], [312, 179], [475, 225], [281, 229], [391, 247], [344, 245], [397, 345], [342, 337], [413, 431], [343, 424]]
data_bruh_jack\cam2_pose\cam2_20241016_004135_0041.png [[364, 63], [374, 55], [358, 57], [387, 63], [350, 65], [406, 116], [337, 122], [437, 171], [310, 179], [474, 224], [280, 229], [390, 246], [343, 244], [396, 346], [341, 338], [412, 431], [343, 424]]
data_bruh_jack\cam2_pose\cam2_20241016_004135_0042.png [[364, 63], [373, 55], [357, 56], [386, 62], [349, 65], [406, 116], [336, 121], [436, 170], [309, 179], [473, 223], [278, 228], [390, 245], [343, 243], [395, 345], [341, 339], [411, 430], [343, 423]]
data_bruh_jack\cam2_pose\cam2_20241016_004135_0043.png [[363, 63], [373, 55], [357, 56], [386, 62], [349, 64], [405, 116], [335, 121], [436, 170], [308, 179], [473, 224], [278, 228], [390, 245], [343, 243], [395, 344], [341, 339], [410, 430], [343, 423]]
data_bruh_jack\cam2_pose\cam2_20241016_004135_0044.png [[366, 63], [376, 56], [360, 56], [389, 63], [352, 64], [407, 116], [337, 121], [438, 171], [309, 179], [475, 226], [279, 228], [392, 245], [344, 243], [395, 344], [342, 338], [409, 432], [343, 423]]
data_bruh_jack\cam2_pose\cam2_20241016_004135_0045.png [[368, 63], [377, 56], [361, 57], [391, 62], [353, 65], [409, 117], [338, 121], [440, 172], [311, 178], [477, 227], [281, 228], [393, 247], [345, 244], [395, 346], [343, 340], [409, 434], [343, 423]]
data_bruh_jack\cam2_pose\cam2_20241016_004135_0046.png [[370, 63], [380, 56], [364, 57], [392, 63], [355, 64], [411, 117], [340, 121], [442, 173], [313, 178], [478, 227], [282, 228], [394, 246], [346, 244], [396, 346], [344, 338], [409, 434], [343, 423]]
data_bruh_jack\cam2_pose\cam2_20241016_004136_0047.png [[373, 63], [382, 56], [366, 57], [394, 63], [357, 64], [413, 117], [342, 121], [443, 173], [314, 178], [481, 229], [283, 229], [395, 246], [347, 243], [397, 344], [345, 337], [409, 434], [343, 423]]
data_bruh_jack\cam2_pose\cam2_20241016_004136_0048.png [[375, 63], [385, 56], [368, 56], [397, 63], [359, 64], [415, 117], [344, 121], [446, 175], [315, 179], [482, 230], [284, 229], [396, 248], [348, 245], [398, 344], [346, 338], [409, 434], [343, 422]]
data_bruh_jack\cam2_pose\cam2_20241016_004136_0049.png [[377, 62], [387, 55], [371, 56], [399, 63], [362, 63], [418, 117], [346, 121], [448, 175], [317, 178], [484, 230], [286, 228], [398, 247], [350, 243], [399, 344], [347, 336], [410, 434], [343, 422]]
data_bruh_jack\cam2_pose\cam2_20241016_004136_0050.png [[384, 60], [394, 53], [377, 54], [406, 60], [368, 61], [424, 116], [349, 119], [454, 174], [320, 176], [489, 230], [286, 226], [403, 243], [353, 239], [403, 340], [348, 332], [410, 435], [341, 420]]
data_bruh_jack\cam2_pose\cam2_20241016_004136_0051.png [[385, 60], [394, 53], [378, 53], [406, 60], [368, 60], [425, 116], [350, 119], [454, 174], [320, 174], [490, 230], [286, 225], [404, 242], [354, 237], [403, 340], [348, 332], [410, 435], [339, 420]]
data_bruh_jack\cam2_pose\cam2_20241016_004136_0052.png [[385, 60], [395, 53], [378, 53], [406, 60], [368, 60], [425, 115], [349, 119], [454, 174], [320, 174], [490, 230], [284, 225], [403, 243], [353, 237], [403, 342], [347, 332], [410, 435], [337, 421]]
data_bruh_jack\cam2_pose\cam2_20241016_004136_0053.png [[385, 60], [395, 53], [378, 53], [406, 60], [368, 60], [425, 116], [349, 119], [454, 175], [319, 174], [490, 230], [283, 225], [403, 244], [353, 238], [402, 342], [347, 332], [410, 435], [336, 422]]
data_bruh_jack\cam2_pose\cam2_20241016_004136_0054.png [[384, 60], [394, 53], [377, 53], [405, 60], [367, 61], [424, 116], [347, 119], [454, 175], [317, 174], [489, 230], [282, 225], [404, 246], [353, 239], [402, 344], [345, 333], [410, 435], [336, 423]]
data_bruh_jack\cam2_pose\cam2_20241016_004136_0055.png [[383, 60], [393, 53], [376, 54], [404, 61], [366, 61], [423, 117], [346, 119], [453, 175], [316, 175], [488, 230], [280, 225], [403, 247], [352, 241], [402, 345], [344, 334], [410, 435], [335, 423]]
data_bruh_jack\cam2_pose\cam2_20241016_004136_0056.png [[383, 61], [392, 54], [376, 54], [403, 62], [365, 61], [421, 117], [344, 119], [451, 176], [314, 174], [487, 229], [278, 225], [402, 248], [351, 242], [402, 345], [343, 334], [410, 435], [335, 423]]
data_bruh_jack\cam2_pose\cam2_20241016_004136_0057.png [[376, 62], [385, 56], [368, 55], [393, 65], [356, 62], [411, 119], [334, 120], [442, 176], [304, 176], [478, 228], [269, 227], [396, 247], [345, 244], [400, 343], [339, 334], [410, 434], [335, 425]]
data_bruh_jack\cam2_pose\cam2_20241016_004136_0058.png [[374, 62], [383, 56], [367, 55], [391, 64], [354, 62], [409, 119], [332, 120], [439, 174], [302, 176], [476, 227], [268, 227], [395, 245], [344, 243], [400, 343], [338, 334], [410, 433], [335, 424]]
data_bruh_jack\cam2_pose\cam2_20241016_004136_0059.png [[372, 62], [381, 56], [365, 55], [389, 64], [352, 61], [406, 118], [329, 120], [437, 174], [299, 176], [475, 227], [266, 226], [393, 244], [343, 242], [399, 340], [338, 335], [410, 432], [334, 425]]
data_bruh_jack\cam2_pose\cam2_20241016_004136_0060.png [[371, 62], [380, 56], [364, 55], [387, 65], [350, 62], [405, 118], [328, 120], [436, 174], [298, 175], [473, 227], [264, 226], [392, 243], [341, 241], [398, 339], [338, 335], [409, 430], [335, 424]]
data_bruh_jack\cam2_pose\cam2_20241016_004136_0061.png [[370, 62], [379, 55], [362, 55], [386, 64], [350, 62], [404, 117], [327, 119], [435, 173], [296, 176], [473, 226], [263, 226], [392, 243], [341, 241], [397, 339], [338, 333], [409, 429], [335, 424]]
data_bruh_jack\cam2_pose\cam2_20241016_004136_0062.png [[369, 62], [378, 55], [362, 54], [386, 63], [349, 61], [404, 117], [326, 119], [435, 173], [296, 176], [472, 225], [262, 226], [392, 243], [340, 241], [397, 336], [338, 332], [409, 429], [335, 425]]
data_bruh_jack\cam2_pose\cam2_20241016_004136_0063.png [[369, 62], [378, 55], [361, 54], [386, 63], [349, 61], [404, 118], [326, 119], [435, 173], [296, 175], [473, 225], [262, 226], [392, 242], [340, 240], [397, 339], [338, 334], [408, 428], [335, 425]]
data_bruh_jack\cam2_pose\cam2_20241016_004136_0064.png [[374, 62], [382, 56], [366, 55], [389, 64], [353, 61], [406, 119], [329, 119], [438, 174], [299, 174], [475, 225], [265, 225], [394, 242], [343, 242], [397, 340], [339, 332], [406, 428], [335, 424]]
data_bruh_jack\cam2_pose\cam2_20241016_004136_0065.png [[376, 62], [384, 56], [368, 55], [391, 64], [355, 62], [407, 119], [331, 119], [439, 175], [300, 175], [477, 227], [266, 225], [394, 243], [344, 243], [397, 341], [340, 333], [405, 429], [335, 424]]
data_bruh_jack\cam2_pose\cam2_20241016_004136_0066.png [[378, 63], [386, 57], [370, 56], [393, 65], [357, 62], [410, 120], [333, 119], [441, 176], [302, 175], [478, 228], [267, 224], [395, 242], [345, 242], [398, 341], [341, 332], [405, 429], [335, 424]]
data_bruh_jack\cam2_pose\cam2_20241016_004137_0067.png [[380, 63], [389, 57], [373, 56], [396, 65], [359, 62], [412, 120], [335, 119], [443, 177], [304, 175], [480, 228], [268, 225], [397, 244], [347, 243], [398, 341], [342, 332], [405, 429], [335, 423]]
data_bruh_jack\cam2_pose\cam2_20241016_004137_0068.png [[383, 63], [392, 57], [376, 56], [398, 65], [362, 62], [415, 120], [337, 119], [445, 177], [305, 174], [481, 230], [270, 224], [400, 244], [349, 241], [399, 339], [343, 332], [405, 429], [335, 423]]
data_bruh_jack\cam2_pose\cam2_20241016_004137_0069.png [[386, 63], [395, 57], [379, 55], [401, 65], [365, 62], [417, 120], [340, 119], [447, 178], [307, 174], [483, 230], [272, 224], [402, 243], [352, 241], [401, 339], [344, 332], [406, 429], [335, 424]]
data_bruh_jack\cam2_pose\cam2_20241016_004137_0070.png [[389, 63], [398, 57], [381, 55], [404, 65], [367, 61], [419, 121], [342, 119], [449, 178], [310, 173], [484, 230], [273, 223], [404, 243], [354, 241], [403, 338], [346, 333], [406, 429], [335, 424]]
data_bruh_jack\cam2_pose\cam2_20241016_004137_0071.png [[397, 62], [405, 56], [389, 54], [411, 63], [374, 60], [425, 120], [347, 116], [455, 179], [314, 171], [489, 231], [277, 220], [408, 242], [357, 237], [407, 345], [349, 332], [406, 430], [335, 423]]
data_bruh_jack\cam2_pose\cam2_20241016_004137_0072.png [[397, 62], [406, 55], [390, 54], [412, 63], [374, 60], [427, 120], [347, 116], [455, 179], [314, 170], [490, 231], [277, 220], [409, 241], [358, 237], [408, 342], [349, 330], [406, 430], [335, 424]]
data_bruh_jack\cam2_pose\cam2_20241016_004137_0073.png [[398, 61], [406, 55], [390, 53], [412, 63], [375, 59], [427, 120], [347, 116], [455, 178], [314, 170], [490, 230], [277, 219], [409, 240], [358, 236], [408, 340], [350, 329], [406, 430], [335, 423]]
data_bruh_jack\cam2_pose\cam2_20241016_004137_0074.png [[398, 61], [406, 55], [390, 53], [412, 63], [374, 60], [427, 119], [347, 115], [455, 178], [314, 170], [489, 230], [276, 219], [409, 241], [358, 237], [407, 341], [349, 332], [406, 430], [334, 423]]
data_bruh_jack\cam2_pose\cam2_20241016_004137_0075.png [[397, 61], [406, 54], [389, 53], [411, 62], [374, 59], [426, 119], [347, 115], [455, 178], [314, 170], [489, 230], [275, 219], [408, 242], [358, 238], [406, 342], [349, 332], [406, 430], [334, 423]]
data_bruh_jack\cam2_pose\cam2_20241016_004137_0076.png [[396, 60], [404, 54], [389, 53], [410, 62], [373, 59], [425, 119], [346, 115], [454, 177], [313, 170], [488, 229], [275, 219], [408, 244], [357, 239], [406, 343], [348, 332], [406, 430], [333, 425]]
data_bruh_jack\cam2_pose\cam2_20241016_004137_0077.png [[395, 60], [403, 54], [388, 53], [409, 62], [372, 59], [424, 119], [346, 116], [453, 178], [312, 170], [487, 228], [274, 219], [407, 243], [357, 239], [405, 341], [347, 332], [406, 430], [333, 426]]
data_bruh_jack\cam2_pose\cam2_20241016_004137_0078.png [[388, 62], [396, 56], [380, 54], [401, 63], [365, 60], [415, 120], [338, 116], [446, 178], [304, 171], [480, 228], [267, 221], [403, 249], [352, 245], [404, 342], [344, 337], [406, 429], [332, 428]]
data_bruh_jack\cam2_pose\cam2_20241016_004137_0079.png [[386, 62], [394, 56], [378, 54], [399, 63], [362, 60], [413, 120], [335, 116], [443, 178], [302, 171], [478, 227], [265, 222], [400, 251], [350, 247], [403, 341], [342, 337], [406, 429], [332, 428]]
data_bruh_jack\cam2_pose\cam2_20241016_004137_0080.png [[383, 62], [391, 56], [376, 54], [396, 62], [360, 60], [410, 120], [333, 116], [441, 178], [300, 171], [475, 227], [263, 222], [398, 250], [347, 248], [401, 344], [340, 339], [406, 429], [332, 428]]
data_bruh_jack\cam2_pose\cam2_20241016_004137_0081.png [[381, 61], [389, 55], [373, 54], [357, 60], [408, 121], [331, 116], [438, 178], [298, 171], [472, 227], [261, 221], [395, 246], [345, 244], [400, 340], [339, 337], [406, 429], [332, 429]]
data_bruh_jack\cam2_pose\cam2_20241016_004137_0082.png [[379, 61], [387, 55], [371, 53], [392, 62], [355, 59], [405, 120], [328, 116], [436, 178], [296, 171], [470, 226], [259, 222], [394, 247], [343, 245], [399, 343], [338, 338], [406, 429], [331, 430]]
data_bruh_jack\cam2_pose\cam2_20241016_004137_0083.png [[377, 61], [385, 55], [369, 53], [389, 62], [353, 59], [404, 120], [326, 116], [434, 177], [294, 172], [468, 227], [257, 222], [392, 247], [341, 245], [396, 341], [336, 337], [405, 428], [331, 430]]
data_bruh_jack\cam2_pose\cam2_20241016_004137_0084.png [[375, 61], [383, 54], [367, 53], [351, 59], [401, 120], [324, 115], [432, 177], [292, 171], [467, 227], [255, 222], [391, 246], [340, 244], [395, 344], [335, 339], [404, 428], [331, 429]]
data_bruh_jack\cam2_pose\cam2_20241016_004137_0085.png [[372, 60], [380, 54], [364, 52], [347, 58], [397, 120], [320, 113], [427, 176], [289, 170], [461, 226], [254, 221], [388, 246], [338, 245], [390, 340], [335, 343], [397, 426], [331, 429]]
data_bruh_jack\cam2_pose\cam2_20241016_004137_0086.png [[372, 60], [380, 54], [364, 52], [347, 58], [396, 119], [320, 113], [427, 177], [289, 171], [461, 226], [254, 221], [388, 245], [338, 245], [390, 339], [335, 342], [395, 425], [331, 429]]
data_bruh_jack\cam2_pose\cam2_20241016_004137_0087.png [[373, 60], [380, 54], [365, 52], [347, 57], [396, 120], [320, 113], [426, 176], [289, 170], [461, 226], [254, 221], [388, 244], [338, 244], [389, 338], [335, 341], [392, 426], [331, 429]]
data_bruh_jack\cam2_pose\cam2_20241016_004138_0088.png [[374, 60], [381, 54], [365, 52], [348, 58], [397, 120], [321, 113], [427, 177], [290, 171], [461, 226], [256, 221], [388, 243], [338, 244], [389, 338], [336, 340], [390, 426], [331, 429]]
data_bruh_jack\cam2_pose\cam2_20241016_004138_0089.png [[374, 60], [382, 54], [367, 52], [349, 58], [397, 120], [322, 113], [427, 177], [292, 170], [461, 227], [257, 222], [389, 245], [339, 245], [389, 338], [337, 341], [388, 425], [331, 429]]
data_bruh_jack\cam2_pose\cam2_20241016_004138_0090.png [[376, 61], [383, 55], [368, 53], [350, 58], [398, 121], [323, 113], [427, 177], [294, 170], [461, 227], [259, 221], [389, 245], [340, 244], [389, 338], [337, 340], [387, 426], [331, 429]]
data_bruh_jack\cam2_pose\cam2_20241016_004138_0091.png [[377, 61], [384, 55], [370, 53], [352, 58], [398, 121], [324, 113], [428, 178], [296, 170], [461, 228], [261, 221], [390, 245], [341, 245], [389, 341], [338, 341], [386, 426], [331, 429]]
data_bruh_jack\cam2_pose\cam2_20241016_004138_0092.png [[386, 63], [393, 57], [379, 55], [361, 60], [405, 123], [333, 114], [433, 181], [304, 170], [464, 230], [270, 221], [394, 243], [347, 242], [389, 342], [341, 341], [385, 427], [332, 429]]
data_bruh_jack\cam2_pose\cam2_20241016_004138_0093.png [[386, 63], [393, 57], [379, 55], [361, 60], [405, 123], [333, 114], [433, 181], [304, 170], [464, 230], [270, 221], [394, 243], [347, 242], [389, 342], [341, 341], [385, 427], [332, 429]]
data_bruh_jack\cam2_pose\cam2_20241016_004138_0094.png [[391, 63], [397, 58], [383, 56], [364, 60], [408, 124], [337, 114], [435, 183], [308, 170], [465, 231], [274, 219], [398, 244], [351, 242], [391, 341], [343, 342], [385, 427], [332, 428]]
data_bruh_jack\cam2_pose\cam2_20241016_004138_0095.png [[392, 63], [399, 58], [385, 56], [366, 60], [409, 124], [338, 114], [436, 183], [310, 169], [466, 231], [276, 219], [398, 246], [352, 244], [392, 342], [344, 341], [385, 428], [332, 428]]
data_bruh_jack\cam2_pose\cam2_20241016_004138_0096.png [[394, 63], [400, 58], [386, 55], [368, 60], [410, 124], [340, 113], [437, 184], [311, 168], [466, 232], [278, 218], [399, 246], [353, 243], [392, 342], [345, 341], [385, 428], [332, 428]]
data_bruh_jack\cam2_pose\cam2_20241016_004138_0097.png [[395, 63], [402, 58], [388, 55], [369, 60], [411, 123], [341, 113], [437, 184], [312, 168], [466, 232], [278, 218], [400, 246], [354, 244], [393, 342], [346, 340], [386, 428], [332, 428]]
data_bruh_jack\cam2_pose\cam2_20241016_004138_0098.png [[396, 63], [403, 57], [388, 55], [370, 60], [412, 123], [341, 113], [437, 183], [313, 168], [466, 231], [280, 217], [401, 246], [354, 243], [394, 343], [346, 341], [386, 428], [331, 428]]
data_bruh_jack\cam2_pose\cam2_20241016_004138_0099.png [[397, 62], [404, 57], [389, 54], [370, 59], [412, 123], [342, 112], [436, 182], [314, 168], [463, 231], [282, 217], [402, 245], [356, 242], [394, 342], [347, 341], [386, 427], [332, 426]]
