match keypoints image0 [[273, 67], [364, 69], [0.9430161], [278, 59], [371, 60], [0.96072716], [301, 59], [395, 61], [0.96228737], [319, 107], [414, 114], [0.9610048], [294, 110], [365, 124], [0.84361607], [327, 166], [429, 176], [0.9434411], [286, 174], [350, 185], [0.90590537], [345, 220], [456, 235], [0.9280941], [270, 221], [327, 233], [0.47265023], [309, 231], [395, 248], [0.93129015], [285, 230], [359, 243], [0.8190673], [317, 324], [402, 347], [0.76552016], [333, 405], [417, 435], [0.8873865], [296, 389], [362, 419], [0.954469]]"
match keypoints image1 [[273, 67], [364, 69], [0.9121761], [278, 59], [371, 60], [0.9572979], [319, 106], [415, 114], [0.9602454], [294, 110], [365, 124], [0.9073562], [327, 165], [430, 175], [0.95094556], [285, 175], [350, 185], [0.8994305], [346, 220], [457, 235], [0.9215371], [271, 221], [328, 233], [0.23602939], [309, 231], [394, 248], [0.9468886], [286, 230], [359, 244], [0.90301234], [317, 325], [402, 347], [0.8563599], [289, 324], [362, 339], [0.7759238], [333, 405], [417, 435], [0.8861913], [296, 388], [361, 419], [0.95512104]]"
match keypoints image2 [[273, 67], [364, 69], [0.91239357], [278, 59], [371, 60], [0.8103373], [319, 106], [415, 113], [0.95757324], [295, 110], [365, 124], [0.7648107], [328, 165], [430, 175], [0.9504372], [286, 174], [351, 185], [0.90545213], [348, 219], [458, 235], [0.891743], [271, 221], [328, 233], [0.25016767], [310, 230], [394, 249], [0.93291974], [286, 230], [359, 244], [0.86028653], [317, 325], [403, 347], [0.8990847], [289, 323], [362, 339], [0.54872084], [333, 405], [417, 435], [0.9266543], [296, 388], [361, 418], [0.9489504]]"
match keypoints image3 [[274, 67], [365, 69], [0.61751354], [279, 58], [372, 60], [0.7051225], [319, 106], [415, 113], [0.9537925], [295, 110], [365, 124], [0.780823], [329, 166], [431, 174], [0.94803685], [286, 173], [351, 185], [0.71475863], [349, 219], [459, 236], [0.8960775], [310, 230], [395, 248], [0.9115638], [286, 230], [359, 243], [0.7067995], [318, 324], [403, 347], [0.9059833], [289, 323], [361, 339], [0.6607854], [333, 405], [417, 435], [0.88977474], [296, 388], [361, 418], [0.93524164]]"
match keypoints image4 [[274, 66], [366, 68], [0.5318677], [280, 58], [373, 59], [0.8008706], [320, 105], [416, 113], [0.95903754], [294, 110], [366, 123], [0.9331275], [331, 165], [433, 175], [0.95971024], [352, 219], [462, 236], [0.9580425], [272, 222], [329, 233], [0.08686228], [311, 231], [396, 248], [0.92024696], [286, 231], [359, 243], [0.85902214], [317, 325], [404, 347], [0.9282047], [288, 323], [361, 339], [0.85864925], [333, 405], [417, 435], [0.9313983], [295, 388], [361, 418], [0.93701917]]"
match keypoints image5 [[275, 66], [367, 68], [0.75846815], [280, 57], [374, 59], [0.9609545], [272, 61], [363, 62], [0.79466283], [320, 105], [416, 113], [0.9602241], [293, 110], [366, 123], [0.9372272], [332, 166], [434, 175], [0.9623752], [353, 219], [463, 235], [0.96249574], [272, 223], [330, 233], [0.09856326], [313, 233], [397, 247], [0.9268032], [286, 232], [361, 243], [0.77945375], [317, 325], [404, 348], [0.94930667], [287, 323], [361, 339], [0.8010803], [333, 405], [417, 435], [0.9408413], [295, 388], [361, 418], [0.950038]]"
match keypoints image6 [[277, 65], [371, 66], [0.960239], [283, 56], [379, 57], [0.96116084], [322, 104], [419, 111], [0.96200913], [292, 111], [366, 123], [0.9382248], [334, 164], [439, 175], [0.9599485], [289, 174], [352, 185], [0.90463644], [358, 219], [469, 234], [0.9569194], [272, 222], [332, 234], [0.13608457], [316, 232], [401, 247], [0.9302128], [288, 230], [364, 242], [0.7317437], [320, 327], [407, 349], [0.7069291], [290, 323], [362, 339], [0.8838013], [333, 406], [417, 435], [0.85599756], [295, 388], [361, 417], [0.9132356]]"
match keypoints image7 [[277, 64], [371, 66], [0.963635], [284, 55], [379, 57], [0.9633934], [323, 104], [419, 111], [0.96338636], [290, 112], [366, 123], [0.9510877], [335, 164], [439, 175], [0.9607427], [287, 175], [352, 185], [0.93898135], [359, 219], [469, 234], [0.95525426], [272, 222], [332, 234], [0.5853286], [315, 233], [401, 247], [0.9478958], [289, 231], [364, 242], [0.8575723], [291, 321], [362, 339], [0.8445048], [333, 407], [417, 435], [0.83153385], [296, 389], [361, 417], [0.9151565]]"
match keypoints image8 [[278, 64], [372, 65], [0.93167925], [284, 55], [380, 56], [0.7418075], [323, 104], [420, 111], [0.9607804], [290, 113], [367, 123], [0.93461066], [337, 165], [440, 174], [0.9590506], [286, 177], [353, 185], [0.93946725], [360, 219], [471, 235], [0.95647985], [272, 222], [332, 234], [0.23748298], [317, 233], [403, 247], [0.9523956], [289, 231], [365, 243], [0.80286944], [322, 327], [408, 347], [0.5549287], [291, 321], [362, 341], [0.8487262], [333, 407], [418, 436], [0.5547879]]"
match keypoints image9 [[279, 63], [373, 65], [0.9651094], [285, 54], [382, 56], [0.89528525], [325, 103], [422, 111], [0.9659595], [289, 114], [367, 123], [0.9654288], [338, 165], [442, 174], [0.9637925], [285, 177], [353, 184], [0.9106897], [361, 219], [473, 236], [0.96266943], [271, 222], [332, 233], [0.6347082], [319, 233], [404, 248], [0.9545261], [289, 231], [366, 243], [0.87360996], [323, 328], [409, 347], [0.92118454], [292, 321], [362, 340], [0.9480038], [334, 407], [418, 437], [0.9441846], [296, 389], [361, 417], [0.9515615]]"
match keypoints image10 [[280, 63], [375, 64], [0.95368314], [286, 54], [384, 55], [0.84903026], [326, 103], [423, 111], [0.9562833], [289, 114], [368, 122], [0.9341836], [339, 165], [443, 174], [0.94912356], [284, 176], [353, 184], [0.4292577], [363, 219], [474, 235], [0.93644184], [319, 233], [404, 246], [0.9199227], [289, 231], [367, 242], [0.5683036], [324, 327], [410, 347], [0.3824493], [292, 321], [362, 340], [0.691273], [334, 407], [419, 437], [0.6807537], [295, 388], [361, 417], [0.92510486]]"
match keypoints image11 [[280, 62], [376, 63], [0.96065575], [287, 53], [386, 55], [0.9556533], [309, 54], [406, 58], [0.8596718], [326, 103], [425, 110], [0.96038914], [289, 114], [368, 122], [0.9419461], [340, 164], [445, 173], [0.9603681], [284, 176], [353, 183], [0.94759035], [364, 219], [475, 236], [0.96118927], [271, 221], [332, 233], [0.110708065], [319, 233], [405, 248], [0.9369584], [289, 231], [367, 242], [0.75133675], [325, 327], [410, 347], [0.7511116], [292, 322], [362, 339], [0.8346475], [334, 406], [419, 437], [0.76349276], [295, 388], [361, 417], [0.9431679]]"
match keypoints image12 [[281, 62], [377, 63], [0.96600026], [288, 53], [386, 54], [0.96698487], [277, 57], [372, 58], [0.9633195], [310, 54], [407, 58], [0.9658791], [290, 114], [369, 122], [0.96769124], [341, 163], [446, 172], [0.96879864], [284, 175], [354, 184], [0.9506629], [364, 219], [476, 236], [0.96907175], [270, 221], [332, 233], [0.0585002], [319, 234], [405, 246], [0.96479094], [289, 231], [368, 242], [0.9589166], [325, 327], [411, 347], [0.90053535], [291, 320], [361, 339], [0.96484154], [334, 406], [419, 437], [0.9531837], [295, 387], [361, 417], [0.95663947]]"
match keypoints image13 [[282, 61], [379, 62], [0.9639542], [289, 52], [388, 53], [0.9644533], [278, 56], [373, 57], [0.96440315], [310, 53], [408, 57], [0.96498287], [328, 102], [426, 109], [0.9644407], [290, 113], [369, 121], [0.878996], [341, 163], [446, 173], [0.95087415], [284, 174], [353, 182], [0.94976664], [364, 218], [476, 235], [0.9647298], [268, 221], [329, 232], [0.15930083], [320, 232], [404, 246], [0.9432922], [289, 229], [367, 241], [0.8338702], [323, 325], [407, 345], [0.852124], [290, 320], [359, 335], [0.8805528], [334, 405], [418, 435], [0.934889], [294, 387], [359, 419], [0.9496025]]"
match keypoints image14 [[282, 62], [379, 62], [0.955795], [289, 53], [388, 53], [0.95615923], [278, 56], [373, 57], [0.96088064], [310, 54], [408, 57], [0.96040475], [289, 114], [369, 121], [0.9492378], [340, 162], [446, 173], [0.95699584], [281, 174], [353, 182], [0.9440786], [363, 218], [476, 235], [0.966429], [266, 220], [329, 232], [0.3356854], [318, 231], [404, 246], [0.95781523], [287, 228], [367, 241], [0.92245334], [320, 324], [407, 345], [0.9454733], [287, 319], [359, 335], [0.93803084], [333, 405], [418, 435], [0.95761615], [292, 390], [359, 419], [0.96506935]]"
match keypoints image15 [[281, 62], [378, 62], [0.96579397], [288, 53], [387, 54], [0.96677023], [277, 57], [373, 57], [0.964409], [310, 55], [407, 58], [0.96237], [326, 103], [425, 109], [0.96609724], [288, 115], [368, 121], [0.961275], [340, 163], [445, 173], [0.9647891], [280, 176], [352, 182], [0.402025], [363, 218], [475, 235], [0.96652615], [317, 231], [404, 247], [0.9555608], [286, 227], [366, 241], [0.90727425], [319, 326], [407, 346], [0.85981965], [287, 320], [358, 335], [0.9241149], [333, 405], [417, 435], [0.91668767], [292, 392], [358, 420], [0.9588453]]"
match keypoints image16 [[281, 63], [377, 63], [0.9640782], [288, 54], [386, 55], [0.9599917], [277, 57], [372, 57], [0.96219105], [309, 57], [406, 59], [0.9630113], [326, 104], [424, 110], [0.96287763], [286, 116], [367, 122], [0.9143927], [340, 164], [444, 174], [0.96033883], [279, 176], [350, 182], [0.94076234], [362, 218], [474, 235], [0.94630164], [264, 221], [326, 233], [0.18683688], [317, 232], [403, 248], [0.87668204], [286, 229], [365, 242], [0.84614575], [287, 320], [358, 335], [0.8110472], [333, 405], [417, 435], [0.86512464], [291, 392], [357, 420], [0.946527]]"
match keypoints image17 [[280, 63], [373, 65], [0.9598986], [288, 55], [383, 57], [0.94292617], [277, 58], [368, 59], [0.9506851], [308, 57], [401, 62], [0.9614061], [325, 105], [417, 113], [0.9627951], [285, 116], [359, 123], [0.9447282], [339, 163], [439, 172], [0.9462493], [362, 218], [470, 232], [0.9432859], [262, 221], [320, 234], [0.52738404], [317, 233], [398, 248], [0.9152712], [285, 230], [360, 243], [0.8976141], [319, 325], [403, 348], [0.6234254], [287, 320], [356, 339], [0.91076046], [333, 406], [417, 435], [0.9462583], [291, 393], [358, 421], [0.9207829]]"
match keypoints image18 [[280, 63], [373, 65], [0.9590638], [287, 55], [382, 57], [0.95488167], [276, 59], [367, 60], [0.9597182], [308, 58], [400, 63], [0.9563672], [324, 105], [417, 114], [0.9631745], [284, 116], [357, 123], [0.90110105], [338, 163], [439, 173], [0.9519852], [276, 176], [341, 184], [0.6741454], [361, 216], [470, 231], [0.9583539], [261, 221], [317, 234], [0.5952652], [316, 233], [398, 248], [0.9359885], [284, 230], [359, 243], [0.909562], [317, 325], [403, 349], [0.63969505], [287, 320], [356, 339], [0.88798445], [333, 406], [417, 434], [0.8837621], [292, 393], [358, 421], [0.9552064]]"
match keypoints image19 [[280, 64], [372, 65], [0.95366037], [287, 56], [381, 58], [0.938905], [275, 59], [366, 60], [0.9187208], [308, 58], [398, 63], [0.9047435], [323, 105], [415, 114], [0.9586478], [283, 116], [355, 124], [0.8133566], [338, 163], [439, 172], [0.9483762], [274, 176], [337, 185], [0.5690701], [362, 216], [472, 230], [0.85162216], [260, 221], [314, 234], [0.6681204], [316, 232], [398, 248], [0.85929847], [283, 230], [357, 245], [0.87415034], [287, 320], [357, 342], [0.732034], [332, 405], [416, 433], [0.58540314], [292, 393], [358, 422], [0.91224104]]"
match keypoints image20 [[279, 64], [372, 65], [0.9631082], [286, 56], [381, 58], [0.9638727], [275, 59], [366, 59], [0.96286666], [323, 106], [415, 114], [0.9658036], [281, 116], [354, 124], [0.91189444], [338, 162], [440, 172], [0.96457916], [362, 215], [472, 228], [0.9597061], [258, 221], [313, 233], [0.7158562], [316, 233], [398, 248], [0.9590517], [282, 231], [357, 244], [0.9559247], [316, 324], [403, 345], [0.7790868], [286, 320], [356, 341], [0.92281675], [332, 404], [416, 433], [0.94899887], [292, 393], [358, 422], [0.9614339]]"
match keypoints image21 [[279, 63], [372, 65], [0.96590424], [286, 56], [381, 57], [0.9641499], [306, 59], [398, 63], [0.96442574], [322, 106], [415, 114], [0.969026], [278, 116], [353, 123], [0.9224027], [341, 161], [440, 172], [0.9689724], [269, 175], [335, 184], [0.9660039], [367, 213], [474, 228], [0.9696426], [253, 220], [312, 233], [0.9206292], [315, 233], [398, 247], [0.966826], [280, 232], [357, 243], [0.96378577], [319, 324], [403, 346], [0.888977], [286, 320], [357, 340], [0.9303765], [331, 402], [415, 433], [0.9587397], [292, 393], [358, 422], [0.96531326]]"
match keypoints image22 [[279, 63], [372, 65], [0.96197957], [287, 56], [381, 57], [0.9559924], [306, 59], [398, 63], [0.9670229], [323, 106], [415, 114], [0.9666788], [278, 116], [353, 123], [0.9249066], [341, 161], [440, 172], [0.96504974], [268, 174], [335, 184], [0.9607139], [368, 212], [474, 228], [0.96788204], [252, 220], [312, 233], [0.79343396], [316, 233], [398, 247], [0.9613225], [281, 232], [357, 243], [0.95035833], [319, 325], [403, 346], [0.92595863], [286, 320], [357, 340], [0.8517564], [331, 402], [415, 433], [0.9038212], [292, 393], [358, 422], [0.9613963]]"
match keypoints image23 [[280, 63], [373, 65], [0.9638255], [287, 56], [382, 57], [0.95926005], [307, 59], [398, 63], [0.7318754], [323, 105], [415, 114], [0.96689934], [278, 116], [354, 123], [0.94830203], [342, 161], [441, 171], [0.965542], [268, 174], [335, 185], [0.9569593], [370, 213], [475, 227], [0.9666407], [316, 233], [399, 245], [0.9623342], [281, 232], [357, 241], [0.95619345], [320, 324], [403, 346], [0.9037151], [286, 320], [356, 339], [0.8634759], [332, 402], [415, 433], [0.9630577], [292, 393], [358, 421], [0.964268]]"
match keypoints image24 [[280, 64], [377, 66], [0.96739465], [288, 56], [386, 58], [0.9661859], [308, 59], [403, 63], [0.96789247], [324, 106], [421, 115], [0.9661972], [278, 117], [357, 124], [0.96045834], [344, 161], [447, 173], [0.9621773], [268, 175], [338, 185], [0.9513767], [371, 213], [482, 229], [0.9671119], [250, 220], [313, 234], [0.8952849], [316, 234], [401, 248], [0.96425974], [281, 233], [359, 245], [0.9385053], [320, 324], [405, 346], [0.79548323], [286, 319], [357, 338], [0.87419957], [332, 403], [415, 435], [0.932865], [292, 394], [358, 421], [0.96102643]]"
match keypoints image25 [[281, 64], [379, 65], [0.9672622], [289, 56], [388, 57], [0.9664803], [308, 59], [404, 63], [0.9674366], [325, 106], [423, 116], [0.96656907], [279, 117], [358, 124], [0.96412003], [345, 161], [450, 173], [0.9665057], [269, 176], [340, 186], [0.9562936], [373, 213], [484, 230], [0.96236724], [250, 221], [314, 235], [0.5990255], [316, 236], [403, 249], [0.9655425], [281, 233], [361, 245], [0.90399766], [321, 325], [406, 349], [0.75875956], [287, 319], [358, 339], [0.87775475], [332, 404], [416, 435], [0.94692636], [292, 393], [358, 420], [0.9628322]]"
match keypoints image26 [[283, 64], [381, 65], [0.95405537], [290, 56], [390, 57], [0.9626215], [310, 59], [406, 62], [0.9246266], [327, 106], [425, 116], [0.9598528], [346, 161], [452, 173], [0.9492586], [270, 176], [341, 186], [0.89617926], [374, 213], [485, 230], [0.96155304], [251, 222], [314, 236], [0.75420654], [316, 234], [404, 249], [0.9591092], [282, 232], [362, 245], [0.9146676], [321, 325], [406, 349], [0.69114506], [288, 320], [359, 339], [0.83456546], [332, 405], [416, 434], [0.916271], [292, 393], [358, 420], [0.9545295]]"
match keypoints image27 [[288, 62], [383, 64], [0.9325351], [295, 54], [392, 56], [0.9420327], [315, 57], [408, 62], [0.49416825], [332, 105], [427, 114], [0.9549067], [284, 116], [362, 124], [0.87799484], [352, 161], [453, 173], [0.9348468], [272, 175], [342, 186], [0.8595213], [379, 214], [488, 231], [0.8893866], [253, 222], [315, 235], [0.40843406], [319, 233], [406, 248], [0.8908739], [285, 228], [364, 243], [0.40586573], [322, 325], [407, 348], [0.41516975], [289, 318], [359, 338], [0.5558065], [332, 406], [416, 435], [0.7599977], [292, 392], [358, 420], [0.93775225]]"
match keypoints image28 [[288, 62], [385, 63], [0.96267706], [296, 53], [395, 55], [0.96165115], [316, 57], [411, 60], [0.891547], [333, 104], [430, 113], [0.961025], [285, 115], [364, 122], [0.9610594], [353, 160], [456, 172], [0.96047294], [272, 174], [343, 183], [0.90602326], [381, 214], [491, 230], [0.9026352], [252, 221], [315, 234], [0.51950014], [319, 233], [409, 246], [0.9597419], [285, 228], [366, 241], [0.7650649], [323, 325], [409, 348], [0.69835085], [289, 317], [358, 336], [0.7722349], [332, 405], [416, 435], [0.9235054], [291, 391], [357, 419], [0.9517378]]"
match keypoints image29 [[289, 61], [385, 63], [0.96225595], [296, 53], [395, 55], [0.9621392], [284, 55], [379, 57], [0.8754951], [316, 56], [411, 60], [0.9541175], [334, 104], [430, 113], [0.9614045], [285, 115], [364, 122], [0.95337707], [354, 160], [456, 172], [0.96169615], [273, 172], [343, 183], [0.9061868], [382, 214], [491, 230], [0.9430595], [251, 221], [315, 234], [0.6166035], [320, 232], [409, 246], [0.9603187], [287, 227], [366, 241], [0.74793273], [323, 325], [409, 348], [0.7618773], [289, 316], [358, 336], [0.8110393], [332, 405], [416, 435], [0.95189536], [290, 392], [357, 419], [0.9604368]]"
match keypoints image30 [[289, 60], [386, 62], [0.9605751], [297, 53], [396, 54], [0.96225524], [284, 55], [380, 56], [0.80139506], [316, 56], [412, 60], [0.93323857], [334, 104], [431, 113], [0.94557816], [285, 114], [365, 122], [0.91420263], [355, 160], [457, 172], [0.95298666], [273, 171], [343, 182], [0.9118058], [383, 215], [492, 230], [0.9311203], [251, 220], [315, 233], [0.8010402], [321, 233], [410, 245], [0.9601268], [287, 227], [367, 240], [0.6892877], [323, 324], [410, 348], [0.5487698], [288, 318], [359, 336], [0.64325374], [332, 405], [416, 435], [0.89037406], [288, 390], [356, 419], [0.9532221]]"
match keypoints image31 [[289, 60], [386, 61], [0.9571332], [296, 52], [396, 53], [0.9599816], [284, 54], [380, 54], [0.86661303], [316, 56], [412, 59], [0.9594502], [334, 104], [431, 111], [0.9545876], [285, 114], [364, 121], [0.7716859], [355, 160], [458, 171], [0.9386942], [272, 170], [340, 181], [0.85243326], [383, 214], [493, 227], [0.84799665], [250, 220], [310, 231], [0.84977204], [322, 232], [411, 247], [0.95842564], [287, 227], [365, 241], [0.75456953], [323, 324], [412, 350], [0.48601022], [287, 316], [357, 338], [0.70746565], [332, 405], [416, 437], [0.74721444], [286, 390], [349, 419], [0.9343956]]"
match keypoints image32 [[289, 60], [385, 60], [0.9579206], [296, 52], [395, 53], [0.9599675], [316, 56], [410, 59], [0.19138683], [334, 103], [430, 111], [0.94894993], [284, 114], [362, 121], [0.9342147], [355, 159], [457, 170], [0.93130994], [271, 170], [338, 180], [0.94106257], [383, 214], [492, 227], [0.89236945], [321, 232], [410, 246], [0.9411999], [286, 227], [365, 241], [0.56197643], [324, 324], [412, 350], [0.6206028], [285, 316], [356, 339], [0.7329268], [332, 406], [416, 437], [0.89297086], [284, 390], [346, 419], [0.9557153]]"
match keypoints image33 [[288, 59], [384, 60], [0.9648503], [296, 51], [394, 53], [0.965308], [284, 54], [378, 54], [0.9639851], [316, 55], [409, 59], [0.6324652], [334, 103], [428, 111], [0.96239704], [283, 114], [361, 121], [0.94509834], [355, 159], [456, 170], [0.92326766], [270, 170], [337, 180], [0.9570574], [383, 213], [491, 227], [0.953203], [248, 219], [307, 230], [0.9616452], [320, 233], [409, 245], [0.95385754], [284, 228], [364, 240], [0.7298163], [324, 326], [411, 348], [0.71571743], [284, 319], [354, 338], [0.83999723], [332, 407], [416, 437], [0.92367953], [281, 391], [344, 419], [0.9433745]]"
match keypoints image34 [[284, 60], [383, 60], [0.9629576], [292, 52], [392, 53], [0.96043295], [280, 54], [376, 54], [0.9621663], [329, 104], [427, 111], [0.96368766], [278, 115], [359, 120], [0.9108117], [351, 159], [454, 170], [0.9631532], [263, 171], [334, 180], [0.95935225], [381, 212], [490, 227], [0.9516484], [241, 219], [305, 230], [0.9220817], [317, 232], [408, 247], [0.955065], [280, 228], [362, 242], [0.823132], [322, 326], [409, 348], [0.66027737], [278, 321], [353, 339], [0.8002424], [332, 406], [415, 437], [0.88576585], [276, 394], [343, 421], [0.9448293]]"
match keypoints image35 [[283, 60], [381, 61], [0.9609744], [290, 53], [391, 53], [0.96375686], [328, 104], [424, 113], [0.96442527], [276, 116], [358, 121], [0.95769286], [350, 159], [453, 171], [0.95903254], [261, 172], [332, 180], [0.95411474], [379, 211], [489, 227], [0.94553804], [238, 220], [303, 230], [0.9499687], [317, 232], [406, 247], [0.96058494], [279, 227], [359, 243], [0.9032492], [321, 327], [408, 350], [0.79347235], [276, 323], [351, 340], [0.69736624], [332, 406], [415, 437], [0.8840561], [276, 395], [343, 422], [0.92665035]]"
match keypoints image36 [[281, 61], [379, 62], [0.96257657], [289, 53], [389, 54], [0.9555435], [277, 56], [373, 55], [0.9642749], [308, 58], [404, 61], [0.9594032], [326, 106], [422, 113], [0.96545315], [274, 116], [355, 122], [0.96064514], [349, 160], [451, 171], [0.9484456], [259, 172], [330, 181], [0.9517455], [236, 220], [300, 230], [0.954082], [315, 234], [404, 247], [0.9594078], [277, 229], [358, 242], [0.9150452], [320, 327], [407, 350], [0.7243102], [275, 323], [350, 338], [0.70523304], [332, 406], [416, 436], [0.83678985], [276, 395], [343, 424], [0.8998423]]"
match keypoints image37 [[287, 54], [380, 56], [0.930988], [275, 56], [364, 57], [0.9486121], [306, 59], [394, 63], [0.95472324], [323, 107], [412, 116], [0.95652956], [347, 160], [442, 171], [0.9567202], [256, 172], [319, 180], [0.92066926], [376, 210], [479, 225], [0.3438346], [233, 221], [289, 231], [0.92460895], [314, 234], [395, 246], [0.95504856], [275, 231], [348, 243], [0.6832375], [319, 327], [401, 347], [0.7494616], [274, 324], [345, 337], [0.7903295], [332, 405], [415, 433], [0.9423751], [276, 395], [342, 425], [0.8800179]]"
match keypoints image38 [[277, 62], [368, 63], [0.94569767], [286, 55], [378, 56], [0.95426834], [273, 56], [362, 57], [0.919496], [304, 60], [392, 63], [0.7624324], [321, 107], [410, 116], [0.90118015], [345, 161], [440, 171], [0.5535921], [254, 171], [316, 179], [0.8511027], [376, 211], [477, 225], [0.88616574], [230, 220], [286, 230], [0.8945193], [312, 233], [394, 248], [0.9149944], [273, 229], [346, 244], [0.8130309], [318, 324], [400, 346], [0.81157833], [272, 322], [343, 337], [0.8753375], [331, 403], [414, 432], [0.8911594], [276, 395], [343, 424], [0.9087676]]"
match keypoints image39 [[271, 62], [367, 63], [0.9627415], [279, 55], [376, 56], [0.96682537], [266, 57], [361, 57], [0.9563875], [298, 60], [390, 63], [0.7460979], [316, 108], [409, 116], [0.94275665], [261, 117], [340, 122], [0.94854105], [340, 160], [439, 171], [0.94979244], [244, 172], [314, 179], [0.95042986], [372, 210], [476, 225], [0.96365076], [220, 219], [284, 230], [0.94115657], [305, 230], [393, 248], [0.94171613], [267, 230], [345, 245], [0.8674976], [314, 323], [399, 345], [0.842321], [270, 322], [342, 338], [0.90488845], [330, 399], [413, 431], [0.9153917], [276, 395], [343, 425], [0.938087]]"
match keypoints image40 [[270, 62], [365, 63], [0.96499664], [278, 55], [375, 56], [0.9649161], [266, 57], [359, 57], [0.95847094], [296, 60], [388, 63], [0.83894926], [315, 107], [407, 116], [0.9629741], [260, 117], [338, 122], [0.55937886], [340, 160], [438, 171], [0.9621316], [242, 172], [312, 179], [0.9614173], [372, 210], [475, 225], [0.9631229], [218, 219], [281, 229], [0.94223356], [304, 230], [391, 247], [0.9612938], [266, 229], [344, 245], [0.9158802], [270, 322], [342, 337], [0.9394639], [329, 399], [413, 431], [0.9529167], [276, 395], [343, 424], [0.96017987]]"
match keypoints image41 [[270, 62], [364, 63], [0.9658566], [278, 55], [374, 55], [0.9652129], [265, 57], [358, 57], [0.96037406], [296, 60], [387, 63], [0.76447815], [314, 107], [406, 116], [0.9612945], [259, 117], [337, 122], [0.9545757], [340, 159], [437, 171], [0.9578655], [241, 172], [310, 179], [0.9627835], [372, 209], [474, 224], [0.96486914], [217, 218], [280, 229], [0.9416993], [304, 228], [390, 246], [0.9564276], [266, 228], [343, 244], [0.8780909], [313, 323], [396, 346], [0.37888685], [269, 321], [341, 338], [0.89316094], [329, 399], [412, 431], [0.8818241], [276, 395], [343, 424], [0.9436735]]"
match keypoints image42 [[269, 62], [364, 63], [0.96399796], [278, 55], [373, 55], [0.95923495], [265, 56], [357, 56], [0.96018535], [296, 60], [386, 62], [0.8829978], [314, 107], [406, 116], [0.953469], [259, 117], [336, 121], [0.6809156], [340, 160], [436, 170], [0.9570072], [241, 171], [309, 179], [0.95985574], [371, 209], [473, 223], [0.9608037], [216, 218], [278, 228], [0.9488758], [303, 229], [390, 245], [0.94876856], [266, 228], [343, 243], [0.91493726], [312, 322], [395, 345], [0.5745902], [269, 321], [341, 339], [0.92171067], [328, 400], [411, 430], [0.88553506], [276, 395], [343, 423], [0.91603446]]"
match keypoints image43 [[269, 62], [363, 63], [0.96423125], [278, 55], [373, 55], [0.963483], [265, 56], [357, 56], [0.9621509], [296, 60], [386, 62], [0.89347285], [314, 107], [405, 116], [0.95650995], [259, 117], [335, 121], [0.88568413], [340, 160], [436, 170], [0.9583667], [240, 171], [308, 179], [0.9622326], [372, 209], [473, 224], [0.96308184], [215, 218], [278, 228], [0.9451995], [303, 227], [390, 245], [0.93928075], [266, 226], [343, 243], [0.8839316], [311, 322], [395, 344], [0.63602906], [270, 320], [341, 339], [0.85994875], [327, 401], [410, 430], [0.87470156], [276, 395], [343, 423], [0.9240001]]"
match keypoints image44 [[270, 62], [366, 63], [0.96677834], [278, 55], [376, 56], [0.96834165], [265, 56], [360, 56], [0.9664831], [296, 60], [389, 63], [0.9135409], [314, 107], [407, 116], [0.96179104], [259, 116], [337, 121], [0.96247417], [340, 161], [438, 171], [0.94776833], [241, 171], [309, 179], [0.96788484], [373, 210], [475, 226], [0.96438915], [215, 218], [279, 228], [0.9590808], [303, 227], [392, 245], [0.9581859], [266, 226], [344, 243], [0.8793331], [311, 322], [395, 344], [0.8064725], [270, 320], [342, 338], [0.8928695], [327, 401], [409, 432], [0.94770515], [277, 395], [343, 423], [0.95816976]]"
match keypoints image45 [[271, 62], [368, 63], [0.94729036], [279, 55], [377, 56], [0.9638534], [266, 56], [361, 57], [0.95597917], [297, 60], [391, 62], [0.5817698], [315, 108], [409, 117], [0.9519791], [259, 117], [338, 121], [0.9281125], [341, 161], [440, 172], [0.9566833], [241, 171], [311, 178], [0.9636571], [373, 210], [477, 227], [0.90391773], [216, 218], [281, 228], [0.9498088], [304, 228], [393, 247], [0.9506556], [266, 227], [345, 244], [0.89757943], [311, 321], [395, 346], [0.6829349], [270, 318], [343, 340], [0.9125552], [327, 401], [409, 434], [0.94324774], [277, 395], [343, 423], [0.95503604]]"
match keypoints image46 [[277, 62], [370, 63], [0.9557329], [285, 55], [380, 56], [0.9595021], [272, 56], [364, 57], [0.94492996], [302, 60], [392, 63], [0.955308], [320, 109], [411, 117], [0.9280166], [263, 117], [340, 121], [0.71722925], [347, 162], [442, 173], [0.9424272], [243, 172], [313, 178], [0.6577894], [378, 213], [478, 227], [0.91904414], [219, 218], [282, 228], [0.88029337], [308, 233], [394, 246], [0.9093009], [269, 230], [346, 244], [0.8132915], [314, 325], [396, 346], [0.55373967], [272, 322], [344, 338], [0.8419086], [328, 403], [409, 434], [0.81384444], [277, 395], [343, 423], [0.8702349]]"
match keypoints image47 [[279, 62], [373, 63], [0.96302557], [287, 55], [382, 56], [0.96445745], [274, 56], [366, 57], [0.9612835], [304, 60], [394, 63], [0.73696005], [322, 109], [413, 117], [0.9635395], [264, 117], [342, 121], [0.93700755], [349, 163], [443, 173], [0.9604033], [245, 171], [314, 178], [0.95233256], [380, 214], [481, 229], [0.9565795], [220, 218], [283, 229], [0.8714298], [310, 234], [395, 246], [0.95766795], [271, 231], [347, 243], [0.81182903], [315, 325], [397, 344], [0.5904582], [272, 323], [345, 337], [0.64608914], [328, 404], [409, 434], [0.9487743], [277, 395], [343, 423], [0.9447804]]"
match keypoints image48 [[281, 61], [375, 63], [0.9639274], [289, 54], [385, 56], [0.96530724], [275, 55], [368, 56], [0.96388716], [306, 60], [397, 63], [0.8995025], [325, 109], [415, 117], [0.9647192], [266, 116], [344, 121], [0.9100661], [351, 163], [446, 175], [0.9614487], [246, 171], [315, 179], [0.94755286], [382, 214], [482, 230], [0.9490744], [221, 218], [284, 229], [0.9179693], [312, 234], [396, 248], [0.9614155], [272, 230], [348, 245], [0.6146071], [316, 326], [398, 344], [0.52998036], [273, 323], [346, 338], [0.75902784], [328, 404], [409, 434], [0.94638443], [277, 395], [343, 422], [0.9481205]]"
match keypoints image49 [[290, 54], [387, 55], [0.9554252], [277, 55], [371, 56], [0.6033408], [308, 59], [399, 63], [0.86725074], [326, 108], [418, 117], [0.96175575], [267, 116], [346, 121], [0.95282537], [352, 164], [448, 175], [0.96054447], [247, 170], [317, 178], [0.9470187], [384, 214], [484, 230], [0.9509596], [221, 217], [286, 228], [0.89639336], [313, 231], [398, 247], [0.9564908], [273, 228], [350, 243], [0.62540966], [317, 326], [399, 344], [0.27082512], [273, 323], [347, 336], [0.67932373], [328, 403], [410, 434], [0.9327836], [276, 394], [343, 422], [0.9522068]]"
match keypoints image50 [[283, 60], [384, 60], [0.9559053], [292, 53], [394, 53], [0.96154755], [278, 54], [377, 54], [0.96056485], [310, 58], [406, 60], [0.82825744], [328, 108], [424, 116], [0.96053934], [268, 115], [349, 119], [0.66967016], [354, 163], [454, 174], [0.84027904], [247, 169], [320, 176], [0.9089379], [385, 214], [489, 230], [0.9568427], [222, 216], [286, 226], [0.891793], [314, 231], [403, 243], [0.9578639], [273, 227], [353, 239], [0.76390165], [318, 324], [403, 340], [0.43978354], [273, 321], [348, 332], [0.7459361], [328, 403], [410, 435], [0.74818474], [276, 394], [341, 420], [0.91105974]]"
match keypoints image51 [[285, 59], [385, 60], [0.95944256], [293, 52], [394, 53], [0.96015173], [280, 54], [378, 53], [0.9602474], [310, 58], [406, 60], [0.9274761], [329, 107], [425, 116], [0.9601573], [269, 114], [350, 119], [0.9027833], [355, 163], [454, 174], [0.8441317], [248, 169], [320, 174], [0.75271285], [386, 213], [490, 230], [0.95452565], [221, 216], [286, 225], [0.8032765], [315, 231], [404, 242], [0.9539321], [274, 228], [354, 237], [0.5249814], [319, 324], [403, 340], [0.13173057], [272, 321], [348, 332], [0.3226579], [328, 403], [410, 435], [0.47938174], [275, 394], [339, 420], [0.46845058]]"
match keypoints image52 [[286, 58], [385, 60], [0.9520361], [295, 51], [395, 53], [0.95786667], [281, 52], [378, 53], [0.94354683], [311, 57], [406, 60], [0.8608273], [331, 107], [425, 115], [0.95764995], [269, 114], [349, 119], [0.59362173], [357, 162], [454, 174], [0.4488137], [245, 167], [320, 174], [0.9393065], [389, 213], [490, 230], [0.7949899], [217, 215], [284, 225], [0.8057833], [316, 230], [403, 243], [0.95037013], [274, 226], [353, 237], [0.6868914], [271, 321], [403, 342], [0.773769], [269, 393], [410, 435], [0.72268915]]"
match keypoints image53 [[286, 58], [385, 60], [0.95927036], [295, 51], [395, 53], [0.9598556], [280, 52], [378, 53], [0.95295393], [310, 57], [406, 60], [0.9568758], [330, 107], [425, 116], [0.956869], [268, 114], [319, 174], [0.6745546], [357, 163], [454, 175], [0.34444898], [388, 212], [490, 230], [0.9090666], [215, 215], [283, 225], [0.8257583], [316, 230], [403, 244], [0.9482993], [274, 226], [353, 238], [0.5468827], [270, 321], [402, 342], [0.5555514], [267, 393], [410, 435], [0.6955596]]"
match keypoints image54 [[285, 59], [384, 60], [0.9569867], [294, 52], [394, 53], [0.9604146], [280, 53], [377, 53], [0.9594167], [310, 57], [405, 60], [0.85377973], [329, 107], [424, 116], [0.959065], [266, 114], [347, 119], [0.876681], [356, 163], [454, 175], [0.7101531], [242, 168], [317, 174], [0.115874045], [388, 212], [489, 230], [0.9429057], [213, 216], [282, 225], [0.93977034], [315, 231], [404, 246], [0.95316094], [273, 227], [353, 239], [0.737204], [319, 325], [402, 344], [0.056382388], [270, 321], [345, 333], [0.46072328], [328, 404], [410, 435], [0.80224544], [266, 393], [336, 423], [0.6545329]]"
match keypoints image55 [[284, 59], [383, 60], [0.96370864], [292, 53], [393, 53], [0.9643991], [278, 53], [376, 54], [0.96346235], [308, 58], [404, 61], [0.8326807], [327, 108], [423, 117], [0.96184975], [265, 114], [346, 119], [0.9362157], [356, 164], [453, 175], [0.537695], [241, 168], [316, 175], [0.9598613], [387, 213], [488, 230], [0.95908856], [211, 216], [280, 225], [0.9598997], [315, 231], [403, 247], [0.9557353], [272, 227], [352, 241], [0.81945777], [319, 325], [402, 345], [0.53742254], [269, 321], [344, 334], [0.39113384], [328, 404], [410, 435], [0.9047568], [266, 395], [335, 423], [0.9161912]]"
match keypoints image56 [[283, 60], [383, 61], [0.9612943], [292, 53], [392, 54], [0.96459013], [277, 54], [376, 54], [0.9614183], [306, 59], [403, 62], [0.96262586], [325, 109], [421, 117], [0.9639584], [262, 115], [344, 119], [0.82745016], [354, 164], [451, 176], [0.5210107], [238, 169], [314, 174], [0.94971275], [386, 213], [487, 229], [0.9598414], [208, 217], [278, 225], [0.96293366], [314, 230], [402, 248], [0.9503193], [271, 227], [351, 242], [0.88481563], [318, 323], [402, 345], [0.44537196], [268, 320], [343, 334], [0.44521248], [328, 404], [410, 435], [0.92015433], [266, 396], [335, 423], [0.8951295]]"
match keypoints image57 [[282, 61], [376, 62], [0.9580233], [290, 54], [385, 56], [0.95988923], [276, 54], [368, 55], [0.96190435], [305, 60], [393, 65], [0.8157506], [270, 60], [356, 62], [0.96093285], [323, 109], [411, 119], [0.9629576], [260, 115], [304, 176], [0.77658415], [352, 164], [442, 176], [0.7915147], [385, 212], [478, 228], [0.95776457], [206, 218], [269, 227], [0.9531448], [314, 231], [396, 247], [0.954779], [270, 228], [345, 244], [0.8189851], [267, 321], [400, 343], [0.70531315], [266, 396], [410, 434], [0.8266039]]"
match keypoints image58 [[281, 61], [374, 62], [0.96829695], [289, 54], [383, 56], [0.9683671], [274, 55], [367, 55], [0.96775633], [302, 60], [391, 64], [0.9680494], [268, 60], [354, 62], [0.9679698], [321, 110], [409, 119], [0.9681478], [257, 116], [332, 120], [0.96246314], [350, 164], [439, 174], [0.9682447], [232, 171], [302, 176], [0.9052868], [383, 212], [476, 227], [0.96706074], [204, 218], [268, 227], [0.96766543], [313, 231], [395, 245], [0.96621406], [268, 228], [344, 243], [0.95688355], [266, 320], [338, 334], [0.66674864], [328, 403], [410, 433], [0.7551512], [266, 396], [335, 424], [0.801206]]"
match keypoints image59 [[275, 61], [372, 62], [0.96392924], [283, 55], [381, 56], [0.9612926], [269, 54], [365, 55], [0.96411836], [296, 60], [389, 64], [0.9025018], [261, 62], [352, 61], [0.78143424], [315, 110], [406, 118], [0.96565205], [249, 116], [329, 120], [0.6250191], [345, 162], [437, 174], [0.96571285], [224, 170], [299, 176], [0.9305797], [379, 210], [475, 227], [0.9603722], [196, 218], [266, 226], [0.96412736], [308, 227], [393, 244], [0.9553861], [262, 227], [343, 242], [0.9467502], [316, 320], [399, 340], [0.72223336], [265, 320], [338, 335], [0.8086518], [328, 401], [410, 432], [0.908791], [266, 396], [334, 425], [0.9135607]]"
match keypoints image60 [[274, 61], [371, 62], [0.9565195], [268, 54], [364, 55], [0.94868374], [295, 60], [387, 65], [0.7802199], [260, 62], [350, 62], [0.9468198], [314, 110], [405, 118], [0.96196073], [248, 116], [328, 120], [0.9582253], [345, 162], [436, 174], [0.9637027], [194, 218], [264, 226], [0.9584999], [307, 227], [392, 243], [0.9340923], [261, 227], [341, 241], [0.8354104], [316, 320], [398, 339], [0.6377814], [264, 319], [338, 335], [0.7517901], [328, 401], [409, 430], [0.89571273], [266, 396], [335, 424], [0.85200477]]"
match keypoints image61 [[274, 61], [370, 62], [0.9629805], [282, 54], [379, 55], [0.9611763], [268, 55], [362, 55], [0.96293557], [294, 60], [386, 64], [0.8874168], [260, 61], [350, 62], [0.93303543], [314, 110], [404, 117], [0.9626054], [345, 162], [435, 173], [0.95627964], [193, 218], [263, 226], [0.9602207], [307, 227], [392, 243], [0.9241906], [261, 227], [341, 241], [0.9190612], [316, 319], [397, 339], [0.4067393], [264, 319], [338, 333], [0.75024897], [328, 400], [409, 429], [0.878904], [266, 396], [335, 424], [0.69673204]]"
match keypoints image62 [[274, 61], [369, 62], [0.96623677], [267, 54], [362, 54], [0.9645016], [294, 60], [386, 63], [0.82202315], [260, 61], [349, 61], [0.9655922], [314, 110], [404, 117], [0.96572167], [345, 161], [435, 173], [0.96581215], [379, 209], [472, 225], [0.96259326], [192, 218], [262, 226], [0.96576744], [307, 226], [392, 243], [0.9436875], [261, 226], [340, 241], [0.95873374], [315, 318], [397, 336], [0.66515964], [264, 318], [338, 332], [0.84454906], [328, 400], [409, 429], [0.9496231], [266, 396], [335, 425], [0.8622305]]"
match keypoints image63 [[274, 61], [369, 62], [0.96698093], [282, 54], [378, 55], [0.9667108], [268, 54], [361, 54], [0.96653396], [295, 60], [386, 63], [0.69943196], [260, 62], [349, 61], [0.9647399], [314, 110], [404, 118], [0.96677047], [247, 115], [326, 119], [0.96373874], [345, 162], [435, 173], [0.9664532], [380, 209], [473, 225], [0.96425694], [192, 218], [262, 226], [0.96572274], [307, 226], [392, 242], [0.95728725], [262, 226], [340, 240], [0.96374863], [315, 317], [397, 339], [0.5345325], [264, 317], [338, 334], [0.81157047], [328, 400], [408, 428], [0.90313554], [266, 396], [335, 425], [0.78208977]]"
match keypoints image64 [[275, 61], [374, 62], [0.9661923], [283, 54], [382, 56], [0.96695954], [269, 54], [366, 55], [0.9650983], [295, 60], [389, 64], [0.9619956], [261, 61], [353, 61], [0.96550125], [314, 110], [406, 119], [0.9654424], [247, 115], [329, 119], [0.963738], [346, 162], [438, 174], [0.9661472], [381, 209], [475, 225], [0.9552328], [193, 218], [265, 225], [0.95263547], [308, 225], [394, 242], [0.93630946], [262, 224], [343, 242], [0.9263729], [316, 318], [397, 340], [0.35807586], [328, 400], [406, 428], [0.73686], [266, 396], [335, 424], [0.3848997]]"
match keypoints image65 [[276, 61], [376, 62], [0.9658054], [284, 55], [384, 56], [0.9659183], [270, 54], [368, 55], [0.96649694], [296, 60], [391, 64], [0.89586204], [262, 61], [355, 62], [0.9652916], [315, 110], [407, 119], [0.965505], [248, 115], [331, 119], [0.95857465], [347, 162], [439, 175], [0.9664504], [382, 209], [477, 227], [0.960307], [193, 218], [266, 225], [0.9661546], [308, 225], [394, 243], [0.9553526], [262, 225], [344, 243], [0.9450762], [316, 318], [397, 341], [0.6338776], [265, 319], [340, 333], [0.6552566], [327, 400], [405, 429], [0.913542], [266, 396], [335, 424], [0.7342925]]"
match keypoints image66 [[284, 61], [378, 63], [0.9661859], [292, 55], [386, 57], [0.9659915], [277, 55], [370, 56], [0.9661355], [304, 61], [393, 65], [0.879036], [269, 62], [357, 62], [0.9657147], [322, 112], [410, 120], [0.96565855], [254, 116], [333, 119], [0.96423584], [353, 164], [441, 176], [0.9661686], [387, 212], [478, 228], [0.96076846], [196, 216], [267, 224], [0.9633006], [313, 227], [395, 242], [0.9430874], [266, 227], [345, 242], [0.91249514], [317, 318], [398, 341], [0.5799073], [266, 317], [341, 332], [0.767089], [326, 401], [405, 429], [0.88893807], [266, 395], [335, 424], [0.7989779]]"
match keypoints image67 [[286, 61], [380, 63], [0.9656682], [295, 55], [389, 57], [0.96620065], [280, 54], [373, 56], [0.96289283], [306, 61], [396, 65], [0.96412134], [272, 61], [359, 62], [0.90584123], [324, 112], [412, 120], [0.9650339], [256, 115], [335, 119], [0.9584508], [355, 165], [443, 177], [0.96518785], [388, 212], [480, 228], [0.95578957], [197, 216], [268, 225], [0.9582579], [315, 227], [397, 244], [0.9475384], [268, 227], [347, 243], [0.9457105], [318, 317], [398, 341], [0.68807775], [267, 315], [342, 332], [0.8569387], [327, 401], [405, 429], [0.75806826], [266, 395], [335, 423], [0.7239775]]"
match keypoints image68 [[289, 61], [383, 63], [0.9664739], [297, 55], [392, 57], [0.9665541], [283, 54], [376, 56], [0.96632344], [308, 61], [398, 65], [0.96613985], [274, 61], [362, 62], [0.9660452], [327, 112], [415, 120], [0.9658478], [258, 115], [337, 119], [0.94730526], [357, 165], [445, 177], [0.96614283], [199, 215], [270, 224], [0.96223557], [316, 227], [400, 244], [0.9335205], [271, 226], [349, 241], [0.95877206], [319, 317], [399, 339], [0.5804279], [268, 315], [343, 332], [0.8684715], [327, 401], [405, 429], [0.69274914], [267, 395], [335, 423], [0.72362876]]"
match keypoints image69 [[291, 61], [386, 63], [0.966679], [299, 54], [395, 57], [0.96572644], [285, 54], [379, 55], [0.96651953], [310, 61], [401, 65], [0.9296971], [276, 60], [365, 62], [0.96281844], [328, 112], [417, 120], [0.96591735], [260, 114], [340, 119], [0.9632643], [359, 166], [447, 178], [0.9664006], [230, 170], [307, 174], [0.93804854], [200, 215], [272, 224], [0.96217364], [317, 226], [402, 243], [0.9486494], [272, 224], [352, 241], [0.94240075], [320, 317], [401, 339], [0.7034631], [270, 315], [344, 332], [0.70127976], [328, 402], [406, 429], [0.6619896], [267, 395], [335, 424], [0.35067233]]"
match keypoints image70 [[293, 60], [389, 63], [0.96399605], [302, 54], [398, 57], [0.963314], [287, 54], [381, 55], [0.9639163], [313, 61], [404, 65], [0.93141514], [331, 112], [419, 121], [0.9636305], [261, 114], [342, 119], [0.96209925], [361, 166], [449, 178], [0.9634713], [232, 168], [310, 173], [0.89666593], [394, 213], [484, 230], [0.90474844], [200, 214], [273, 223], [0.96201074], [319, 225], [404, 243], [0.9177072], [273, 224], [354, 241], [0.8899623], [321, 318], [403, 338], [0.20801488], [270, 316], [346, 333], [0.1995929], [267, 395], [406, 429], [0.7239837]]"
match keypoints image71 [[295, 60], [397, 62], [0.96330804], [289, 53], [389, 54], [0.96177936], [315, 60], [411, 63], [0.92859626], [280, 60], [374, 60], [0.87693167], [333, 112], [425, 120], [0.96030605], [262, 114], [347, 116], [0.9614981], [362, 166], [455, 179], [0.9629548], [395, 213], [489, 231], [0.87902325], [320, 225], [408, 242], [0.9505765], [274, 223], [357, 237], [0.84019166], [322, 318], [407, 345], [0.83223593], [271, 316], [349, 332], [0.8627754], [328, 402], [406, 430], [0.79038846], [266, 394], [335, 423], [0.9137677]]"
match keypoints image72 [[297, 60], [397, 62], [0.96113497], [305, 54], [406, 55], [0.9603404], [290, 53], [390, 54], [0.96141344], [316, 60], [412, 63], [0.7191324], [281, 59], [374, 60], [0.91418296], [334, 111], [427, 120], [0.9593218], [263, 114], [347, 116], [0.96120095], [364, 166], [455, 179], [0.9608415], [396, 213], [490, 231], [0.56260276], [321, 224], [409, 241], [0.8889648], [274, 222], [358, 237], [0.80410767], [324, 319], [408, 342], [0.2746759], [271, 316], [349, 330], [0.59204406], [329, 402], [406, 430], [0.8115536], [266, 394], [335, 424], [0.84101826]]"
match keypoints image73 [[299, 58], [398, 61], [0.9619119], [307, 52], [406, 55], [0.9557016], [292, 52], [390, 53], [0.9631332], [318, 59], [412, 63], [0.83517474], [282, 58], [375, 59], [0.82611567], [336, 111], [427, 120], [0.95704806], [264, 112], [347, 116], [0.9575479], [365, 166], [455, 178], [0.95274377], [398, 212], [490, 230], [0.8151564], [200, 212], [277, 219], [0.94946414], [322, 221], [409, 240], [0.9072474], [275, 219], [358, 236], [0.92945987], [325, 314], [408, 340], [0.45251152], [272, 310], [350, 329], [0.79202384], [329, 401], [406, 430], [0.6062026], [263, 394], [335, 423], [0.8476653]]"
match keypoints image74 [[298, 58], [398, 61], [0.9653998], [306, 52], [406, 55], [0.965137], [292, 51], [390, 53], [0.9654274], [317, 59], [412, 63], [0.69731486], [282, 58], [374, 60], [0.96401215], [335, 111], [427, 119], [0.9652028], [263, 112], [347, 115], [0.9643089], [365, 165], [455, 178], [0.9635756], [234, 165], [314, 170], [0.9129055], [397, 212], [489, 230], [0.4405969], [200, 212], [276, 219], [0.9639798], [322, 221], [409, 241], [0.9167189], [275, 218], [358, 237], [0.9603997], [325, 315], [407, 341], [0.2173431], [271, 311], [349, 332], [0.7812102], [328, 401], [406, 430], [0.7677541], [262, 395], [334, 423], [0.9291951]]"
match keypoints image75 [[297, 58], [397, 61], [0.96347517], [305, 52], [406, 54], [0.9626009], [291, 51], [389, 53], [0.9631571], [316, 59], [411, 62], [0.63244003], [281, 57], [374, 59], [0.9443199], [335, 111], [426, 119], [0.96315], [263, 112], [347, 115], [0.9578829], [365, 165], [455, 178], [0.96018726], [232, 165], [314, 170], [0.8323886], [397, 212], [489, 230], [0.3835917], [198, 212], [275, 219], [0.96022916], [322, 222], [408, 242], [0.9214114], [274, 219], [358, 238], [0.91055685], [325, 314], [406, 342], [0.22049025], [271, 310], [349, 332], [0.48754796], [328, 401], [406, 430], [0.6175727], [261, 395], [334, 423], [0.902957]]"
match keypoints image76 [[296, 58], [396, 60], [0.96186787], [304, 52], [404, 54], [0.9584823], [290, 52], [389, 53], [0.9598952], [315, 59], [410, 62], [0.3652664], [280, 58], [373, 59], [0.9214374], [334, 111], [425, 119], [0.9552168], [262, 112], [346, 115], [0.9587356], [364, 165], [454, 177], [0.89924586], [230, 166], [313, 170], [0.9282773], [396, 211], [488, 229], [0.40572795], [321, 223], [408, 244], [0.90347594], [274, 220], [357, 239], [0.94672364], [325, 316], [406, 343], [0.45201898], [269, 311], [348, 332], [0.7938619], [328, 402], [406, 430], [0.8168178], [260, 396], [333, 425], [0.8758067]]"
match keypoints image77 [[295, 59], [395, 60], [0.9647449], [303, 52], [403, 54], [0.9632145], [288, 52], [388, 53], [0.9640933], [314, 59], [409, 62], [0.772875], [278, 58], [372, 59], [0.90589255], [332, 111], [424, 119], [0.9630515], [260, 112], [346, 116], [0.9634082], [362, 165], [453, 178], [0.96483463], [230, 166], [312, 170], [0.9326084], [395, 211], [487, 228], [0.48255262], [321, 224], [407, 243], [0.93847173], [273, 222], [357, 239], [0.9602605], [325, 317], [405, 341], [0.66546774], [269, 312], [347, 332], [0.75608677], [328, 401], [406, 430], [0.8858645], [260, 398], [333, 426], [0.9433793]]"
match keypoints image78 [[293, 59], [388, 62], [0.9636015], [301, 53], [396, 56], [0.9626706], [287, 52], [380, 54], [0.9633934], [312, 60], [401, 63], [0.95269316], [277, 59], [365, 60], [0.9539949], [330, 111], [415, 120], [0.9615444], [259, 113], [338, 116], [0.9598981], [361, 165], [446, 178], [0.96491015], [227, 167], [304, 171], [0.8975279], [394, 211], [480, 228], [0.8678282], [194, 213], [267, 221], [0.95909315], [320, 224], [403, 249], [0.8845383], [272, 222], [352, 245], [0.8372035], [324, 317], [404, 342], [0.8291877], [267, 313], [344, 337], [0.88173854], [328, 402], [406, 429], [0.79490817], [260, 399], [332, 428], [0.59025866]]"
match keypoints image79 [[292, 59], [386, 62], [0.9630067], [300, 53], [394, 56], [0.9636884], [286, 53], [378, 54], [0.9637757], [310, 60], [399, 63], [0.7806795], [275, 59], [362, 60], [0.8276467], [328, 111], [413, 120], [0.9606498], [257, 113], [335, 116], [0.95628947], [359, 165], [443, 178], [0.9627292], [226, 167], [302, 171], [0.9413327], [191, 214], [265, 222], [0.96076953], [319, 225], [400, 251], [0.86275077], [271, 224], [350, 247], [0.8822413], [323, 316], [403, 341], [0.78811616], [266, 315], [342, 337], [0.74433064], [328, 402], [406, 429], [0.80183774], [260, 399], [332, 428], [0.6186859]]"
match keypoints image80 [[284, 60], [383, 62], [0.96632916], [292, 54], [391, 56], [0.96216875], [277, 53], [376, 54], [0.966144], [301, 61], [396, 62], [0.9404363], [266, 59], [360, 60], [0.9662428], [319, 112], [410, 120], [0.9682907], [248, 114], [333, 116], [0.96755815], [350, 165], [441, 178], [0.96841025], [217, 168], [300, 171], [0.9638556], [384, 210], [475, 227], [0.9626917], [184, 215], [263, 222], [0.96376467], [311, 223], [398, 250], [0.9155591], [262, 222], [347, 248], [0.9553184], [319, 312], [401, 344], [0.83142066], [262, 312], [340, 339], [0.83594614], [328, 401], [406, 429], [0.8426799], [259, 399], [332, 428], [0.9165618]]"
match keypoints image81 [[281, 60], [381, 61], [0.9598247], [289, 54], [389, 55], [0.957784], [275, 54], [373, 54], [0.957771], [264, 59], [357, 60], [0.94314826], [317, 112], [408, 121], [0.9570629], [246, 114], [331, 116], [0.95507383], [349, 165], [438, 178], [0.95533943], [215, 167], [298, 171], [0.86911523], [383, 210], [472, 227], [0.9243678], [182, 215], [261, 221], [0.9138957], [308, 224], [395, 246], [0.85129833], [261, 223], [345, 244], [0.9155192], [318, 316], [400, 340], [0.4478596], [327, 400], [406, 429], [0.7121734], [259, 399], [332, 429], [0.7887259]]"
match keypoints image82 [[280, 60], [379, 61], [0.9666781], [287, 54], [387, 55], [0.96532655], [272, 53], [371, 53], [0.9659883], [297, 61], [392, 62], [0.8333222], [262, 60], [355, 59], [0.89814824], [315, 113], [405, 120], [0.96640736], [243, 114], [328, 116], [0.9657651], [347, 165], [436, 178], [0.96690583], [213, 168], [296, 171], [0.928051], [381, 210], [470, 226], [0.9638584], [179, 215], [259, 222], [0.9647385], [305, 225], [394, 247], [0.9458108], [258, 224], [343, 245], [0.9321367], [316, 315], [399, 343], [0.7290432], [260, 317], [338, 338], [0.79888463], [327, 400], [406, 429], [0.8697], [259, 399], [331, 430], [0.9525615]]"
match keypoints image83 [[278, 60], [377, 61], [0.96643585], [286, 54], [385, 55], [0.96612257], [271, 53], [369, 53], [0.96608824], [295, 61], [389, 62], [0.95163983], [260, 59], [353, 59], [0.9226871], [313, 113], [404, 120], [0.96558625], [242, 114], [326, 116], [0.96203506], [345, 164], [434, 177], [0.966815], [211, 168], [294, 172], [0.91144216], [379, 210], [468, 227], [0.95323485], [178, 215], [257, 222], [0.961554], [304, 225], [392, 247], [0.92366236], [257, 224], [341, 245], [0.887942], [314, 319], [396, 341], [0.71204185], [259, 320], [336, 337], [0.74368954], [326, 399], [405, 428], [0.8623434], [259, 400], [331, 430], [0.9211408]]"
match keypoints image84 [[277, 60], [375, 61], [0.96248794], [284, 54], [383, 54], [0.95921594], [269, 53], [367, 53], [0.96213466], [259, 59], [351, 59], [0.9417112], [312, 113], [401, 120], [0.96244705], [240, 113], [324, 115], [0.9327378], [344, 165], [432, 177], [0.96176535], [209, 168], [292, 171], [0.92102706], [378, 210], [467, 227], [0.92654186], [177, 215], [255, 222], [0.94585145], [304, 224], [391, 246], [0.84564835], [256, 223], [340, 244], [0.88276035], [313, 319], [395, 344], [0.66211796], [325, 399], [404, 428], [0.8408337], [259, 399], [331, 429], [0.25296935]]"
match keypoints image85 [[276, 60], [372, 60], [0.9522372], [284, 54], [380, 54], [0.93650484], [269, 53], [364, 52], [0.9531576], [258, 59], [347, 58], [0.52949363], [310, 113], [397, 120], [0.93891174], [239, 113], [320, 113], [0.9172996], [343, 164], [427, 176], [0.93414146], [209, 167], [289, 170], [0.8390855], [377, 210], [461, 226], [0.64638585], [302, 223], [388, 246], [0.70775294], [255, 224], [338, 245], [0.85572964], [311, 317], [390, 340], [0.5739897], [258, 319], [335, 343], [0.773347], [324, 398], [397, 426], [0.7888862], [259, 399], [331, 429], [0.7494368]]"
match keypoints image86 [[275, 60], [372, 60], [0.95844525], [283, 54], [380, 54], [0.9105247], [268, 53], [364, 52], [0.9561697], [257, 59], [347, 58], [0.81697285], [310, 113], [396, 119], [0.95059943], [238, 113], [320, 113], [0.9503794], [341, 164], [427, 177], [0.95550436], [208, 167], [289, 171], [0.9359608], [376, 210], [461, 226], [0.30671212], [302, 224], [388, 245], [0.7617033], [256, 224], [338, 245], [0.8855171], [311, 317], [390, 339], [0.60569006], [258, 321], [335, 342], [0.74243456], [323, 398], [395, 425], [0.80660135], [259, 400], [331, 429], [0.75351137]]"
match keypoints image87 [[277, 60], [373, 60], [0.96478313], [284, 54], [380, 54], [0.9559327], [269, 53], [365, 52], [0.96313846], [257, 59], [347, 57], [0.8071244], [309, 114], [397, 120], [0.9651116], [238, 113], [320, 113], [0.9631284], [341, 165], [426, 176], [0.9650268], [209, 166], [289, 170], [0.95774764], [376, 210], [461, 226], [0.9127378], [303, 225], [388, 244], [0.9451643], [257, 227], [338, 244], [0.95781046], [309, 315], [389, 338], [0.81506974], [260, 320], [335, 341], [0.84591717], [316, 394], [392, 426], [0.9433768], [259, 399], [331, 429], [0.9432034]]"
match keypoints image88 [[277, 60], [374, 60], [0.9641598], [285, 54], [381, 54], [0.9515704], [271, 53], [365, 52], [0.96385247], [259, 59], [348, 58], [0.90329725], [310, 114], [397, 120], [0.96523386], [238, 113], [321, 113], [0.9650252], [342, 165], [427, 177], [0.96405333], [210, 167], [290, 171], [0.95940757], [376, 210], [461, 226], [0.32661778], [304, 226], [388, 243], [0.9362742], [257, 227], [338, 244], [0.94770896], [309, 315], [389, 338], [0.88847995], [260, 319], [336, 340], [0.79221946], [314, 394], [390, 426], [0.9578502], [259, 399], [331, 429], [0.95079386]]"
match keypoints image89 [[279, 60], [374, 60], [0.96406347], [286, 55], [382, 54], [0.953564], [272, 53], [367, 52], [0.96422344], [260, 59], [349, 58], [0.9555433], [311, 114], [397, 120], [0.964225], [239, 113], [322, 113], [0.9637497], [211, 167], [292, 170], [0.9547942], [376, 211], [461, 227], [0.85927117], [179, 215], [257, 222], [0.9593309], [304, 226], [389, 245], [0.92150694], [258, 227], [339, 245], [0.94599867], [309, 317], [389, 338], [0.65354836], [261, 319], [337, 341], [0.7538503], [313, 395], [388, 425], [0.8527016], [259, 400], [331, 429], [0.9375801]]"
match keypoints image90 [[281, 60], [376, 61], [0.9635239], [288, 55], [383, 55], [0.95074946], [274, 54], [368, 53], [0.9632046], [261, 59], [350, 58], [0.9443337], [312, 114], [398, 121], [0.9633503], [241, 112], [323, 113], [0.96282905], [343, 165], [427, 177], [0.93748575], [212, 167], [294, 170], [0.92801046], [377, 212], [461, 227], [0.8696878], [180, 215], [259, 221], [0.7888896], [305, 225], [389, 245], [0.9431373], [259, 225], [340, 244], [0.95759976], [309, 317], [389, 338], [0.7089365], [261, 319], [337, 340], [0.7153214], [313, 395], [387, 426], [0.88817286], [259, 400], [331, 429], [0.917642]]"
match keypoints image91 [[283, 61], [377, 61], [0.9638807], [290, 55], [384, 55], [0.9590455], [276, 54], [370, 53], [0.96376103], [263, 60], [352, 58], [0.74252254], [314, 115], [398, 121], [0.9635685], [243, 113], [324, 113], [0.9635825], [344, 166], [428, 178], [0.96120924], [213, 167], [296, 170], [0.94752914], [378, 212], [461, 228], [0.86687964], [306, 226], [390, 245], [0.95297873], [260, 226], [341, 245], [0.94502187], [310, 317], [389, 341], [0.7261932], [262, 319], [338, 341], [0.7024464], [313, 396], [386, 426], [0.89449865], [259, 400], [331, 429], [0.89544284]]"
match keypoints image92 [[285, 61], [386, 63], [0.9642966], [292, 56], [393, 57], [0.95688146], [278, 54], [379, 55], [0.9618011], [266, 60], [361, 60], [0.79280937], [315, 116], [405, 123], [0.9644255], [245, 113], [333, 114], [0.96468884], [346, 167], [433, 181], [0.95152634], [215, 167], [304, 170], [0.9505088], [379, 213], [464, 230], [0.93438447], [308, 226], [394, 243], [0.9539485], [261, 227], [347, 242], [0.9315889], [310, 318], [389, 342], [0.75843817], [263, 319], [341, 341], [0.561366], [313, 396], [385, 427], [0.95274884], [259, 400], [332, 429], [0.9283632]]"
match keypoints image93 [[292, 62], [386, 63], [0.96303606], [299, 56], [393, 57], [0.95993316], [285, 55], [379, 55], [0.9630118], [272, 60], [361, 60], [0.8565708], [321, 116], [405, 123], [0.9633776], [251, 113], [333, 114], [0.9629121], [221, 167], [304, 170], [0.9336394], [382, 215], [464, 230], [0.8991055], [312, 227], [394, 243], [0.9526623], [267, 227], [347, 242], [0.9155554], [312, 317], [389, 342], [0.6062934], [266, 316], [341, 341], [0.5968305], [312, 396], [385, 427], [0.95034224], [260, 399], [332, 429], [0.8805276]]"
match keypoints image94 [[296, 62], [391, 63], [0.95964843], [303, 56], [397, 58], [0.9562112], [289, 55], [383, 56], [0.96005034], [276, 60], [364, 60], [0.68460035], [325, 117], [408, 124], [0.9541484], [254, 112], [337, 114], [0.9237338], [354, 171], [435, 183], [0.95078796], [224, 166], [308, 170], [0.81075525], [384, 215], [465, 231], [0.88210624], [193, 213], [274, 219], [0.5620005], [314, 227], [398, 244], [0.940869], [269, 226], [351, 242], [0.90273577], [313, 318], [391, 341], [0.6833111], [267, 315], [343, 342], [0.88800555], [313, 396], [385, 427], [0.8439661], [260, 398], [332, 428], [0.87859166]]"
match keypoints image95 [[297, 62], [392, 63], [0.9605694], [304, 56], [399, 58], [0.9498196], [290, 55], [385, 56], [0.9596846], [278, 60], [366, 60], [0.8410154], [326, 116], [409, 124], [0.96153337], [255, 112], [338, 114], [0.9599322], [225, 166], [310, 169], [0.91002816], [385, 215], [466, 231], [0.92999387], [193, 213], [276, 219], [0.53414696], [316, 227], [398, 246], [0.95548105], [271, 226], [352, 244], [0.85704416], [314, 318], [392, 342], [0.47014573], [313, 395], [385, 428], [0.7967992], [259, 398], [332, 428], [0.8718891]]"
match keypoints image96 [[298, 62], [394, 63], [0.9603344], [305, 56], [400, 58], [0.95786417], [292, 54], [386, 55], [0.95837533], [279, 60], [368, 60], [0.39504963], [326, 116], [410, 124], [0.96072423], [257, 111], [340, 113], [0.9601419], [355, 171], [437, 184], [0.9000125], [226, 165], [311, 168], [0.9343573], [385, 215], [466, 232], [0.918907], [194, 212], [278, 218], [0.84940296], [317, 227], [399, 246], [0.94281757], [272, 225], [353, 243], [0.89361554], [315, 317], [392, 342], [0.45283833], [313, 396], [385, 428], [0.77683085], [259, 397], [332, 428], [0.71947026]]"
match keypoints image97 [[299, 61], [395, 63], [0.9608506], [307, 56], [402, 58], [0.94902784], [292, 54], [388, 55], [0.9575846], [280, 59], [369, 60], [0.75544345], [327, 116], [411, 123], [0.96135867], [257, 111], [341, 113], [0.96031916], [356, 170], [437, 184], [0.9053273], [226, 165], [312, 168], [0.92530185], [385, 214], [466, 232], [0.9029923], [194, 212], [278, 218], [0.88785064], [318, 226], [400, 246], [0.9243048], [272, 225], [354, 244], [0.9299054], [315, 317], [393, 342], [0.4999917], [313, 396], [386, 428], [0.80630064], [259, 397], [332, 428], [0.8933588]]"
match keypoints image98 [[300, 61], [396, 63], [0.96111625], [307, 56], [403, 57], [0.95008826], [293, 54], [388, 55], [0.96087515], [280, 59], [370, 60], [0.7433155], [327, 116], [412, 123], [0.95925707], [257, 111], [341, 113], [0.955369], [356, 170], [437, 183], [0.95654553], [226, 165], [313, 168], [0.8697569], [385, 214], [466, 231], [0.8993059], [194, 212], [280, 217], [0.752813], [319, 226], [401, 246], [0.95225245], [272, 224], [354, 243], [0.9405152], [316, 315], [394, 343], [0.86625594], [268, 312], [346, 341], [0.7219833], [313, 396], [386, 428], [0.6517294], [259, 397], [331, 428], [0.8409565]]"
match keypoints image99 [[300, 61], [397, 62], [0.96454304], [308, 55], [404, 57], [0.9640276], [293, 54], [389, 54], [0.96446097], [327, 116], [412, 123], [0.9641163], [257, 111], [342, 112], [0.96458966], [356, 170], [436, 182], [0.95379204], [227, 165], [314, 168], [0.9607098], [385, 214], [463, 231], [0.9308158], [195, 212], [282, 217], [0.9247412], [319, 227], [402, 245], [0.96282697], [272, 225], [356, 242], [0.9385185], [316, 316], [394, 342], [0.7516765], [267, 313], [347, 341], [0.7632985], [314, 396], [386, 427], [0.8793907], [258, 398], [332, 426], [0.9127656]]"
