data\cam1_pose\cam1_20240912_120234_0001.png [[296, 81], [299, 75], [290, 72], [266, 71], [289, 133], [245, 120], [298, 196], [238, 184], [314, 240], [222, 248], [301, 244], [268, 247], [298, 342], [266, 345], [292, 429], [266, 446]]
data\cam1_pose\cam1_20240912_120234_0002.png [[296, 81], [299, 75], [290, 72], [266, 71], [290, 133], [246, 119], [298, 195], [237, 183], [315, 240], [220, 248], [301, 245], [267, 249], [298, 344], [266, 346], [292, 429], [267, 447]]
data\cam1_pose\cam1_20240912_120235_0003.png [[295, 80], [298, 75], [289, 71], [266, 71], [289, 132], [245, 119], [298, 195], [236, 184], [316, 240], [218, 248], [302, 246], [266, 252], [299, 344], [266, 346], [292, 429], [267, 447]]
data\cam1_pose\cam1_20240912_120235_0004.png [[293, 80], [296, 74], [288, 71], [263, 70], [288, 132], [244, 119], [297, 193], [234, 185], [317, 240], [217, 249], [302, 247], [266, 253], [298, 345], [265, 348], [292, 429], [267, 447]]
data\cam1_pose\cam1_20240912_120235_0005.png [[292, 78], [295, 72], [286, 68], [261, 68], [289, 131], [241, 117], [299, 190], [232, 183], [319, 238], [215, 247], [302, 245], [263, 249], [302, 341], [264, 348], [298, 427], [267, 447]]
data\cam1_pose\cam1_20240912_120235_0006.png [[296, 78], [301, 72], [290, 69], [266, 69], [298, 132], [248, 119], [309, 192], [235, 184], [331, 239], [215, 246], [306, 243], [266, 245], [310, 340], [267, 343], [307, 431], [268, 447]]
data\cam1_pose\cam1_20240912_120235_0007.png [[301, 76], [304, 69], [292, 68], [270, 70], [307, 130], [252, 120], [319, 189], [238, 182], [342, 237], [213, 245], [310, 241], [269, 242], [309, 341], [270, 345], [306, 430], [268, 443]]
data\cam1_pose\cam1_20240912_120236_0008.png [[298, 76], [301, 69], [289, 67], [268, 70], [305, 131], [250, 121], [320, 191], [234, 183], [343, 237], [207, 246], [309, 241], [268, 243], [309, 342], [269, 349], [307, 429], [268, 446]]
data\cam1_pose\cam1_20240912_120236_0009.png [[287, 71], [292, 63], [278, 62], [259, 67], [302, 127], [240, 119], [320, 187], [223, 184], [347, 236], [198, 247], [308, 241], [262, 244], [311, 339], [267, 346], [316, 426], [269, 449]]
data\cam1_pose\cam1_20240912_120236_0010.png [[292, 73], [297, 66], [283, 66], [265, 71], [312, 129], [249, 122], [332, 189], [231, 184], [359, 239], [204, 246], [314, 242], [267, 244], [316, 338], [269, 345], [319, 430], [268, 448]]
data\cam1_pose\cam1_20240912_120236_0011.png [[290, 72], [297, 64], [281, 64], [266, 71], [316, 128], [250, 123], [337, 188], [231, 185], [363, 239], [203, 246], [314, 240], [267, 241], [316, 337], [271, 340], [319, 429], [272, 444]]
data\cam1_pose\cam1_20240912_120237_0012.png [[283, 69], [289, 62], [272, 62], [295, 67], [258, 70], [312, 126], [242, 123], [336, 187], [223, 186], [365, 238], [196, 246], [308, 239], [261, 240], [313, 336], [268, 341], [320, 427], [272, 445]]
data\cam1_pose\cam1_20240912_120237_0013.png [[285, 69], [292, 62], [275, 62], [299, 67], [261, 69], [316, 125], [245, 122], [342, 186], [227, 183], [374, 236], [199, 246], [312, 239], [263, 240], [321, 337], [268, 340], [329, 431], [271, 445]]
data\cam1_pose\cam1_20240912_120237_0014.png [[289, 70], [296, 62], [279, 63], [305, 68], [266, 70], [323, 126], [252, 123], [348, 186], [233, 182], [378, 237], [203, 245], [319, 239], [270, 241], [324, 339], [272, 342], [329, 431], [272, 445]]
data\cam1_pose\cam1_20240912_120237_0015.png [[289, 69], [296, 61], [279, 62], [306, 66], [268, 70], [327, 123], [254, 123], [351, 184], [234, 182], [382, 237], [203, 244], [321, 239], [271, 240], [324, 340], [275, 342], [329, 432], [277, 442]]
data\cam1_pose\cam1_20240912_120237_0016.png [[277, 70], [285, 62], [268, 63], [296, 66], [257, 71], [319, 123], [245, 125], [346, 183], [224, 189], [378, 236], [196, 248], [314, 237], [264, 239], [319, 338], [270, 342], [329, 432], [276, 444]]
data\cam1_pose\cam1_20240912_120238_0017.png [[275, 68], [283, 60], [266, 61], [295, 65], [257, 69], [319, 122], [244, 124], [347, 181], [225, 189], [381, 235], [197, 246], [311, 234], [262, 237], [323, 338], [268, 343], [338, 434], [276, 444]]
data\cam1_pose\cam1_20240912_120238_0018.png [[285, 69], [293, 61], [275, 63], [306, 65], [268, 69], [331, 122], [256, 125], [356, 182], [235, 188], [389, 239], [205, 244], [321, 239], [271, 240], [328, 345], [272, 345], [339, 437], [277, 443]]
data\cam1_pose\cam1_20240912_120238_0019.png [[284, 69], [292, 60], [275, 63], [308, 63], [269, 68], [334, 120], [259, 125], [360, 180], [239, 187], [392, 238], [208, 244], [323, 244], [273, 244], [328, 345], [276, 346], [339, 436], [288, 441]]
data\cam1_pose\cam1_20240912_120238_0020.png [[274, 69], [281, 61], [265, 63], [298, 64], [326, 121], [250, 126], [352, 180], [233, 189], [385, 237], [206, 246], [315, 242], [267, 242], [324, 345], [275, 350], [339, 435], [287, 441]]
data\cam1_pose\cam1_20241014_205353_0000.png [[355, 53], [364, 44], [350, 47], [383, 49], [403, 102], [344, 113], [419, 171], [338, 178], [424, 236], [320, 231], [388, 239], [346, 237], [403, 341], [359, 331], [417, 425], [367, 410]]
data\cam1_pose\cam1_20241014_205353_0001.png [[355, 53], [365, 44], [350, 47], [383, 49], [403, 102], [344, 113], [419, 171], [338, 177], [424, 236], [319, 231], [388, 239], [347, 236], [403, 340], [359, 331], [417, 425], [367, 410]]
data\cam1_pose\cam1_20241014_205353_0002.png [[355, 53], [365, 44], [350, 47], [383, 49], [402, 102], [343, 113], [419, 170], [337, 178], [424, 236], [319, 231], [388, 238], [346, 234], [402, 339], [359, 331], [417, 425], [367, 410]]
data\cam1_pose\cam1_20241014_205354_0003.png [[356, 53], [365, 44], [350, 47], [383, 49], [402, 102], [343, 113], [419, 171], [337, 178], [423, 236], [319, 232], [388, 238], [346, 235], [402, 340], [359, 331], [417, 425], [367, 410]]
data\cam1_pose\cam1_20241014_205354_0004.png [[356, 53], [365, 44], [350, 47], [383, 49], [402, 102], [343, 113], [419, 171], [337, 178], [423, 236], [319, 232], [388, 238], [346, 235], [402, 339], [358, 331], [417, 425], [367, 410]]
data\cam1_pose\cam1_20241014_205354_0005.png [[356, 53], [365, 45], [350, 47], [383, 49], [401, 102], [343, 113], [418, 170], [336, 178], [421, 235], [318, 232], [387, 238], [346, 234], [401, 339], [358, 330], [417, 426], [367, 410]]
data\cam1_pose\cam1_20241014_205354_0006.png [[356, 53], [365, 45], [350, 47], [383, 49], [401, 102], [343, 113], [418, 170], [336, 178], [421, 235], [318, 231], [387, 238], [346, 235], [401, 339], [358, 330], [416, 425], [367, 410]]
data\cam1_pose\cam1_20241014_205354_0007.png [[356, 53], [365, 45], [350, 47], [383, 49], [402, 102], [343, 113], [418, 170], [336, 177], [421, 235], [318, 231], [387, 239], [346, 236], [401, 339], [358, 330], [416, 425], [367, 410]]
data\cam1_pose\cam1_20241014_205354_0008.png [[356, 53], [365, 44], [350, 47], [383, 49], [401, 102], [343, 113], [418, 170], [336, 177], [421, 235], [318, 231], [387, 237], [346, 234], [401, 339], [358, 330], [417, 426], [367, 410]]
data\cam1_pose\cam1_20241014_205354_0009.png [[356, 53], [365, 44], [350, 47], [383, 49], [401, 102], [343, 113], [418, 170], [336, 177], [421, 235], [318, 231], [387, 237], [346, 234], [401, 339], [358, 330], [417, 426], [367, 410]]
data\cam1_pose\cam1_20241014_205354_0010.png [[356, 53], [365, 44], [350, 47], [383, 49], [401, 102], [343, 113], [418, 170], [336, 177], [421, 234], [318, 231], [387, 238], [346, 235], [401, 339], [358, 330], [417, 426], [367, 410]]
data\cam1_pose\cam1_20241014_205354_0011.png [[357, 52], [367, 44], [351, 46], [384, 48], [402, 101], [343, 113], [419, 170], [336, 177], [422, 235], [318, 231], [388, 238], [347, 236], [401, 339], [358, 330], [417, 426], [367, 410]]
data\cam1_pose\cam1_20241014_205354_0012.png [[359, 52], [368, 43], [352, 45], [385, 48], [404, 101], [344, 112], [421, 170], [337, 177], [424, 235], [319, 231], [389, 239], [347, 237], [402, 339], [358, 331], [417, 426], [367, 410]]
data\cam1_pose\cam1_20241014_205354_0013.png [[359, 51], [369, 43], [353, 45], [386, 48], [404, 101], [345, 112], [421, 170], [338, 176], [425, 236], [319, 231], [390, 239], [347, 236], [403, 339], [358, 331], [417, 425], [367, 410]]
data\cam1_pose\cam1_20241014_205354_0014.png [[360, 51], [370, 43], [353, 45], [387, 48], [405, 101], [345, 112], [422, 170], [338, 176], [426, 235], [320, 231], [391, 238], [348, 235], [403, 340], [358, 331], [417, 425], [367, 410]]
data\cam1_pose\cam1_20241014_205354_0015.png [[362, 50], [372, 41], [356, 44], [389, 47], [407, 100], [346, 111], [425, 168], [340, 177], [430, 236], [322, 231], [392, 239], [348, 237], [405, 342], [356, 331], [417, 425], [366, 410]]
data\cam1_pose\cam1_20241014_205354_0016.png [[363, 50], [372, 41], [356, 43], [390, 47], [408, 99], [346, 111], [425, 168], [340, 177], [431, 235], [322, 231], [392, 239], [347, 237], [405, 342], [354, 331], [417, 425], [366, 409]]
data\cam1_pose\cam1_20241014_205354_0017.png [[363, 49], [372, 41], [356, 42], [389, 47], [409, 99], [346, 111], [425, 168], [339, 176], [431, 234], [321, 230], [392, 241], [347, 239], [406, 343], [353, 331], [417, 426], [365, 409]]
data\cam1_pose\cam1_20241014_205354_0018.png [[362, 49], [371, 40], [355, 42], [389, 46], [408, 99], [345, 111], [425, 168], [338, 177], [432, 233], [319, 231], [391, 241], [347, 239], [405, 341], [353, 329], [417, 426], [362, 408]]
data\cam1_pose\cam1_20241014_205354_0019.png [[361, 50], [371, 41], [355, 43], [388, 47], [349, 48], [406, 99], [344, 111], [425, 168], [336, 177], [432, 233], [317, 231], [391, 241], [346, 236], [404, 339], [352, 329], [417, 426], [362, 408]]
data\cam1_pose\cam1_20241014_205354_0020.png [[361, 50], [371, 41], [355, 43], [388, 47], [349, 48], [406, 99], [344, 111], [425, 168], [336, 177], [432, 233], [317, 231], [391, 241], [346, 236], [404, 339], [352, 329], [417, 426], [362, 408]]
data\cam1_pose\cam1_20241014_205354_0021.png [[360, 50], [370, 41], [354, 43], [386, 47], [405, 101], [343, 111], [424, 169], [334, 178], [431, 233], [315, 231], [389, 241], [345, 236], [403, 340], [352, 330], [417, 426], [362, 409]]
data\cam1_pose\cam1_20241014_205354_0022.png [[359, 51], [368, 42], [352, 44], [385, 48], [403, 101], [341, 112], [422, 170], [332, 177], [431, 232], [313, 231], [388, 239], [344, 234], [402, 340], [351, 331], [416, 426], [363, 409]]
data\cam1_pose\cam1_20241014_205355_0023.png [[352, 53], [362, 44], [346, 46], [378, 50], [396, 103], [334, 113], [415, 167], [326, 177], [428, 230], [306, 230], [383, 237], [340, 235], [397, 339], [350, 330], [416, 425], [363, 409]]
data\cam1_pose\cam1_20241014_205355_0024.png [[351, 53], [360, 45], [345, 46], [377, 50], [339, 51], [394, 104], [332, 113], [414, 167], [324, 177], [428, 230], [304, 230], [382, 235], [339, 233], [395, 335], [350, 329], [415, 423], [363, 409]]
data\cam1_pose\cam1_20241014_205355_0025.png [[350, 53], [359, 45], [344, 46], [376, 50], [393, 104], [331, 112], [413, 166], [323, 176], [428, 230], [302, 230], [381, 234], [338, 233], [394, 333], [350, 328], [414, 422], [363, 409]]
data\cam1_pose\cam1_20241014_205355_0026.png [[350, 53], [359, 45], [343, 46], [375, 50], [338, 51], [393, 103], [331, 112], [412, 165], [322, 176], [428, 228], [302, 230], [381, 233], [338, 231], [392, 331], [349, 328], [413, 421], [363, 409]]
data\cam1_pose\cam1_20241014_205355_0027.png [[350, 52], [359, 44], [343, 45], [375, 50], [338, 51], [393, 103], [330, 111], [412, 164], [322, 175], [429, 228], [302, 229], [381, 232], [338, 230], [392, 330], [349, 327], [412, 419], [362, 409]]
data\cam1_pose\cam1_20241014_205355_0028.png [[350, 51], [360, 43], [344, 45], [375, 50], [338, 50], [393, 103], [330, 111], [413, 163], [321, 174], [430, 228], [302, 229], [381, 230], [338, 229], [392, 330], [348, 327], [411, 419], [362, 408]]
data\cam1_pose\cam1_20241014_205355_0029.png [[352, 51], [361, 43], [345, 45], [376, 49], [339, 51], [394, 103], [331, 111], [414, 163], [322, 174], [431, 227], [302, 228], [382, 230], [338, 229], [392, 327], [349, 327], [410, 419], [362, 409]]
data\cam1_pose\cam1_20241014_205355_0030.png [[358, 51], [367, 43], [351, 45], [382, 48], [344, 51], [401, 103], [335, 112], [422, 167], [325, 176], [440, 228], [305, 229], [389, 233], [343, 231], [394, 328], [351, 327], [409, 419], [362, 409]]
data\cam1_pose\cam1_20241014_205355_0031.png [[360, 51], [369, 42], [353, 44], [384, 48], [346, 50], [404, 103], [338, 111], [425, 166], [326, 176], [442, 228], [307, 229], [391, 233], [345, 230], [396, 327], [351, 326], [409, 418], [362, 408]]
data\cam1_pose\cam1_20241014_205355_0032.png [[362, 50], [371, 42], [355, 44], [386, 47], [349, 49], [407, 103], [339, 111], [427, 167], [328, 176], [444, 228], [308, 228], [393, 235], [346, 232], [398, 330], [352, 326], [410, 418], [362, 408]]
data\cam1_pose\cam1_20241014_205355_0033.png [[364, 49], [373, 41], [357, 43], [389, 47], [351, 49], [409, 102], [340, 110], [428, 165], [330, 175], [446, 228], [308, 227], [395, 233], [347, 231], [399, 330], [353, 327], [410, 419], [362, 408]]
data\cam1_pose\cam1_20241014_205355_0034.png [[367, 48], [376, 41], [359, 42], [391, 46], [353, 48], [411, 102], [342, 109], [430, 165], [332, 173], [448, 228], [309, 227], [397, 234], [348, 232], [401, 335], [353, 327], [411, 419], [362, 408]]
data\cam1_pose\cam1_20241014_205355_0035.png [[368, 48], [378, 40], [361, 41], [393, 46], [354, 48], [412, 102], [343, 109], [432, 165], [333, 172], [450, 229], [310, 227], [398, 234], [350, 232], [402, 332], [353, 325], [412, 419], [361, 408]]
data\cam1_pose\cam1_20241014_205355_0036.png [[370, 47], [379, 39], [363, 40], [394, 46], [356, 47], [414, 101], [343, 109], [433, 166], [334, 171], [451, 228], [311, 226], [399, 233], [350, 231], [403, 330], [353, 324], [412, 419], [361, 408]]
data\cam1_pose\cam1_20241014_205355_0037.png [[373, 45], [383, 37], [366, 38], [397, 44], [359, 45], [418, 99], [344, 107], [435, 163], [334, 169], [454, 226], [310, 225], [402, 229], [352, 226], [406, 326], [351, 321], [412, 418], [352, 407]]
data\cam1_pose\cam1_20241014_205355_0038.png [[373, 45], [383, 37], [366, 38], [397, 44], [358, 46], [417, 99], [344, 107], [434, 164], [334, 169], [454, 226], [309, 225], [402, 228], [352, 225], [407, 326], [350, 321], [412, 418], [349, 407]]
data\cam1_pose\cam1_20241014_205355_0039.png [[373, 45], [382, 37], [365, 39], [397, 45], [358, 47], [416, 100], [343, 107], [434, 164], [332, 168], [454, 226], [308, 225], [403, 228], [352, 226], [407, 326], [349, 322], [412, 419], [347, 407]]
data\cam1_pose\cam1_20241014_205355_0040.png [[372, 46], [381, 38], [365, 39], [395, 45], [357, 48], [415, 100], [343, 107], [433, 164], [331, 168], [453, 226], [307, 226], [402, 229], [351, 227], [407, 327], [348, 323], [412, 419], [346, 408]]
data\cam1_pose\cam1_20241014_205355_0041.png [[365, 50], [374, 42], [358, 43], [388, 48], [350, 50], [409, 104], [336, 111], [427, 168], [324, 171], [450, 228], [299, 229], [397, 230], [346, 231], [406, 327], [346, 326], [412, 419], [345, 411]]
data\cam1_pose\cam1_20241014_205355_0042.png [[363, 50], [372, 42], [356, 44], [386, 48], [348, 51], [406, 105], [334, 111], [425, 168], [322, 171], [450, 230], [296, 229], [395, 232], [344, 231], [404, 329], [345, 326], [412, 418], [345, 411]]
data\cam1_pose\cam1_20241014_205356_0043.png [[360, 51], [370, 43], [353, 45], [383, 49], [345, 51], [403, 105], [332, 111], [422, 168], [319, 172], [448, 230], [294, 230], [393, 234], [343, 232], [403, 329], [344, 327], [412, 418], [345, 411]]
data\cam1_pose\cam1_20241014_205356_0044.png [[358, 51], [367, 44], [350, 45], [381, 50], [343, 51], [400, 105], [330, 111], [421, 169], [317, 171], [446, 229], [291, 230], [391, 236], [340, 233], [400, 327], [344, 326], [411, 419], [345, 411]]
data\cam1_pose\cam1_20241014_205356_0045.png [[355, 52], [364, 45], [348, 46], [378, 50], [340, 53], [398, 105], [328, 112], [419, 169], [315, 173], [445, 228], [289, 230], [388, 234], [337, 233], [398, 326], [343, 326], [410, 417], [345, 411]]
data\cam1_pose\cam1_20241014_205356_0046.png [[352, 53], [361, 45], [346, 47], [375, 50], [338, 53], [395, 106], [325, 113], [416, 169], [313, 173], [443, 228], [287, 230], [386, 234], [335, 233], [395, 326], [341, 326], [410, 417], [344, 411]]
data\cam1_pose\cam1_20241014_205356_0047.png [[349, 54], [358, 46], [343, 47], [372, 51], [336, 54], [392, 107], [322, 114], [414, 170], [310, 174], [442, 228], [284, 231], [383, 234], [334, 232], [393, 326], [340, 326], [409, 418], [344, 411]]
data\cam1_pose\cam1_20241014_205356_0048.png [[339, 56], [348, 48], [332, 50], [362, 53], [325, 56], [383, 108], [313, 116], [406, 169], [301, 176], [436, 227], [277, 232], [373, 237], [326, 236], [385, 328], [336, 325], [408, 418], [344, 410]]
data\cam1_pose\cam1_20241014_205356_0049.png [[337, 57], [345, 49], [329, 51], [359, 54], [323, 56], [380, 108], [311, 117], [404, 170], [299, 177], [433, 225], [275, 233], [372, 237], [325, 237], [384, 329], [335, 326], [408, 418], [344, 410]]
data\cam1_pose\cam1_20241014_205356_0050.png [[334, 57], [343, 50], [327, 51], [357, 55], [321, 58], [378, 108], [309, 117], [403, 170], [296, 179], [431, 225], [273, 233], [370, 237], [323, 237], [383, 330], [335, 326], [408, 418], [344, 410]]
data\cam1_pose\cam1_20241014_205356_0051.png [[332, 58], [341, 50], [325, 52], [355, 55], [318, 59], [376, 109], [308, 117], [400, 168], [295, 179], [431, 225], [271, 234], [370, 238], [322, 238], [383, 332], [335, 328], [408, 419], [344, 410]]
data\cam1_pose\cam1_20241014_205356_0052.png [[330, 59], [338, 51], [323, 53], [353, 55], [317, 60], [374, 109], [306, 118], [399, 169], [294, 179], [429, 225], [270, 234], [369, 238], [322, 237], [383, 332], [333, 326], [407, 418], [344, 410]]
data\cam1_pose\cam1_20241014_205356_0053.png [[328, 59], [337, 51], [322, 53], [351, 56], [315, 60], [373, 110], [304, 118], [398, 170], [292, 179], [428, 225], [269, 234], [368, 237], [320, 236], [383, 333], [334, 326], [408, 418], [344, 411]]
data\cam1_pose\cam1_20241014_205356_0054.png [[323, 60], [331, 52], [316, 54], [346, 57], [310, 61], [368, 110], [299, 119], [394, 169], [288, 180], [425, 223], [265, 235], [365, 236], [317, 235], [380, 327], [332, 326], [409, 416], [343, 410]]
data\cam1_pose\cam1_20241014_205356_0055.png [[322, 60], [331, 52], [315, 54], [345, 57], [309, 60], [367, 110], [299, 120], [393, 169], [287, 180], [424, 223], [265, 235], [364, 236], [317, 235], [380, 325], [332, 325], [409, 416], [343, 410]]
data\cam1_pose\cam1_20241014_205356_0056.png [[322, 60], [330, 52], [314, 54], [345, 57], [309, 60], [367, 110], [298, 119], [392, 169], [287, 180], [424, 222], [265, 235], [364, 234], [317, 233], [380, 324], [332, 325], [410, 416], [343, 410]]
data\cam1_pose\cam1_20241014_205356_0057.png [[321, 60], [330, 52], [314, 54], [344, 57], [308, 60], [367, 110], [298, 119], [392, 168], [286, 180], [424, 222], [264, 235], [364, 233], [316, 232], [380, 324], [332, 325], [410, 416], [343, 410]]
data\cam1_pose\cam1_20241014_205356_0058.png [[321, 60], [330, 52], [314, 54], [344, 57], [308, 60], [366, 110], [297, 119], [392, 169], [286, 180], [424, 222], [264, 235], [364, 233], [316, 233], [380, 324], [332, 325], [411, 416], [343, 411]]
data\cam1_pose\cam1_20241014_205356_0059.png [[323, 60], [331, 53], [316, 54], [345, 57], [309, 61], [367, 110], [297, 119], [392, 168], [285, 180], [425, 221], [264, 235], [365, 234], [317, 234], [381, 322], [332, 324], [411, 413], [344, 411]]
data\cam1_pose\cam1_20241014_205356_0060.png [[323, 60], [332, 52], [316, 54], [346, 57], [310, 61], [367, 110], [297, 119], [392, 169], [285, 180], [425, 222], [264, 235], [366, 236], [317, 236], [382, 322], [332, 325], [410, 413], [344, 411]]
data\cam1_pose\cam1_20241014_205356_0061.png [[324, 60], [332, 52], [317, 54], [346, 57], [310, 60], [368, 110], [298, 119], [392, 168], [286, 180], [426, 222], [264, 235], [367, 236], [317, 236], [382, 324], [333, 326], [410, 413], [344, 411]]
data\cam1_pose\cam1_20241014_205356_0062.png [[325, 60], [334, 52], [317, 54], [347, 57], [311, 60], [368, 110], [298, 119], [394, 168], [286, 179], [427, 222], [265, 235], [367, 236], [318, 236], [383, 325], [334, 326], [408, 412], [344, 411]]
data\cam1_pose\cam1_20241014_205357_0063.png [[325, 60], [334, 52], [319, 54], [348, 57], [312, 60], [369, 110], [299, 119], [394, 168], [287, 179], [428, 222], [265, 235], [368, 235], [319, 235], [382, 324], [334, 324], [407, 411], [344, 411]]
data\cam1_pose\cam1_20241014_205357_0064.png [[327, 59], [335, 52], [320, 53], [349, 57], [313, 60], [370, 110], [300, 118], [395, 169], [288, 179], [430, 222], [266, 234], [369, 236], [320, 236], [382, 325], [334, 325], [404, 411], [344, 411]]
data\cam1_pose\cam1_20241014_205357_0065.png [[333, 59], [341, 52], [326, 53], [355, 57], [318, 60], [375, 110], [305, 118], [401, 169], [292, 179], [435, 223], [269, 235], [373, 233], [324, 237], [382, 325], [335, 324], [401, 411], [344, 411]]
data\cam1_pose\cam1_20241014_205357_0066.png [[334, 59], [343, 52], [328, 53], [356, 57], [320, 60], [377, 110], [307, 118], [403, 170], [293, 179], [436, 223], [271, 235], [373, 230], [325, 233], [383, 324], [336, 324], [401, 411], [344, 411]]
data\cam1_pose\cam1_20241014_205357_0067.png [[337, 59], [345, 51], [329, 53], [358, 57], [321, 60], [379, 110], [308, 118], [404, 170], [294, 179], [437, 224], [273, 234], [375, 229], [326, 232], [384, 323], [337, 324], [402, 412], [344, 411]]
data\cam1_pose\cam1_20241014_205357_0068.png [[338, 59], [347, 51], [331, 53], [360, 56], [323, 60], [381, 110], [310, 118], [406, 170], [295, 179], [439, 224], [274, 234], [377, 229], [328, 232], [386, 324], [338, 325], [402, 412], [344, 411]]
data\cam1_pose\cam1_20241014_205357_0069.png [[340, 58], [349, 51], [333, 52], [361, 56], [325, 60], [382, 110], [311, 117], [407, 170], [297, 178], [440, 224], [276, 234], [379, 230], [329, 233], [387, 324], [338, 324], [402, 412], [344, 411]]
data\cam1_pose\cam1_20241014_205357_0070.png [[342, 58], [350, 51], [335, 52], [363, 56], [327, 59], [383, 110], [312, 117], [408, 170], [299, 178], [442, 224], [277, 234], [379, 228], [331, 232], [388, 324], [338, 322], [402, 411], [344, 411]]
data\cam1_pose\cam1_20241014_205357_0071.png [[349, 57], [358, 50], [342, 51], [370, 56], [333, 58], [389, 109], [318, 116], [413, 170], [303, 177], [446, 225], [282, 233], [384, 228], [334, 231], [391, 324], [341, 324], [402, 412], [344, 411]]
data\cam1_pose\cam1_20241014_205357_0072.png [[350, 57], [359, 50], [344, 50], [371, 56], [335, 57], [391, 109], [319, 116], [414, 169], [305, 176], [447, 225], [282, 234], [385, 230], [336, 233], [392, 324], [342, 324], [403, 412], [344, 411]]
data\cam1_pose\cam1_20241014_205357_0073.png [[352, 56], [361, 49], [345, 50], [373, 56], [336, 57], [392, 109], [320, 115], [416, 170], [305, 176], [448, 225], [283, 234], [386, 229], [337, 232], [393, 324], [343, 324], [402, 412], [344, 411]]
data\cam1_pose\cam1_20241014_205357_0074.png [[354, 56], [363, 49], [347, 50], [375, 55], [337, 57], [394, 110], [321, 115], [417, 170], [306, 176], [449, 225], [284, 233], [388, 228], [338, 231], [393, 324], [343, 324], [403, 412], [344, 411]]
data\cam1_pose\cam1_20241014_205357_0075.png [[355, 56], [364, 49], [349, 50], [376, 55], [339, 57], [395, 109], [322, 115], [418, 170], [307, 176], [450, 225], [285, 232], [389, 228], [339, 231], [394, 323], [344, 324], [403, 412], [344, 411]]
data\cam1_pose\cam1_20241014_205357_0076.png [[357, 56], [366, 48], [350, 49], [378, 55], [341, 56], [396, 109], [324, 114], [419, 170], [308, 175], [451, 225], [286, 232], [389, 228], [340, 231], [394, 323], [344, 324], [403, 412], [344, 411]]
data\cam1_pose\cam1_20241014_205357_0077.png [[364, 55], [373, 48], [356, 48], [383, 54], [347, 55], [401, 108], [329, 113], [424, 170], [313, 173], [456, 226], [289, 230], [394, 228], [345, 231], [398, 322], [346, 322], [403, 412], [344, 411]]
data\cam1_pose\cam1_20241014_205357_0078.png [[365, 54], [374, 47], [358, 48], [386, 54], [348, 55], [403, 109], [330, 113], [425, 171], [313, 174], [457, 226], [290, 230], [395, 229], [346, 232], [400, 321], [347, 322], [403, 412], [344, 411]]
data\cam1_pose\cam1_20241014_205357_0079.png [[367, 54], [376, 47], [360, 48], [387, 54], [350, 54], [405, 109], [331, 113], [427, 171], [314, 174], [458, 227], [291, 230], [396, 229], [347, 232], [400, 321], [347, 322], [403, 412], [344, 411]]
data\cam1_pose\cam1_20241014_205357_0080.png [[369, 54], [378, 47], [362, 48], [389, 54], [352, 55], [407, 109], [333, 112], [428, 171], [316, 173], [460, 227], [293, 230], [398, 227], [349, 229], [402, 320], [348, 321], [403, 412], [344, 411]]
data\cam1_pose\cam1_20241014_205357_0081.png [[371, 54], [380, 47], [364, 48], [391, 54], [353, 54], [408, 109], [334, 112], [430, 171], [317, 173], [461, 227], [294, 229], [399, 227], [350, 228], [403, 321], [349, 321], [403, 412], [344, 411]]
data\cam1_pose\cam1_20241014_205357_0082.png [[373, 54], [382, 47], [365, 48], [392, 54], [355, 54], [410, 109], [336, 112], [431, 170], [319, 173], [462, 227], [295, 229], [401, 226], [352, 227], [404, 321], [350, 322], [403, 412], [344, 411]]
data\cam1_pose\cam1_20241014_205358_0083.png [[379, 54], [387, 47], [371, 47], [398, 54], [360, 54], [416, 109], [341, 112], [435, 171], [323, 170], [466, 227], [298, 228], [405, 227], [356, 228], [406, 322], [352, 321], [404, 412], [344, 411]]
data\cam1_pose\cam1_20241014_205358_0084.png [[379, 53], [388, 46], [372, 47], [399, 54], [361, 54], [417, 109], [341, 111], [436, 170], [323, 170], [466, 227], [298, 228], [406, 227], [357, 228], [406, 322], [351, 320], [404, 412], [344, 410]]
data\cam1_pose\cam1_20241014_205358_0085.png [[379, 53], [388, 46], [373, 46], [400, 53], [362, 53], [417, 108], [342, 111], [436, 170], [324, 169], [466, 227], [298, 228], [407, 227], [358, 227], [406, 322], [351, 320], [404, 412], [343, 409]]
data\cam1_pose\cam1_20241014_205358_0086.png [[380, 53], [388, 46], [373, 46], [400, 53], [362, 53], [418, 108], [343, 111], [436, 170], [323, 170], [466, 227], [298, 227], [406, 226], [357, 227], [407, 322], [350, 321], [404, 413], [342, 410]]
data\cam1_pose\cam1_20241014_205358_0087.png [[379, 53], [388, 45], [372, 46], [400, 53], [362, 53], [418, 108], [343, 111], [436, 169], [323, 170], [466, 227], [298, 227], [407, 226], [357, 227], [406, 322], [350, 321], [404, 412], [341, 411]]
data\cam1_pose\cam1_20241014_205358_0088.png [[377, 53], [386, 46], [370, 46], [397, 53], [359, 53], [415, 108], [341, 111], [434, 170], [321, 170], [465, 227], [296, 227], [406, 227], [356, 228], [406, 324], [348, 324], [404, 412], [340, 411]]
data\cam1_pose\cam1_20241014_205358_0089.png [[374, 53], [383, 46], [367, 47], [394, 54], [357, 54], [412, 108], [338, 112], [431, 171], [318, 170], [463, 227], [293, 228], [403, 227], [354, 227], [406, 324], [347, 326], [404, 412], [340, 411]]
data\cam1_pose\cam1_20241014_205358_0090.png [[373, 53], [381, 46], [365, 47], [392, 54], [355, 54], [410, 108], [336, 112], [430, 171], [316, 170], [461, 227], [291, 229], [402, 228], [353, 228], [405, 323], [347, 326], [403, 412], [340, 411]]
data\cam1_pose\cam1_20241014_205358_0091.png [[371, 54], [379, 47], [363, 47], [390, 54], [353, 54], [409, 109], [334, 112], [428, 171], [314, 171], [460, 226], [290, 229], [401, 228], [351, 228], [404, 322], [347, 326], [403, 412], [340, 411]]
data\cam1_pose\cam1_20241014_205358_0092.png [[368, 54], [377, 47], [361, 47], [388, 54], [350, 54], [406, 109], [332, 112], [426, 171], [313, 171], [457, 225], [287, 230], [399, 228], [350, 229], [404, 322], [346, 326], [403, 412], [340, 411]]
data\cam1_pose\cam1_20241014_205358_0093.png [[366, 54], [375, 47], [359, 47], [385, 54], [348, 55], [403, 109], [329, 112], [424, 171], [311, 171], [455, 226], [285, 231], [397, 228], [348, 230], [403, 322], [344, 327], [403, 412], [340, 411]]
data\cam1_pose\cam1_20241014_205358_0094.png [[364, 54], [372, 47], [356, 47], [382, 54], [346, 55], [401, 109], [328, 113], [421, 171], [308, 171], [453, 226], [284, 230], [396, 228], [346, 231], [401, 322], [343, 326], [403, 412], [339, 411]]
data\cam1_pose\cam1_20241014_205358_0095.png [[361, 54], [370, 47], [354, 47], [380, 54], [344, 55], [398, 108], [325, 112], [419, 171], [306, 171], [450, 225], [282, 230], [394, 229], [344, 231], [400, 322], [342, 327], [403, 412], [339, 412]]
data\cam1_pose\cam1_20241014_205358_0096.png [[354, 54], [362, 47], [346, 48], [373, 54], [336, 56], [392, 110], [318, 113], [412, 171], [300, 172], [443, 225], [276, 231], [388, 230], [338, 232], [395, 323], [338, 329], [402, 412], [338, 414]]
data\cam1_pose\cam1_20241014_205358_0097.png [[352, 54], [360, 47], [344, 48], [370, 55], [334, 56], [390, 110], [316, 113], [410, 171], [298, 172], [442, 225], [274, 231], [386, 229], [336, 232], [393, 323], [338, 329], [402, 412], [338, 414]]
data\cam1_pose\cam1_20241014_205358_0098.png [[347, 55], [356, 47], [340, 48], [366, 55], [329, 57], [385, 110], [312, 113], [406, 173], [294, 173], [438, 225], [271, 233], [383, 229], [334, 232], [392, 324], [336, 331], [402, 412], [338, 414]]
data\cam1_pose\cam1_20241014_205358_0099.png [[345, 55], [353, 48], [338, 49], [364, 55], [327, 57], [383, 110], [310, 114], [404, 172], [292, 173], [436, 225], [269, 233], [381, 228], [332, 231], [391, 324], [335, 330], [401, 412], [338, 414]]
