data\cam2_pose\cam2_20240912_120234_0001.png [[424, 87], [429, 80], [416, 80], [400, 83], [444, 130], [383, 131], [463, 183], [367, 186], [492, 230], [344, 239], [443, 232], [401, 234], [444, 322], [403, 326], [448, 400], [407, 407]]
data\cam2_pose\cam2_20240912_120234_0002.png [[423, 86], [429, 79], [416, 80], [400, 83], [445, 129], [383, 131], [464, 183], [367, 185], [492, 230], [344, 238], [443, 231], [400, 233], [444, 323], [403, 326], [448, 400], [407, 407]]
data\cam2_pose\cam2_20240912_120235_0003.png [[420, 86], [425, 79], [412, 80], [397, 83], [442, 129], [381, 131], [463, 183], [364, 186], [491, 229], [341, 240], [442, 233], [398, 234], [443, 323], [402, 326], [449, 401], [407, 407]]
data\cam2_pose\cam2_20240912_120235_0004.png [[416, 86], [422, 79], [409, 80], [393, 83], [440, 129], [378, 131], [461, 183], [362, 186], [490, 228], [340, 241], [440, 233], [396, 236], [443, 324], [400, 326], [449, 401], [407, 408]]
data\cam2_pose\cam2_20240912_120235_0005.png [[412, 86], [418, 78], [405, 79], [424, 79], [391, 83], [439, 128], [376, 131], [461, 180], [361, 185], [491, 226], [339, 240], [438, 230], [394, 233], [445, 320], [399, 324], [454, 399], [406, 407]]
data\cam2_pose\cam2_20240912_120235_0006.png [[418, 85], [424, 78], [410, 79], [432, 77], [398, 83], [449, 127], [385, 131], [471, 180], [367, 186], [503, 228], [343, 238], [444, 232], [400, 233], [451, 323], [402, 323], [458, 401], [406, 408]]
data\cam2_pose\cam2_20240912_120235_0007.png [[421, 82], [427, 74], [412, 76], [437, 75], [402, 81], [457, 125], [391, 129], [480, 178], [372, 183], [511, 225], [346, 237], [449, 229], [403, 230], [452, 320], [404, 320], [458, 401], [406, 405]]
data\cam2_pose\cam2_20240912_120236_0008.png [[416, 83], [422, 75], [407, 77], [433, 76], [398, 83], [454, 125], [387, 131], [478, 179], [368, 186], [509, 226], [343, 237], [447, 231], [401, 232], [451, 321], [403, 323], [458, 402], [406, 408]]
data\cam2_pose\cam2_20240912_120236_0009.png [[406, 82], [412, 74], [397, 77], [424, 76], [389, 82], [447, 124], [380, 131], [471, 177], [363, 186], [502, 227], [340, 238], [440, 233], [395, 235], [447, 319], [399, 323], [460, 402], [406, 408]]
data\cam2_pose\cam2_20240912_120236_0010.png [[410, 82], [417, 74], [403, 77], [432, 75], [397, 81], [458, 123], [390, 131], [482, 176], [373, 185], [514, 227], [347, 237], [445, 233], [401, 234], [452, 321], [401, 322], [460, 407], [406, 405]]
data\cam2_pose\cam2_20240912_120236_0011.png [[409, 81], [415, 73], [402, 76], [432, 74], [460, 122], [391, 131], [482, 176], [375, 185], [513, 228], [351, 237], [445, 234], [401, 236], [451, 319], [404, 323], [461, 406], [415, 405]]
data\cam2_pose\cam2_20240912_120237_0012.png [[400, 81], [406, 73], [393, 77], [423, 74], [452, 122], [385, 132], [476, 175], [371, 187], [508, 226], [349, 237], [438, 233], [397, 235], [446, 319], [402, 322], [461, 406], [413, 405]]
data\cam2_pose\cam2_20240912_120237_0013.png [[400, 81], [406, 72], [392, 76], [424, 73], [452, 121], [385, 131], [477, 174], [372, 186], [509, 224], [351, 237], [439, 236], [398, 236], [448, 320], [403, 323], [462, 409], [414, 405]]
data\cam2_pose\cam2_20240912_120237_0014.png [[405, 81], [412, 72], [398, 76], [430, 72], [460, 119], [394, 131], [483, 173], [379, 187], [513, 227], [356, 236], [446, 237], [403, 239], [453, 325], [405, 327], [462, 411], [415, 405]]
data\cam2_pose\cam2_20240912_120237_0015.png [[404, 81], [410, 72], [398, 76], [430, 71], [460, 117], [395, 130], [482, 172], [380, 187], [511, 226], [358, 236], [446, 237], [404, 239], [451, 326], [408, 326], [462, 411], [420, 406]]
data\cam2_pose\cam2_20240912_120237_0016.png [[395, 83], [401, 74], [389, 78], [420, 74], [451, 119], [389, 133], [474, 174], [376, 191], [503, 226], [357, 237], [437, 236], [399, 237], [446, 326], [405, 324], [461, 409], [419, 406]]
data\cam2_pose\cam2_20240912_120238_0017.png [[394, 82], [400, 74], [389, 78], [420, 73], [451, 118], [389, 132], [472, 171], [378, 189], [501, 225], [360, 236], [437, 237], [400, 239], [446, 327], [406, 326], [462, 412], [419, 407]]
data\cam2_pose\cam2_20240912_120238_0018.png [[397, 82], [403, 73], [392, 78], [424, 72], [454, 117], [394, 131], [475, 173], [382, 188], [503, 228], [363, 235], [439, 238], [403, 238], [447, 328], [407, 326], [463, 413], [419, 407]]
data\cam2_pose\cam2_20240912_120238_0019.png [[398, 82], [404, 73], [394, 78], [426, 70], [457, 113], [401, 129], [474, 170], [389, 188], [499, 228], [370, 234], [442, 242], [406, 240], [447, 326], [413, 324], [463, 416], [426, 407]]
data\cam2_pose\cam2_20240912_120238_0020.png [[391, 84], [396, 75], [387, 79], [418, 72], [448, 115], [396, 131], [464, 173], [387, 189], [486, 227], [371, 235], [434, 243], [402, 243], [441, 324], [409, 323], [463, 414], [426, 407]]
data\cam2_pose\cam2_20241014_205353_0000.png [[288, 108], [295, 102], [281, 102], [300, 107], [269, 106], [314, 153], [252, 153], [327, 204], [239, 205], [339, 254], [224, 252], [305, 255], [262, 255], [312, 339], [263, 338], [320, 413], [260, 411]]
data\cam2_pose\cam2_20241014_205353_0001.png [[288, 108], [295, 102], [281, 102], [300, 107], [269, 106], [313, 153], [252, 153], [327, 204], [239, 206], [339, 253], [224, 252], [305, 254], [262, 254], [311, 338], [263, 338], [320, 413], [259, 410]]
data\cam2_pose\cam2_20241014_205353_0002.png [[289, 108], [295, 102], [282, 102], [300, 108], [269, 106], [313, 153], [251, 153], [327, 204], [239, 206], [339, 253], [223, 252], [305, 255], [262, 255], [311, 339], [263, 338], [320, 413], [259, 410]]
data\cam2_pose\cam2_20241014_205354_0003.png [[289, 108], [295, 103], [282, 102], [300, 108], [269, 106], [313, 153], [251, 153], [327, 204], [238, 206], [339, 253], [223, 252], [305, 254], [262, 254], [311, 338], [263, 338], [320, 413], [259, 410]]
data\cam2_pose\cam2_20241014_205354_0004.png [[289, 108], [296, 103], [283, 102], [301, 108], [269, 106], [313, 153], [251, 153], [327, 204], [238, 206], [338, 253], [223, 252], [304, 254], [262, 254], [311, 338], [263, 338], [320, 414], [259, 411]]
data\cam2_pose\cam2_20241014_205354_0005.png [[289, 108], [296, 103], [282, 102], [301, 108], [269, 105], [313, 153], [251, 153], [327, 204], [238, 206], [338, 253], [222, 252], [304, 255], [262, 255], [311, 339], [263, 338], [320, 414], [259, 411]]
data\cam2_pose\cam2_20241014_205354_0006.png [[289, 108], [296, 103], [282, 102], [301, 108], [269, 106], [313, 153], [251, 153], [327, 204], [238, 206], [338, 253], [222, 252], [304, 255], [262, 255], [311, 339], [263, 338], [320, 413], [259, 411]]
data\cam2_pose\cam2_20241014_205354_0007.png [[289, 108], [296, 103], [283, 102], [301, 108], [269, 106], [313, 153], [251, 153], [327, 204], [238, 206], [338, 253], [222, 252], [304, 254], [262, 254], [311, 339], [263, 338], [320, 414], [259, 410]]
data\cam2_pose\cam2_20241014_205354_0008.png [[289, 108], [296, 103], [283, 102], [301, 108], [270, 105], [313, 153], [251, 153], [327, 204], [238, 206], [339, 252], [222, 252], [305, 254], [262, 254], [311, 338], [263, 338], [320, 413], [259, 411]]
data\cam2_pose\cam2_20241014_205354_0009.png [[289, 108], [296, 103], [283, 102], [302, 108], [270, 105], [313, 153], [252, 153], [327, 203], [238, 206], [339, 252], [222, 252], [305, 255], [262, 255], [311, 338], [263, 338], [320, 414], [259, 411]]
data\cam2_pose\cam2_20241014_205354_0010.png [[290, 108], [298, 103], [284, 102], [302, 107], [271, 105], [315, 152], [253, 153], [328, 204], [239, 205], [341, 253], [223, 252], [306, 255], [263, 255], [312, 340], [263, 338], [320, 414], [259, 411]]
data\cam2_pose\cam2_20241014_205354_0011.png [[291, 108], [298, 103], [285, 102], [303, 107], [272, 105], [315, 153], [253, 153], [329, 204], [240, 205], [341, 252], [224, 252], [306, 255], [263, 255], [312, 339], [263, 338], [320, 413], [259, 411]]
data\cam2_pose\cam2_20241014_205354_0012.png [[292, 108], [299, 103], [286, 102], [304, 107], [272, 105], [316, 153], [254, 153], [330, 205], [240, 205], [342, 252], [224, 252], [307, 256], [264, 255], [313, 339], [263, 339], [320, 414], [260, 411]]
data\cam2_pose\cam2_20241014_205354_0013.png [[292, 108], [299, 103], [286, 102], [305, 108], [273, 105], [316, 153], [254, 153], [331, 204], [241, 205], [343, 253], [225, 252], [308, 256], [264, 255], [313, 340], [263, 340], [320, 414], [260, 411]]
data\cam2_pose\cam2_20241014_205354_0014.png [[293, 108], [300, 103], [287, 102], [305, 108], [274, 105], [316, 153], [255, 153], [331, 205], [242, 205], [343, 254], [226, 251], [308, 255], [265, 255], [313, 339], [264, 339], [320, 414], [260, 411]]
data\cam2_pose\cam2_20241014_205354_0015.png [[294, 108], [301, 103], [288, 102], [305, 108], [274, 105], [317, 153], [256, 153], [331, 204], [242, 205], [344, 254], [227, 252], [308, 255], [265, 254], [313, 339], [264, 340], [321, 414], [260, 411]]
data\cam2_pose\cam2_20241014_205354_0016.png [[295, 108], [302, 103], [289, 102], [306, 108], [275, 105], [318, 153], [256, 152], [332, 204], [243, 205], [345, 254], [228, 252], [309, 254], [266, 255], [314, 338], [264, 339], [321, 413], [260, 410]]
data\cam2_pose\cam2_20241014_205354_0017.png [[296, 107], [303, 102], [290, 101], [308, 107], [276, 105], [319, 152], [257, 152], [333, 203], [243, 205], [346, 252], [228, 251], [311, 255], [266, 256], [315, 336], [262, 335], [321, 414], [258, 410]]
data\cam2_pose\cam2_20241014_205354_0018.png [[296, 107], [302, 102], [289, 101], [307, 107], [275, 104], [319, 152], [257, 152], [333, 203], [242, 205], [346, 252], [227, 251], [311, 255], [266, 255], [315, 336], [262, 335], [321, 414], [257, 409]]
data\cam2_pose\cam2_20241014_205354_0019.png [[295, 107], [301, 101], [289, 101], [306, 107], [275, 104], [317, 152], [256, 152], [332, 203], [241, 205], [346, 252], [226, 251], [310, 255], [266, 255], [314, 336], [261, 335], [321, 414], [256, 410]]
data\cam2_pose\cam2_20241014_205354_0020.png [[294, 107], [301, 102], [287, 101], [305, 107], [274, 104], [316, 152], [254, 152], [331, 203], [240, 205], [346, 252], [225, 252], [309, 256], [265, 255], [314, 336], [260, 336], [321, 414], [256, 410]]
data\cam2_pose\cam2_20241014_205354_0021.png [[292, 107], [299, 102], [286, 101], [304, 108], [272, 105], [315, 152], [253, 152], [330, 203], [238, 206], [345, 252], [223, 252], [308, 256], [263, 255], [313, 336], [260, 336], [321, 414], [257, 410]]
data\cam2_pose\cam2_20241014_205354_0022.png [[291, 107], [298, 102], [284, 101], [302, 107], [271, 105], [313, 153], [251, 152], [329, 203], [236, 206], [344, 252], [221, 251], [307, 257], [262, 256], [313, 338], [259, 338], [320, 414], [257, 410]]
data\cam2_pose\cam2_20241014_205355_0023.png [[289, 108], [295, 102], [283, 101], [300, 107], [269, 105], [311, 153], [249, 152], [327, 203], [235, 205], [343, 252], [220, 251], [304, 256], [260, 255], [311, 337], [259, 338], [320, 414], [257, 410]]
data\cam2_pose\cam2_20241014_205355_0024.png [[287, 107], [294, 102], [281, 101], [299, 107], [267, 104], [310, 152], [247, 152], [325, 204], [233, 205], [342, 252], [218, 251], [303, 256], [260, 256], [310, 337], [258, 337], [320, 414], [257, 410]]
data\cam2_pose\cam2_20241014_205355_0025.png [[282, 107], [289, 101], [275, 100], [293, 107], [261, 104], [304, 152], [242, 150], [320, 203], [226, 203], [340, 252], [211, 249], [298, 254], [254, 255], [307, 336], [256, 338], [317, 413], [256, 411]]
data\cam2_pose\cam2_20241014_205355_0026.png [[281, 106], [288, 101], [275, 100], [293, 107], [261, 104], [303, 152], [241, 150], [320, 202], [225, 202], [340, 252], [211, 249], [298, 254], [253, 255], [306, 336], [256, 338], [315, 412], [256, 411]]
data\cam2_pose\cam2_20241014_205355_0027.png [[282, 106], [288, 101], [275, 100], [292, 107], [261, 104], [303, 152], [241, 150], [319, 202], [225, 201], [340, 252], [210, 249], [297, 253], [253, 254], [305, 335], [256, 338], [314, 412], [256, 411]]
data\cam2_pose\cam2_20241014_205355_0028.png [[283, 106], [289, 101], [276, 100], [261, 103], [304, 152], [241, 149], [320, 203], [225, 201], [340, 251], [210, 249], [297, 251], [253, 252], [305, 335], [256, 336], [312, 411], [256, 411]]
data\cam2_pose\cam2_20241014_205355_0029.png [[283, 106], [290, 101], [277, 100], [262, 103], [304, 152], [242, 149], [320, 202], [226, 201], [341, 251], [211, 249], [298, 250], [253, 251], [304, 333], [256, 335], [310, 411], [256, 411]]
data\cam2_pose\cam2_20241014_205355_0030.png [[289, 107], [295, 102], [283, 101], [268, 105], [310, 153], [248, 150], [326, 204], [230, 203], [346, 251], [215, 249], [302, 254], [259, 254], [306, 335], [259, 336], [309, 412], [256, 411]]
data\cam2_pose\cam2_20241014_205355_0031.png [[291, 107], [297, 102], [285, 101], [270, 104], [312, 153], [250, 150], [328, 204], [232, 203], [348, 251], [216, 249], [304, 254], [260, 254], [307, 336], [260, 338], [309, 413], [256, 411]]
data\cam2_pose\cam2_20241014_205355_0032.png [[293, 107], [299, 102], [286, 101], [272, 105], [314, 153], [251, 149], [329, 205], [234, 203], [349, 251], [217, 249], [305, 254], [262, 253], [308, 336], [261, 336], [309, 413], [256, 411]]
data\cam2_pose\cam2_20241014_205355_0033.png [[295, 107], [301, 102], [288, 101], [274, 104], [315, 153], [253, 149], [330, 205], [235, 202], [350, 252], [218, 248], [307, 254], [264, 254], [309, 336], [262, 336], [310, 413], [256, 411]]
data\cam2_pose\cam2_20241014_205355_0034.png [[297, 107], [303, 102], [290, 100], [275, 104], [317, 153], [255, 149], [331, 205], [237, 200], [351, 252], [218, 248], [308, 254], [265, 253], [310, 336], [263, 335], [310, 413], [256, 410]]
data\cam2_pose\cam2_20241014_205355_0035.png [[298, 106], [304, 101], [292, 100], [277, 104], [318, 153], [256, 149], [332, 206], [238, 199], [352, 252], [219, 248], [309, 254], [266, 253], [311, 336], [263, 336], [310, 413], [256, 410]]
data\cam2_pose\cam2_20241014_205355_0036.png [[299, 106], [305, 101], [293, 100], [278, 103], [319, 153], [257, 148], [332, 204], [239, 199], [352, 252], [219, 248], [310, 253], [266, 252], [312, 336], [263, 336], [311, 413], [255, 410]]
data\cam2_pose\cam2_20241014_205355_0037.png [[302, 105], [308, 100], [296, 99], [280, 102], [321, 152], [258, 147], [333, 204], [239, 198], [353, 251], [218, 247], [310, 254], [268, 252], [313, 337], [261, 338], [310, 413], [248, 412]]
data\cam2_pose\cam2_20241014_205355_0038.png [[302, 105], [308, 100], [295, 99], [280, 102], [320, 153], [258, 147], [332, 205], [239, 197], [353, 252], [218, 247], [310, 255], [268, 253], [313, 337], [260, 339], [311, 413], [246, 413]]
data\cam2_pose\cam2_20241014_205355_0039.png [[301, 106], [307, 101], [295, 99], [280, 102], [320, 153], [257, 147], [331, 205], [238, 198], [352, 252], [217, 248], [310, 254], [267, 252], [312, 337], [259, 338], [310, 413], [245, 413]]
data\cam2_pose\cam2_20241014_205355_0040.png [[300, 106], [307, 101], [294, 99], [278, 102], [318, 153], [256, 147], [330, 205], [237, 198], [351, 251], [217, 248], [309, 255], [267, 253], [312, 337], [258, 339], [310, 413], [245, 415]]
data\cam2_pose\cam2_20241014_205355_0041.png [[293, 108], [299, 102], [287, 101], [272, 104], [311, 154], [250, 149], [325, 207], [230, 200], [346, 252], [210, 249], [304, 255], [262, 255], [309, 338], [256, 341], [310, 413], [245, 417]]
data\cam2_pose\cam2_20241014_205355_0042.png [[291, 107], [297, 102], [285, 101], [269, 104], [309, 154], [247, 149], [323, 207], [229, 199], [345, 252], [207, 250], [303, 258], [260, 258], [308, 338], [254, 341], [310, 413], [245, 417]]
data\cam2_pose\cam2_20241014_205356_0043.png [[289, 107], [295, 102], [282, 101], [267, 104], [307, 154], [245, 149], [321, 207], [227, 198], [343, 252], [205, 249], [301, 259], [258, 257], [307, 338], [253, 342], [310, 413], [245, 417]]
data\cam2_pose\cam2_20241014_205356_0044.png [[286, 107], [292, 102], [280, 101], [264, 104], [305, 154], [243, 149], [319, 207], [224, 200], [341, 251], [203, 249], [299, 258], [256, 256], [306, 337], [252, 339], [309, 413], [244, 417]]
data\cam2_pose\cam2_20241014_205356_0045.png [[284, 107], [290, 102], [277, 101], [262, 104], [302, 154], [241, 149], [318, 207], [222, 200], [341, 252], [200, 250], [296, 256], [253, 255], [305, 339], [251, 342], [309, 413], [245, 417]]
data\cam2_pose\cam2_20241014_205356_0046.png [[281, 107], [287, 102], [274, 101], [259, 104], [300, 154], [238, 149], [316, 207], [220, 200], [339, 251], [198, 251], [294, 257], [251, 257], [303, 338], [249, 342], [309, 413], [244, 417]]
data\cam2_pose\cam2_20241014_205356_0047.png [[278, 107], [284, 102], [272, 101], [257, 104], [298, 154], [236, 149], [314, 206], [217, 200], [337, 251], [196, 251], [292, 256], [249, 256], [301, 338], [248, 342], [308, 412], [244, 417]]
data\cam2_pose\cam2_20241014_205356_0048.png [[269, 107], [275, 102], [262, 101], [247, 105], [289, 154], [227, 150], [307, 206], [208, 201], [332, 249], [188, 252], [285, 254], [241, 255], [295, 336], [242, 341], [307, 411], [244, 416]]
data\cam2_pose\cam2_20241014_205356_0049.png [[267, 107], [273, 102], [260, 101], [245, 105], [287, 154], [225, 150], [305, 206], [206, 201], [331, 249], [186, 253], [283, 254], [240, 255], [294, 335], [242, 340], [306, 410], [243, 416]]
data\cam2_pose\cam2_20241014_205356_0050.png [[265, 107], [271, 102], [258, 101], [243, 105], [286, 154], [223, 150], [304, 206], [204, 202], [330, 249], [185, 253], [282, 253], [239, 254], [293, 335], [241, 339], [306, 410], [244, 416]]
data\cam2_pose\cam2_20241014_205356_0051.png [[263, 107], [269, 102], [256, 101], [241, 105], [284, 154], [221, 150], [302, 205], [203, 203], [329, 249], [183, 253], [281, 255], [237, 257], [292, 336], [241, 341], [306, 411], [244, 416]]
data\cam2_pose\cam2_20241014_205356_0052.png [[261, 107], [267, 102], [254, 101], [239, 105], [282, 153], [220, 150], [301, 205], [201, 203], [328, 249], [182, 253], [280, 254], [236, 256], [292, 336], [240, 342], [306, 411], [243, 416]]
data\cam2_pose\cam2_20241014_205356_0053.png [[260, 107], [266, 101], [253, 101], [238, 105], [281, 153], [218, 150], [300, 206], [199, 204], [327, 249], [181, 253], [279, 255], [235, 259], [291, 336], [239, 341], [305, 410], [243, 416]]
data\cam2_pose\cam2_20241014_205356_0054.png [[255, 107], [261, 101], [248, 101], [233, 105], [277, 153], [214, 150], [296, 205], [196, 204], [323, 248], [178, 254], [276, 256], [232, 260], [290, 336], [238, 341], [305, 408], [243, 416]]
data\cam2_pose\cam2_20241014_205356_0055.png [[254, 107], [260, 101], [248, 101], [233, 105], [276, 153], [213, 150], [296, 205], [195, 204], [323, 247], [177, 254], [275, 256], [232, 259], [289, 336], [238, 342], [304, 408], [243, 417]]
data\cam2_pose\cam2_20241014_205356_0056.png [[254, 107], [260, 101], [247, 100], [232, 104], [275, 153], [212, 150], [295, 205], [194, 204], [322, 247], [177, 254], [275, 256], [231, 260], [289, 336], [238, 343], [304, 408], [243, 417]]
data\cam2_pose\cam2_20241014_205356_0057.png [[253, 107], [260, 101], [247, 100], [232, 104], [275, 153], [212, 150], [295, 205], [194, 204], [322, 247], [176, 254], [275, 256], [230, 260], [289, 336], [238, 343], [303, 407], [243, 417]]
data\cam2_pose\cam2_20241014_205356_0058.png [[253, 107], [259, 101], [247, 100], [232, 104], [275, 153], [211, 150], [294, 204], [194, 204], [322, 247], [176, 254], [275, 256], [231, 260], [289, 336], [239, 344], [302, 407], [243, 417]]
data\cam2_pose\cam2_20241014_205356_0059.png [[254, 107], [260, 101], [248, 100], [232, 104], [275, 153], [211, 150], [294, 205], [194, 204], [322, 247], [177, 254], [276, 256], [232, 259], [289, 336], [239, 344], [299, 405], [243, 416]]
data\cam2_pose\cam2_20241014_205356_0060.png [[255, 107], [261, 101], [248, 100], [232, 104], [275, 153], [212, 150], [294, 205], [194, 204], [322, 247], [178, 254], [277, 255], [232, 259], [288, 336], [239, 343], [298, 405], [243, 416]]
data\cam2_pose\cam2_20241014_205356_0061.png [[255, 107], [261, 101], [248, 100], [233, 104], [275, 153], [212, 150], [294, 205], [195, 203], [322, 246], [179, 253], [277, 255], [233, 259], [288, 336], [240, 342], [297, 405], [243, 416]]
data\cam2_pose\cam2_20241014_205356_0062.png [[256, 107], [262, 101], [249, 100], [234, 104], [276, 153], [213, 150], [295, 205], [196, 202], [322, 246], [179, 253], [277, 255], [234, 259], [287, 335], [240, 341], [296, 406], [243, 416]]
data\cam2_pose\cam2_20241014_205357_0063.png [[257, 107], [263, 102], [250, 100], [234, 104], [276, 153], [214, 149], [295, 205], [197, 202], [322, 246], [180, 253], [278, 255], [235, 258], [287, 335], [241, 341], [293, 406], [243, 416]]
data\cam2_pose\cam2_20241014_205357_0064.png [[258, 107], [264, 102], [251, 101], [235, 104], [277, 153], [215, 150], [296, 205], [198, 203], [323, 247], [181, 253], [278, 254], [235, 257], [287, 335], [241, 341], [292, 407], [243, 416]]
data\cam2_pose\cam2_20241014_205357_0065.png [[259, 107], [265, 102], [252, 101], [236, 104], [278, 153], [216, 150], [296, 206], [199, 203], [324, 247], [182, 253], [278, 253], [236, 256], [286, 335], [242, 340], [290, 407], [243, 416]]
data\cam2_pose\cam2_20241014_205357_0066.png [[264, 108], [270, 103], [257, 102], [242, 105], [282, 154], [221, 150], [300, 206], [205, 203], [326, 249], [188, 254], [281, 252], [241, 255], [286, 335], [243, 339], [290, 407], [244, 416]]
data\cam2_pose\cam2_20241014_205357_0067.png [[266, 108], [271, 103], [259, 102], [243, 105], [284, 155], [223, 150], [301, 206], [206, 202], [327, 249], [190, 253], [283, 252], [242, 255], [286, 335], [245, 340], [290, 407], [244, 416]]
data\cam2_pose\cam2_20241014_205357_0068.png [[267, 108], [273, 103], [260, 102], [245, 105], [285, 154], [224, 150], [301, 206], [208, 201], [328, 249], [192, 253], [284, 254], [243, 255], [287, 336], [245, 341], [290, 407], [244, 416]]
data\cam2_pose\cam2_20241014_205357_0069.png [[268, 108], [274, 103], [262, 102], [246, 105], [286, 154], [225, 150], [302, 207], [209, 201], [328, 249], [194, 252], [285, 254], [244, 255], [287, 337], [246, 341], [290, 407], [244, 416]]
data\cam2_pose\cam2_20241014_205357_0070.png [[270, 108], [275, 103], [263, 102], [248, 105], [287, 155], [226, 150], [303, 207], [211, 202], [329, 249], [196, 252], [286, 252], [246, 254], [288, 336], [247, 340], [290, 407], [244, 416]]
data\cam2_pose\cam2_20241014_205357_0071.png [[275, 109], [281, 104], [269, 102], [253, 105], [291, 155], [231, 150], [307, 208], [215, 201], [331, 250], [201, 252], [290, 252], [251, 255], [290, 336], [249, 340], [290, 407], [244, 417]]
data\cam2_pose\cam2_20241014_205357_0072.png [[277, 109], [283, 104], [271, 103], [254, 105], [292, 156], [232, 150], [307, 208], [217, 202], [332, 249], [202, 251], [290, 252], [251, 254], [290, 335], [250, 340], [290, 407], [244, 417]]
data\cam2_pose\cam2_20241014_205357_0073.png [[278, 109], [284, 104], [272, 103], [256, 105], [293, 156], [233, 150], [308, 208], [217, 202], [332, 250], [203, 250], [291, 253], [252, 254], [290, 335], [250, 339], [290, 407], [244, 417]]
data\cam2_pose\cam2_20241014_205357_0074.png [[279, 110], [284, 105], [273, 103], [256, 105], [294, 156], [235, 150], [308, 208], [218, 201], [333, 250], [205, 250], [292, 254], [253, 255], [291, 335], [251, 341], [290, 407], [244, 417]]
data\cam2_pose\cam2_20241014_205357_0075.png [[280, 110], [286, 105], [274, 103], [258, 105], [295, 156], [236, 150], [309, 209], [219, 201], [334, 251], [205, 249], [292, 254], [254, 255], [292, 335], [252, 342], [290, 407], [244, 417]]
data\cam2_pose\cam2_20241014_205357_0076.png [[281, 110], [287, 105], [275, 103], [259, 105], [296, 156], [237, 150], [310, 208], [220, 201], [334, 250], [206, 250], [293, 252], [254, 253], [292, 333], [253, 340], [290, 407], [244, 417]]
data\cam2_pose\cam2_20241014_205357_0077.png [[286, 110], [292, 105], [280, 103], [263, 105], [299, 156], [241, 150], [313, 209], [225, 201], [335, 251], [211, 249], [296, 252], [258, 254], [293, 333], [255, 338], [290, 407], [245, 417]]
data\cam2_pose\cam2_20241014_205357_0078.png [[287, 110], [293, 105], [281, 103], [265, 106], [300, 156], [242, 149], [313, 208], [226, 200], [336, 251], [212, 249], [297, 254], [259, 256], [294, 333], [256, 338], [290, 407], [245, 417]]
data\cam2_pose\cam2_20241014_205357_0079.png [[289, 110], [295, 106], [283, 104], [266, 106], [301, 156], [243, 150], [314, 209], [227, 200], [337, 251], [214, 248], [298, 253], [260, 255], [294, 333], [257, 339], [290, 406], [245, 417]]
data\cam2_pose\cam2_20241014_205357_0080.png [[290, 111], [296, 106], [284, 104], [268, 106], [302, 156], [245, 150], [315, 209], [229, 200], [338, 251], [215, 249], [299, 254], [261, 256], [295, 333], [257, 339], [290, 406], [245, 417]]
data\cam2_pose\cam2_20241014_205357_0081.png [[292, 111], [297, 106], [286, 104], [269, 106], [303, 157], [246, 150], [316, 209], [229, 200], [338, 251], [216, 249], [300, 254], [261, 256], [295, 333], [258, 339], [291, 406], [245, 417]]
data\cam2_pose\cam2_20241014_205357_0082.png [[293, 111], [298, 106], [287, 104], [270, 106], [304, 157], [247, 150], [317, 210], [230, 200], [338, 251], [217, 248], [301, 256], [262, 257], [296, 334], [259, 339], [291, 406], [245, 417]]
data\cam2_pose\cam2_20241014_205358_0083.png [[294, 111], [299, 107], [288, 105], [271, 107], [305, 158], [248, 150], [317, 210], [231, 200], [339, 252], [218, 249], [301, 255], [263, 256], [296, 334], [259, 340], [291, 406], [245, 417]]
data\cam2_pose\cam2_20241014_205358_0084.png [[297, 111], [302, 107], [290, 105], [274, 107], [308, 158], [252, 150], [319, 210], [234, 198], [340, 252], [220, 246], [304, 254], [265, 254], [297, 336], [260, 340], [291, 406], [245, 414]]
data\cam2_pose\cam2_20241014_205358_0085.png [[297, 111], [302, 106], [291, 105], [274, 107], [309, 158], [252, 150], [319, 210], [234, 199], [340, 252], [220, 246], [304, 255], [266, 255], [298, 335], [260, 341], [291, 406], [245, 413]]
data\cam2_pose\cam2_20241014_205358_0086.png [[297, 111], [302, 106], [291, 104], [274, 107], [309, 157], [252, 150], [319, 210], [234, 199], [340, 252], [220, 246], [304, 254], [266, 255], [298, 335], [260, 339], [291, 406], [246, 412]]
data\cam2_pose\cam2_20241014_205358_0087.png [[297, 111], [302, 106], [290, 104], [274, 107], [309, 157], [252, 150], [319, 209], [234, 199], [340, 252], [219, 246], [304, 254], [266, 254], [298, 335], [260, 339], [291, 406], [246, 412]]
data\cam2_pose\cam2_20241014_205358_0088.png [[296, 111], [302, 106], [290, 104], [274, 107], [308, 157], [252, 150], [319, 210], [234, 199], [339, 252], [219, 246], [304, 253], [266, 254], [298, 335], [260, 339], [291, 406], [246, 413]]
data\cam2_pose\cam2_20241014_205358_0089.png [[296, 111], [301, 106], [290, 104], [273, 107], [308, 157], [251, 150], [318, 210], [233, 199], [339, 251], [218, 247], [304, 254], [266, 255], [298, 335], [260, 339], [291, 406], [246, 413]]
data\cam2_pose\cam2_20241014_205358_0090.png [[292, 110], [297, 106], [286, 104], [269, 106], [303, 156], [247, 150], [314, 209], [229, 200], [336, 251], [215, 248], [301, 255], [263, 256], [295, 336], [260, 340], [291, 406], [247, 414]]
data\cam2_pose\cam2_20241014_205358_0091.png [[290, 110], [295, 105], [284, 104], [267, 106], [301, 156], [245, 150], [313, 209], [228, 200], [335, 251], [214, 248], [300, 255], [263, 256], [295, 334], [260, 339], [290, 406], [247, 414]]
data\cam2_pose\cam2_20241014_205358_0092.png [[289, 110], [294, 105], [282, 103], [266, 106], [299, 156], [244, 150], [311, 209], [227, 200], [334, 251], [212, 249], [299, 255], [262, 256], [294, 336], [259, 340], [290, 406], [246, 413]]
data\cam2_pose\cam2_20241014_205358_0093.png [[287, 109], [292, 105], [281, 103], [264, 106], [298, 156], [242, 149], [310, 209], [225, 199], [332, 250], [211, 248], [298, 255], [260, 256], [294, 335], [258, 339], [290, 406], [246, 413]]
data\cam2_pose\cam2_20241014_205358_0094.png [[286, 109], [290, 104], [279, 102], [262, 105], [297, 156], [240, 149], [308, 208], [223, 200], [331, 250], [210, 249], [296, 251], [259, 254], [294, 334], [257, 339], [290, 406], [245, 414]]
data\cam2_pose\cam2_20241014_205358_0095.png [[284, 108], [289, 104], [277, 102], [260, 105], [295, 155], [239, 149], [306, 208], [222, 199], [329, 251], [208, 249], [295, 249], [257, 252], [293, 333], [257, 339], [290, 406], [246, 414]]
data\cam2_pose\cam2_20241014_205358_0096.png [[277, 108], [282, 102], [271, 101], [253, 104], [288, 154], [232, 148], [300, 208], [216, 198], [322, 249], [203, 249], [290, 251], [252, 252], [292, 333], [251, 338], [290, 407], [245, 415]]
data\cam2_pose\cam2_20241014_205358_0097.png [[276, 107], [280, 102], [269, 101], [252, 104], [286, 155], [230, 148], [298, 208], [215, 198], [320, 249], [202, 250], [289, 252], [250, 254], [291, 333], [250, 339], [290, 407], [244, 415]]
data\cam2_pose\cam2_20241014_205358_0098.png [[274, 107], [279, 102], [268, 101], [250, 104], [285, 155], [229, 149], [296, 207], [214, 200], [319, 249], [201, 251], [287, 250], [248, 252], [291, 334], [249, 339], [290, 407], [244, 416]]
data\cam2_pose\cam2_20241014_205358_0099.png [[273, 107], [278, 102], [266, 101], [249, 104], [284, 154], [228, 148], [295, 207], [212, 200], [318, 249], [200, 251], [286, 251], [248, 255], [290, 334], [248, 339], [290, 407], [244, 416]]
