match keypoints image0 [[296, 81], [424, 87], [0.95579207], [290, 72], [416, 80], [0.9400637], [289, 133], [444, 130], [0.9165063], [245, 120], [383, 131], [0.9413908], [298, 196], [463, 183], [0.8249932], [238, 184], [367, 186], [0.95982516], [314, 240], [492, 230], [0.30457017], [222, 248], [344, 239], [0.9537456], [301, 244], [443, 232], [0.93342173], [268, 247], [401, 234], [0.9616384], [298, 342], [444, 322], [0.89224917], [266, 345], [403, 326], [0.91004074], [292, 429], [448, 400], [0.9529246], [266, 446], [407, 407], [0.9308064]]"
match keypoints image1 [[296, 81], [423, 86], [0.93865657], [290, 72], [416, 80], [0.92653656], [290, 133], [445, 129], [0.939171], [246, 119], [383, 131], [0.9611505], [298, 195], [464, 183], [0.7606694], [237, 183], [367, 185], [0.95233613], [315, 240], [492, 230], [0.8924901], [220, 248], [344, 238], [0.96468675], [301, 245], [443, 231], [0.96138984], [267, 249], [400, 233], [0.9606594], [298, 344], [444, 323], [0.8990094], [266, 346], [403, 326], [0.8835697], [292, 429], [448, 400], [0.95677453], [267, 447], [407, 407], [0.782277]]"
match keypoints image2 [[295, 80], [420, 86], [0.8999144], [289, 71], [412, 80], [0.8993625], [289, 132], [442, 129], [0.6758698], [245, 119], [381, 131], [0.9458298], [298, 195], [463, 183], [0.34149104], [236, 184], [364, 186], [0.94694865], [316, 240], [491, 229], [0.4248211], [218, 248], [341, 240], [0.9321601], [302, 246], [442, 233], [0.8906429], [266, 252], [398, 234], [0.92495733], [299, 344], [443, 323], [0.6033645], [266, 346], [402, 326], [0.77284366], [292, 429], [449, 401], [0.85364866], [267, 447], [407, 407], [0.7866095]]"
match keypoints image3 [[293, 80], [416, 86], [0.85665065], [288, 71], [409, 80], [0.69726884], [288, 132], [440, 129], [0.4250083], [244, 119], [378, 131], [0.9414575], [234, 185], [362, 186], [0.890535], [317, 240], [490, 228], [0.42501235], [217, 249], [340, 241], [0.93413186], [302, 247], [440, 233], [0.8011314], [266, 253], [396, 236], [0.8827551], [265, 348], [443, 324], [0.27182066], [292, 429], [449, 401], [0.7546811], [267, 447], [407, 408], [0.6596459]]"
match keypoints image4 [[292, 78], [412, 86], [0.96228606], [286, 68], [405, 79], [0.95193326], [289, 131], [439, 128], [0.9365586], [241, 117], [376, 131], [0.959457], [299, 190], [461, 180], [0.87377954], [232, 183], [361, 185], [0.9504086], [319, 238], [491, 226], [0.6940098], [215, 247], [339, 240], [0.9469134], [302, 245], [438, 230], [0.88689834], [263, 249], [394, 233], [0.9481291], [302, 341], [445, 320], [0.6810315], [264, 348], [399, 324], [0.8626244], [298, 427], [454, 399], [0.8011922], [267, 447], [406, 407], [0.52817273]]"
match keypoints image5 [[296, 78], [418, 85], [0.96022457], [301, 72], [432, 77], [0.7902105], [290, 69], [410, 79], [0.8965795], [298, 132], [449, 127], [0.9348328], [248, 119], [385, 131], [0.9575856], [309, 192], [471, 180], [0.9083798], [235, 184], [367, 186], [0.95313275], [215, 246], [343, 238], [0.95814025], [306, 243], [444, 232], [0.8803916], [266, 245], [400, 233], [0.9261631], [310, 340], [451, 323], [0.8260643], [267, 343], [402, 323], [0.90174854], [307, 431], [458, 401], [0.7375634], [268, 447], [406, 408], [0.72471356]]"
match keypoints image6 [[292, 68], [437, 75], [0.57690334], [270, 70], [402, 81], [0.9365528], [307, 130], [457, 125], [0.9460614], [252, 120], [391, 129], [0.9590145], [319, 189], [480, 177], [0.9250336], [238, 182], [372, 183], [0.9497162], [213, 245], [346, 237], [0.960244], [310, 241], [449, 229], [0.93486714], [269, 242], [403, 230], [0.9258721], [309, 341], [452, 320], [0.389429], [270, 345], [404, 320], [0.8434907], [306, 430], [458, 401], [0.8156957], [268, 443], [406, 405], [0.8552637]]"
match keypoints image7 [[298, 76], [433, 76], [0.6892496], [289, 67], [422, 75], [0.70664656], [268, 70], [398, 83], [0.9413287], [305, 131], [454, 125], [0.9579544], [250, 121], [387, 131], [0.9578815], [320, 191], [478, 179], [0.94135654], [234, 183], [368, 186], [0.9377446], [343, 237], [509, 226], [0.88222426], [207, 246], [343, 237], [0.9499313], [309, 241], [447, 231], [0.9485768], [268, 243], [401, 232], [0.9414418], [309, 342], [451, 321], [0.45968336], [269, 349], [403, 323], [0.87093383], [307, 429], [458, 402], [0.85631126], [268, 446], [406, 408], [0.880099]]"
match keypoints image8 [[287, 71], [406, 82], [0.497265], [278, 62], [397, 77], [0.36313385], [259, 67], [389, 82], [0.6733718], [302, 127], [447, 124], [0.9373937], [240, 119], [380, 131], [0.94405156], [320, 187], [471, 177], [0.9174595], [223, 184], [363, 186], [0.94873285], [198, 247], [340, 238], [0.8719702], [308, 241], [440, 233], [0.89033836], [262, 244], [395, 235], [0.87737966], [311, 339], [447, 319], [0.38297924], [316, 426], [460, 402], [0.4989378], [269, 449], [406, 408], [0.19975781]]"
match keypoints image9 [[283, 66], [432, 75], [0.96215045], [265, 71], [410, 82], [0.9434492], [312, 129], [458, 123], [0.96659607], [249, 122], [390, 131], [0.96408963], [332, 189], [482, 176], [0.9635503], [231, 184], [373, 185], [0.96597725], [359, 239], [514, 227], [0.96502006], [204, 246], [347, 237], [0.9664094], [314, 242], [445, 233], [0.9660963], [267, 244], [401, 234], [0.9654859], [316, 338], [452, 321], [0.9069029], [269, 345], [401, 322], [0.90976894], [319, 430], [460, 407], [0.8534891], [268, 448], [406, 405], [0.94103116]]"
match keypoints image10 [[290, 72], [409, 81], [0.748557], [297, 64], [415, 73], [0.57365346], [281, 64], [402, 76], [0.7734055], [316, 128], [460, 122], [0.9601863], [250, 123], [391, 131], [0.9573231], [337, 188], [482, 176], [0.9623356], [231, 185], [375, 185], [0.9571551], [363, 239], [513, 228], [0.9491048], [203, 246], [351, 237], [0.9622509], [314, 240], [445, 234], [0.9551062], [267, 241], [401, 236], [0.9603317], [316, 337], [451, 319], [0.9349262], [271, 340], [404, 323], [0.95393556], [319, 429], [461, 406], [0.79941165], [272, 444], [415, 405], [0.834619]]"
match keypoints image11 [[283, 69], [423, 74], [0.7042763], [272, 62], [406, 73], [0.86526537], [258, 70], [400, 81], [0.9215087], [312, 126], [452, 122], [0.96355885], [242, 123], [385, 132], [0.9596423], [336, 187], [476, 175], [0.9634194], [223, 186], [371, 187], [0.9632832], [365, 238], [508, 226], [0.92666954], [196, 246], [349, 237], [0.9637757], [308, 239], [438, 233], [0.96242553], [261, 240], [397, 235], [0.96225667], [313, 336], [446, 319], [0.7874786], [320, 427], [461, 406], [0.4471991]]"
match keypoints image12 [[285, 69], [424, 73], [0.63592756], [275, 62], [406, 72], [0.89606476], [261, 69], [400, 81], [0.45963976], [316, 125], [452, 121], [0.96331257], [245, 122], [385, 131], [0.95487213], [342, 186], [477, 174], [0.9629374], [227, 183], [372, 186], [0.9637798], [374, 236], [509, 224], [0.9428947], [199, 246], [351, 237], [0.96438205], [312, 239], [439, 236], [0.92340475], [263, 240], [398, 236], [0.9564976], [321, 337], [448, 320], [0.8637759], [268, 340], [403, 323], [0.9393607], [329, 431], [462, 409], [0.9234457], [271, 445], [414, 405], [0.95859796]]"
match keypoints image13 [[289, 70], [405, 81], [0.24544236], [296, 62], [430, 72], [0.65870136], [279, 63], [412, 72], [0.82152885], [266, 70], [398, 76], [0.95372146], [323, 126], [460, 119], [0.96467453], [252, 123], [394, 131], [0.9518838], [348, 186], [483, 173], [0.96721476], [233, 182], [379, 187], [0.96731627], [378, 237], [513, 227], [0.9483952], [203, 245], [356, 236], [0.96619606], [319, 239], [446, 237], [0.9496134], [270, 241], [403, 239], [0.9565784], [324, 339], [453, 325], [0.9342785], [272, 342], [405, 327], [0.9442729], [329, 431], [462, 411], [0.9492016], [272, 445], [415, 405], [0.96001005]]"
match keypoints image14 [[289, 69], [404, 81], [0.29589516], [279, 62], [410, 72], [0.57923764], [306, 66], [430, 71], [0.7320888], [268, 70], [398, 76], [0.9581133], [327, 123], [460, 117], [0.96316236], [254, 123], [395, 130], [0.9380002], [351, 184], [482, 172], [0.9623138], [234, 182], [380, 187], [0.9623314], [382, 237], [511, 226], [0.92992944], [203, 244], [358, 236], [0.9474327], [321, 239], [446, 237], [0.95288485], [271, 240], [404, 239], [0.9226702], [324, 340], [451, 326], [0.9320158], [275, 342], [408, 326], [0.9066065], [329, 432], [462, 411], [0.81327206], [277, 442], [420, 406], [0.80449754]]"
match keypoints image15 [[277, 70], [395, 83], [0.6719951], [268, 63], [401, 74], [0.6499626], [296, 66], [420, 74], [0.3825817], [257, 71], [389, 78], [0.91750854], [319, 123], [451, 119], [0.94822425], [245, 125], [389, 133], [0.9498661], [346, 183], [474, 174], [0.95917016], [224, 189], [376, 191], [0.9157966], [378, 236], [503, 226], [0.9049639], [196, 248], [357, 237], [0.91562855], [314, 237], [437, 236], [0.8703748], [264, 239], [399, 237], [0.89892477], [270, 342], [405, 324], [0.8829401], [329, 432], [461, 409], [0.5251982], [276, 444], [419, 406], [0.3467695]]"
match keypoints image16 [[275, 68], [394, 82], [0.7350593], [283, 60], [400, 74], [0.4905197], [295, 65], [420, 73], [0.68718076], [257, 69], [389, 78], [0.9555073], [319, 122], [451, 118], [0.9595629], [244, 124], [389, 132], [0.95394874], [347, 181], [472, 171], [0.9572288], [225, 189], [378, 189], [0.92148876], [381, 235], [501, 225], [0.89231277], [197, 246], [360, 236], [0.9510891], [311, 234], [437, 237], [0.88216895], [262, 237], [400, 239], [0.89811325], [323, 338], [446, 327], [0.8106151], [268, 343], [406, 326], [0.79522204], [338, 434], [462, 412], [0.8150245], [276, 444], [419, 407], [0.50272083]]"
match keypoints image17 [[285, 69], [397, 82], [0.9066242], [293, 61], [403, 73], [0.77177495], [306, 65], [424, 72], [0.67057014], [268, 69], [392, 78], [0.9371076], [331, 122], [454, 117], [0.9581737], [256, 125], [394, 131], [0.88527966], [356, 182], [475, 173], [0.9566281], [235, 188], [382, 188], [0.8842907], [389, 239], [503, 228], [0.8574613], [205, 244], [363, 235], [0.87239397], [321, 239], [439, 238], [0.79174703], [271, 240], [403, 238], [0.7672983], [328, 345], [447, 328], [0.696039], [272, 345], [407, 326], [0.7523438], [339, 437], [463, 413], [0.77099365], [277, 443], [419, 407], [0.68997633]]"
match keypoints image18 [[284, 69], [398, 82], [0.9386232], [292, 60], [404, 73], [0.50479525], [308, 63], [426, 70], [0.94390434], [269, 68], [394, 78], [0.9094456], [334, 120], [457, 113], [0.9683189], [259, 125], [401, 129], [0.95162827], [360, 180], [474, 170], [0.96207637], [239, 187], [389, 188], [0.96046245], [392, 238], [499, 228], [0.96668226], [208, 244], [370, 234], [0.90202725], [323, 244], [442, 242], [0.9573098], [273, 244], [406, 240], [0.8997374], [328, 345], [447, 326], [0.7541086], [276, 346], [413, 324], [0.75082624], [339, 436], [463, 416], [0.9073041], [288, 441], [426, 407], [0.90942997]]"
match keypoints image19 [[274, 69], [391, 84], [0.9547344], [281, 61], [396, 75], [0.95368034], [298, 64], [418, 72], [0.9529051], [326, 121], [448, 115], [0.9609512], [250, 126], [396, 131], [0.8858913], [352, 180], [464, 173], [0.9592239], [233, 189], [387, 189], [0.8652738], [385, 237], [486, 227], [0.87867016], [206, 246], [371, 235], [0.87294847], [315, 242], [434, 243], [0.92739975], [267, 242], [402, 243], [0.86467636], [324, 345], [441, 324], [0.69955087], [275, 350], [409, 323], [0.631392], [339, 435], [463, 414], [0.68751186], [287, 441], [426, 407], [0.629874]]"
match keypoints image20 [[355, 53], [288, 108], [0.92857325], [364, 44], [295, 102], [0.93259686], [350, 47], [281, 102], [0.9025827], [383, 49], [300, 107], [0.35701916], [403, 102], [314, 153], [0.95183676], [344, 113], [252, 153], [0.8710526], [419, 171], [327, 204], [0.89388424], [338, 178], [239, 205], [0.9279819], [424, 236], [339, 254], [0.6112567], [388, 239], [305, 255], [0.35795566], [346, 237], [262, 255], [0.48286748], [403, 341], [312, 339], [0.67992], [359, 331], [263, 338], [0.6816072], [417, 425], [320, 413], [0.92570657], [367, 410], [260, 411], [0.9432859]]"
match keypoints image21 [[355, 53], [288, 108], [0.94848996], [365, 44], [295, 102], [0.940589], [350, 47], [281, 102], [0.9481182], [383, 49], [300, 107], [0.2993571], [403, 102], [313, 153], [0.9337516], [344, 113], [252, 153], [0.6040508], [419, 171], [327, 204], [0.86274064], [338, 177], [239, 206], [0.7360705], [424, 236], [339, 253], [0.4752868], [319, 231], [224, 252], [0.3969377], [388, 239], [305, 254], [0.43882415], [347, 236], [262, 254], [0.2504946], [403, 340], [311, 338], [0.610976], [359, 331], [263, 338], [0.52490056], [417, 425], [320, 413], [0.8451713], [367, 410], [259, 410], [0.7665776]]"
match keypoints image22 [[355, 53], [289, 108], [0.90647984], [350, 47], [282, 102], [0.89729655], [383, 49], [300, 108], [0.49656197], [402, 102], [313, 153], [0.95493406], [343, 113], [251, 153], [0.83223456], [419, 170], [327, 204], [0.9488489], [337, 178], [239, 206], [0.84378606], [424, 236], [339, 253], [0.7625684], [319, 231], [223, 252], [0.83290094], [346, 234], [262, 255], [0.5680213], [402, 339], [311, 339], [0.65853274], [359, 331], [263, 338], [0.46563542], [417, 425], [320, 413], [0.9475022], [367, 410], [259, 410], [0.9241801]]"
match keypoints image23 [[356, 53], [289, 108], [0.9500857], [350, 47], [282, 102], [0.96048397], [383, 49], [300, 108], [0.5563886], [402, 102], [313, 153], [0.9622773], [343, 113], [251, 153], [0.9273876], [419, 171], [327, 204], [0.9599574], [337, 178], [238, 206], [0.9232991], [423, 236], [339, 253], [0.85250604], [346, 235], [305, 254], [0.8595421], [402, 340], [311, 338], [0.78555375], [359, 331], [263, 338], [0.7078387], [417, 425], [320, 413], [0.94483584], [367, 410], [259, 410], [0.94178885]]"
match keypoints image24 [[356, 53], [289, 108], [0.96156776], [365, 44], [296, 103], [0.8098152], [350, 47], [283, 102], [0.963009], [383, 49], [301, 108], [0.6888233], [402, 102], [313, 153], [0.96331644], [343, 113], [251, 153], [0.9500275], [419, 171], [327, 204], [0.958133], [337, 178], [238, 206], [0.9324172], [346, 235], [304, 254], [0.60140496], [402, 339], [311, 338], [0.85464305], [358, 331], [263, 338], [0.81788963], [417, 425], [320, 414], [0.9468002], [367, 410], [259, 411], [0.94932514]]"
match keypoints image25 [[356, 53], [289, 108], [0.9526791], [365, 45], [301, 108], [0.48162276], [350, 47], [282, 102], [0.9603063], [401, 102], [313, 153], [0.96122026], [343, 113], [251, 153], [0.9432805], [418, 170], [327, 204], [0.96250814], [318, 232], [222, 252], [0.6002046], [346, 234], [262, 255], [0.8688437], [401, 339], [311, 339], [0.89291227], [358, 330], [263, 338], [0.800156], [417, 426], [320, 414], [0.9533576], [367, 410], [259, 411], [0.9431029]]"
match keypoints image26 [[356, 53], [289, 108], [0.9608912], [365, 45], [296, 103], [0.8877277], [350, 47], [282, 102], [0.962317], [383, 49], [301, 108], [0.8848992], [401, 102], [313, 153], [0.963124], [343, 113], [251, 153], [0.9407947], [418, 170], [327, 204], [0.96088254], [336, 178], [238, 206], [0.952561], [346, 235], [304, 255], [0.55541307], [401, 339], [311, 339], [0.82325894], [358, 330], [263, 338], [0.7605515], [416, 425], [320, 413], [0.9436886], [367, 410], [259, 411], [0.9463368]]"
match keypoints image27 [[356, 53], [289, 108], [0.9550381], [350, 47], [283, 102], [0.95897835], [383, 49], [301, 108], [0.5929103], [402, 102], [313, 153], [0.9627248], [343, 113], [251, 153], [0.93870556], [418, 170], [327, 204], [0.9636425], [336, 177], [238, 206], [0.9589491], [318, 231], [222, 252], [0.6214762], [387, 239], [304, 254], [0.78855014], [346, 236], [262, 254], [0.8624451], [401, 339], [311, 339], [0.9291125], [358, 330], [263, 338], [0.833445], [416, 425], [320, 414], [0.95749813], [367, 410], [259, 410], [0.9574395]]"
match keypoints image28 [[356, 53], [289, 108], [0.9569995], [365, 44], [296, 103], [0.8191946], [350, 47], [283, 102], [0.9569753], [383, 49], [301, 108], [0.65308994], [401, 102], [313, 153], [0.9631716], [343, 113], [251, 153], [0.9605135], [418, 170], [327, 204], [0.9608619], [336, 177], [238, 206], [0.95805275], [387, 237], [305, 254], [0.9557267], [346, 234], [262, 254], [0.95467544], [401, 339], [311, 338], [0.6146531], [358, 330], [263, 338], [0.7998507], [417, 426], [320, 413], [0.94754374], [367, 410], [259, 411], [0.9552435]]"
match keypoints image29 [[356, 53], [289, 108], [0.9607908], [365, 44], [296, 103], [0.93336624], [350, 47], [283, 102], [0.96207774], [383, 49], [302, 108], [0.8862591], [401, 102], [313, 153], [0.9635413], [343, 113], [252, 153], [0.91676676], [418, 170], [327, 203], [0.9629592], [336, 177], [238, 206], [0.9511925], [346, 234], [262, 255], [0.61606216], [401, 339], [311, 338], [0.8183029], [358, 330], [263, 338], [0.7702529], [417, 426], [320, 414], [0.9583621], [367, 410], [259, 411], [0.95107454]]"
match keypoints image30 [[356, 53], [290, 108], [0.8258837], [350, 47], [284, 102], [0.90452194], [383, 49], [302, 107], [0.9408907], [401, 102], [315, 152], [0.96318585], [343, 113], [253, 153], [0.9501653], [418, 170], [328, 204], [0.9624049], [336, 177], [239, 205], [0.96113497], [318, 231], [223, 252], [0.3977219], [346, 235], [263, 255], [0.95121425], [401, 339], [312, 340], [0.9280281], [358, 330], [263, 338], [0.92243505], [417, 426], [320, 414], [0.9566235], [367, 410], [259, 411], [0.9521276]]"
match keypoints image31 [[357, 52], [291, 108], [0.88582605], [350, 46], [285, 102], [0.75037456], [384, 48], [303, 107], [0.85788256], [402, 101], [315, 153], [0.9508798], [343, 113], [253, 153], [0.9248149], [419, 170], [329, 204], [0.9221213], [336, 177], [240, 205], [0.93631303], [422, 235], [341, 252], [0.6064898], [318, 231], [224, 252], [0.29581827], [347, 236], [263, 255], [0.35928097], [401, 339], [312, 339], [0.79918844], [358, 330], [263, 338], [0.6039533], [417, 426], [320, 413], [0.92606944], [367, 410], [259, 411], [0.9149036]]"
match keypoints image32 [[359, 52], [292, 108], [0.95090723], [352, 45], [286, 102], [0.95172465], [385, 48], [304, 107], [0.56128377], [404, 101], [316, 153], [0.9603676], [344, 112], [254, 153], [0.9456728], [421, 170], [330, 205], [0.9597208], [337, 177], [240, 205], [0.9594719], [424, 235], [342, 252], [0.30001888], [319, 231], [224, 252], [0.6590068], [347, 237], [264, 255], [0.1711833], [402, 339], [263, 339], [0.9313858], [417, 426], [320, 414], [0.9443147], [367, 410], [260, 411], [0.928245]]"
match keypoints image33 [[359, 51], [292, 108], [0.9312247], [353, 45], [286, 102], [0.6828983], [386, 48], [305, 108], [0.65318584], [404, 101], [316, 153], [0.93754166], [345, 112], [254, 153], [0.808841], [421, 170], [331, 204], [0.9365501], [338, 176], [241, 205], [0.86606896], [390, 239], [308, 256], [0.300721], [347, 236], [264, 255], [0.062150415], [403, 339], [313, 341], [0.6541245], [358, 331], [263, 340], [0.6972891], [417, 425], [320, 414], [0.80244935], [367, 410], [260, 411], [0.8024111]]"
match keypoints image34 [[360, 51], [293, 108], [0.9336184], [353, 45], [287, 102], [0.90405905], [387, 48], [305, 108], [0.60080636], [405, 101], [316, 153], [0.9581245], [345, 112], [255, 153], [0.9509147], [422, 170], [331, 205], [0.949514], [338, 176], [242, 205], [0.9502002], [426, 235], [343, 254], [0.7432705], [320, 231], [226, 251], [0.81638855], [391, 238], [308, 255], [0.94794965], [348, 235], [265, 255], [0.95501876], [403, 340], [313, 339], [0.6960103], [358, 331], [264, 339], [0.77294165], [417, 425], [320, 414], [0.77723324], [367, 410], [260, 411], [0.87982315]]"
match keypoints image35 [[362, 50], [294, 108], [0.9419463], [356, 44], [288, 102], [0.91390425], [389, 47], [305, 108], [0.7880303], [407, 100], [317, 153], [0.9480314], [346, 111], [256, 153], [0.89603484], [425, 168], [331, 204], [0.8404219], [340, 177], [242, 205], [0.91807306], [430, 236], [344, 254], [0.6639844], [322, 231], [308, 255], [0.40445134], [405, 342], [313, 339], [0.7377482], [356, 331], [264, 340], [0.66506386], [417, 425], [321, 414], [0.80383474], [366, 410], [260, 411], [0.76100296]]"
match keypoints image36 [[363, 50], [295, 108], [0.955564], [356, 43], [289, 102], [0.94461733], [390, 47], [306, 108], [0.7620492], [408, 99], [318, 153], [0.9475397], [346, 111], [256, 152], [0.8371101], [425, 168], [332, 204], [0.8135306], [340, 177], [243, 205], [0.8764021], [431, 235], [309, 254], [0.36390626], [322, 231], [228, 252], [0.47356611], [405, 342], [264, 339], [0.4670323], [417, 425], [321, 413], [0.8546209], [366, 409], [260, 410], [0.9056738]]"
match keypoints image37 [[363, 49], [296, 107], [0.95221585], [356, 42], [276, 105], [0.6529472], [389, 47], [308, 107], [0.6070295], [409, 99], [319, 152], [0.9097008], [346, 111], [257, 152], [0.8441601], [425, 168], [333, 203], [0.46657556], [339, 176], [243, 205], [0.8993147], [431, 234], [346, 252], [0.54344565], [321, 230], [228, 251], [0.40463945], [347, 239], [266, 256], [0.49761105], [406, 343], [315, 336], [0.88777], [353, 331], [262, 335], [0.8552742], [417, 426], [321, 414], [0.7705569], [365, 409], [258, 410], [0.81681937]]"
match keypoints image38 [[362, 49], [296, 107], [0.94894046], [355, 42], [289, 101], [0.9257158], [389, 46], [307, 107], [0.55143595], [408, 99], [319, 152], [0.90587837], [345, 111], [257, 152], [0.9013125], [425, 168], [333, 203], [0.27209675], [338, 177], [242, 205], [0.94208395], [432, 233], [311, 255], [0.77790284], [319, 231], [227, 251], [0.55199283], [347, 239], [266, 255], [0.46148208], [405, 341], [315, 336], [0.8741287], [353, 329], [262, 335], [0.80821425], [417, 426], [321, 414], [0.88838506], [362, 408], [257, 409], [0.8791289]]"
match keypoints image39 [[361, 50], [295, 107], [0.95410705], [371, 41], [301, 101], [0.79032785], [355, 43], [289, 101], [0.9417792], [388, 47], [306, 107], [0.5158705], [406, 99], [317, 152], [0.9480319], [344, 111], [256, 152], [0.9000414], [425, 168], [332, 203], [0.92325974], [336, 177], [241, 205], [0.6598339], [432, 233], [226, 251], [0.6722115], [346, 236], [266, 255], [0.6436379], [404, 339], [314, 336], [0.5951229], [417, 426], [321, 414], [0.6906055], [362, 408], [256, 410], [0.6966944]]"
match keypoints image40 [[361, 50], [294, 107], [0.9535676], [371, 41], [301, 102], [0.72881824], [355, 43], [287, 101], [0.94716656], [388, 47], [305, 107], [0.512807], [406, 99], [316, 152], [0.94242007], [344, 111], [254, 152], [0.8855241], [425, 168], [331, 203], [0.882624], [336, 177], [240, 205], [0.6519748], [432, 233], [225, 252], [0.59304965], [391, 241], [265, 255], [0.58927673], [404, 339], [260, 336], [0.5173159], [417, 426], [321, 414], [0.63729024], [362, 408], [256, 410], [0.67872715]]"
match keypoints image41 [[360, 50], [292, 107], [0.91135544], [354, 43], [286, 101], [0.6258309], [386, 47], [304, 108], [0.6648256], [405, 101], [315, 152], [0.9380695], [343, 111], [253, 152], [0.8744629], [424, 169], [330, 203], [0.7556665], [334, 178], [238, 206], [0.9024702], [431, 233], [345, 252], [0.3854009], [315, 231], [223, 252], [0.75399065], [345, 236], [263, 255], [0.42296535], [403, 340], [313, 336], [0.7954351], [352, 330], [260, 336], [0.86636263], [417, 426], [321, 414], [0.89970046], [362, 409], [257, 410], [0.8972439]]"
match keypoints image42 [[359, 51], [291, 107], [0.6992633], [352, 44], [271, 105], [0.48091206], [385, 48], [302, 107], [0.67046547], [403, 101], [313, 153], [0.9119995], [341, 112], [251, 152], [0.27240792], [422, 170], [329, 203], [0.6104964], [332, 177], [236, 206], [0.6791801], [431, 232], [221, 251], [0.77581805], [388, 239], [307, 257], [0.6961572], [402, 340], [313, 338], [0.5137953], [351, 331], [259, 338], [0.6483723], [416, 426], [320, 414], [0.8976954], [363, 409], [257, 410], [0.9075743]]"
match keypoints image43 [[352, 53], [289, 108], [0.9482457], [346, 46], [283, 101], [0.94451827], [378, 50], [300, 107], [0.5600322], [396, 103], [311, 153], [0.9172382], [334, 113], [249, 152], [0.9381565], [415, 167], [327, 203], [0.8257793], [326, 177], [235, 205], [0.9516682], [428, 230], [343, 252], [0.6623039], [306, 230], [220, 251], [0.88844395], [340, 235], [260, 255], [0.9093827], [397, 339], [311, 337], [0.54984844], [350, 330], [259, 338], [0.7298405], [416, 425], [320, 414], [0.7132038], [363, 409], [257, 410], [0.7474823]]"
match keypoints image44 [[351, 53], [287, 107], [0.9539317], [345, 46], [281, 101], [0.9584937], [377, 50], [299, 107], [0.64317495], [394, 104], [310, 152], [0.9619298], [332, 113], [247, 152], [0.94676423], [414, 167], [325, 204], [0.96175027], [324, 177], [233, 205], [0.96170807], [428, 230], [342, 252], [0.9271716], [304, 230], [218, 251], [0.8045766], [382, 235], [260, 256], [0.64328504], [395, 335], [310, 337], [0.47982907], [415, 423], [320, 414], [0.9238111], [363, 409], [257, 410], [0.9328277]]"
match keypoints image45 [[350, 53], [282, 107], [0.944362], [359, 45], [289, 101], [0.91371757], [344, 46], [275, 100], [0.9503031], [376, 50], [293, 107], [0.87360346], [393, 104], [304, 152], [0.96205664], [331, 112], [242, 150], [0.9615411], [413, 166], [320, 203], [0.9445318], [323, 176], [226, 203], [0.9620842], [428, 230], [340, 252], [0.83390474], [302, 230], [211, 249], [0.77977103], [338, 233], [254, 255], [0.6012381], [394, 333], [307, 336], [0.89127946], [350, 328], [256, 338], [0.8600816], [414, 422], [317, 413], [0.95813274], [363, 409], [256, 411], [0.9570572]]"
match keypoints image46 [[350, 53], [281, 106], [0.91331196], [343, 46], [261, 104], [0.5162969], [375, 50], [293, 107], [0.90083706], [393, 103], [303, 152], [0.95399106], [331, 112], [241, 150], [0.95405287], [412, 165], [320, 202], [0.8274323], [322, 176], [225, 202], [0.95955443], [428, 228], [340, 252], [0.28825346], [302, 230], [211, 249], [0.37030873], [338, 231], [253, 255], [0.45029706], [392, 331], [306, 336], [0.7749325], [349, 328], [256, 338], [0.71281874], [413, 421], [315, 412], [0.93915105], [363, 409], [256, 411], [0.9515538]]"
match keypoints image47 [[359, 44], [275, 100], [0.74171484], [343, 45], [261, 104], [0.83707076], [375, 50], [292, 107], [0.6849564], [393, 103], [303, 152], [0.9589349], [330, 111], [241, 150], [0.13421212], [412, 164], [319, 202], [0.95582145], [322, 175], [225, 201], [0.95433253], [429, 228], [340, 252], [0.9507198], [381, 232], [297, 253], [0.95201564], [338, 230], [253, 254], [0.9526764], [392, 330], [305, 335], [0.7146078], [349, 327], [256, 338], [0.4242927], [362, 409], [314, 412], [0.54109985]]"
match keypoints image48 [[360, 43], [276, 100], [0.116798446], [375, 50], [283, 106], [0.9120256], [393, 103], [304, 152], [0.95205736], [413, 163], [320, 203], [0.95149964], [321, 174], [225, 201], [0.95476854], [430, 228], [340, 251], [0.92227477], [381, 230], [297, 251], [0.9481271], [338, 229], [253, 252], [0.95105505], [392, 330], [305, 335], [0.8249241], [348, 327], [256, 336], [0.8061956], [411, 419], [312, 411], [0.7575132], [362, 408], [256, 411], [0.93371195]]"
match keypoints image49 [[361, 43], [277, 100], [0.6303767], [376, 49], [283, 106], [0.95743483], [394, 103], [304, 152], [0.9636746], [331, 111], [242, 149], [0.96404004], [414, 163], [320, 202], [0.9629771], [322, 174], [226, 201], [0.9642048], [431, 227], [341, 251], [0.9601772], [302, 228], [211, 249], [0.8065575], [382, 230], [298, 250], [0.9626238], [338, 229], [253, 251], [0.96371204], [392, 327], [304, 333], [0.9274168], [349, 327], [256, 335], [0.8358555], [410, 419], [310, 411], [0.8955538], [362, 409], [256, 411], [0.9070666]]"
match keypoints image50 [[358, 51], [289, 107], [0.9611501], [351, 45], [283, 101], [0.95693237], [344, 51], [268, 105], [0.93406594], [401, 103], [310, 153], [0.9604979], [422, 167], [326, 204], [0.9605506], [325, 176], [230, 203], [0.9604615], [440, 228], [346, 251], [0.8745742], [305, 229], [215, 249], [0.86092645], [343, 231], [259, 254], [0.53474534], [394, 328], [306, 335], [0.87426], [351, 327], [259, 336], [0.8787182], [409, 419], [309, 412], [0.8625592], [362, 409], [256, 411], [0.9485781]]"
match keypoints image51 [[360, 51], [291, 107], [0.6435544], [369, 42], [285, 101], [0.3354358], [353, 44], [270, 104], [0.90944123], [404, 103], [312, 153], [0.9573747], [338, 111], [250, 150], [0.9423378], [425, 166], [328, 204], [0.9573714], [326, 176], [232, 203], [0.9584371], [442, 228], [348, 251], [0.8714265], [307, 229], [216, 249], [0.28690878], [391, 233], [304, 254], [0.84383696], [345, 230], [260, 254], [0.1988396], [396, 327], [307, 336], [0.57325256], [351, 326], [260, 338], [0.4871392], [409, 418], [309, 413], [0.29217702], [362, 408], [256, 411], [0.8618556]]"
match keypoints image52 [[362, 50], [293, 107], [0.94779193], [355, 44], [286, 101], [0.8248604], [407, 103], [314, 153], [0.9585525], [339, 111], [251, 149], [0.9309372], [427, 167], [329, 205], [0.9578244], [328, 176], [234, 203], [0.9580775], [444, 228], [349, 251], [0.92623127], [308, 228], [217, 249], [0.89483714], [346, 232], [262, 253], [0.65556496], [398, 330], [308, 336], [0.6349298], [352, 326], [261, 336], [0.73856705], [410, 418], [309, 413], [0.5247674], [362, 408], [256, 411], [0.93787426]]"
match keypoints image53 [[364, 49], [295, 107], [0.9566915], [357, 43], [288, 101], [0.9299518], [409, 102], [315, 153], [0.9594863], [340, 110], [253, 149], [0.95906407], [428, 165], [330, 205], [0.95508796], [330, 175], [235, 202], [0.96052927], [446, 228], [350, 252], [0.90340817], [347, 231], [264, 254], [0.81942004], [399, 330], [309, 336], [0.8344475], [353, 327], [262, 336], [0.8308648], [410, 419], [310, 413], [0.57976764], [362, 408], [256, 411], [0.93585837]]"
match keypoints image54 [[367, 48], [297, 107], [0.9404078], [376, 41], [290, 100], [0.14853609], [359, 42], [275, 104], [0.95051783], [411, 102], [317, 153], [0.95482224], [430, 165], [331, 205], [0.9518815], [332, 173], [237, 200], [0.83813417], [448, 228], [218, 248], [0.48862684], [348, 232], [265, 253], [0.6819621], [353, 327], [310, 336], [0.32879427], [411, 419], [310, 413], [0.33265093], [362, 408], [256, 410], [0.8321927]]"
match keypoints image55 [[368, 48], [298, 106], [0.9539888], [361, 41], [292, 100], [0.9394809], [354, 48], [277, 104], [0.88943285], [412, 102], [318, 153], [0.9564577], [343, 109], [256, 149], [0.95405924], [432, 165], [332, 206], [0.95481044], [333, 172], [238, 199], [0.95643556], [450, 229], [352, 252], [0.06527944], [350, 232], [266, 253], [0.59238476], [402, 332], [311, 336], [0.34748474], [353, 325], [263, 336], [0.5820551], [412, 419], [310, 413], [0.5506634], [361, 408], [256, 410], [0.9184715]]"
match keypoints image56 [[370, 47], [299, 106], [0.94390553], [363, 40], [293, 100], [0.9237372], [414, 101], [319, 153], [0.95608836], [343, 109], [257, 148], [0.948416], [433, 166], [332, 204], [0.95099455], [334, 171], [239, 199], [0.93639964], [451, 228], [352, 252], [0.5189082], [311, 226], [266, 252], [0.3735539], [399, 233], [310, 253], [0.87946177], [403, 330], [312, 336], [0.6399643], [353, 324], [263, 336], [0.7336158], [412, 419], [311, 413], [0.67068255], [361, 408], [255, 410], [0.9093046]]"
match keypoints image57 [[373, 45], [302, 105], [0.959667], [366, 38], [296, 99], [0.95207506], [418, 99], [321, 152], [0.95939595], [344, 107], [258, 147], [0.9520937], [435, 163], [333, 204], [0.9590227], [334, 169], [239, 198], [0.956717], [454, 226], [353, 251], [0.60389084], [310, 225], [218, 247], [0.6844199], [352, 226], [268, 252], [0.67289203], [406, 326], [313, 337], [0.7824156], [351, 321], [261, 338], [0.7928305], [412, 418], [310, 413], [0.7418195], [352, 407], [248, 412], [0.9326271]]"
match keypoints image58 [[373, 45], [302, 105], [0.9204467], [366, 38], [295, 99], [0.90609026], [358, 46], [280, 102], [0.55354655], [417, 99], [320, 153], [0.9559172], [344, 107], [258, 147], [0.9470708], [434, 164], [332, 205], [0.9535451], [334, 169], [239, 197], [0.95053506], [309, 225], [218, 247], [0.70469975], [402, 228], [310, 255], [0.60706973], [352, 225], [268, 253], [0.61945355], [350, 321], [313, 337], [0.54477423], [349, 407], [311, 413], [0.7962885]]"
match keypoints image59 [[373, 45], [301, 106], [0.9520728], [382, 37], [307, 101], [0.7795431], [365, 39], [295, 99], [0.7375771], [358, 47], [280, 102], [0.20918323], [416, 100], [320, 153], [0.9478134], [343, 107], [257, 147], [0.909134], [434, 164], [331, 205], [0.9436598], [332, 168], [238, 198], [0.9517049], [454, 226], [352, 252], [0.64576215], [352, 226], [267, 252], [0.74879664], [407, 326], [312, 337], [0.388309], [349, 322], [259, 338], [0.58777773], [347, 407], [310, 413], [0.5758058]]"
match keypoints image60 [[372, 46], [300, 106], [0.95627034], [365, 39], [294, 99], [0.94714314], [357, 48], [278, 102], [0.5794722], [415, 100], [318, 153], [0.93733376], [343, 107], [256, 147], [0.93223894], [433, 164], [330, 205], [0.9382098], [331, 168], [237, 198], [0.9426191], [453, 226], [351, 251], [0.123401515], [351, 227], [267, 253], [0.50521547], [407, 327], [312, 337], [0.2909124], [348, 323], [258, 339], [0.20790918], [346, 408], [310, 413], [0.5817479]]"
match keypoints image61 [[365, 50], [293, 108], [0.95953363], [358, 43], [287, 101], [0.9557194], [350, 50], [272, 104], [0.6574962], [409, 104], [311, 154], [0.95785546], [427, 168], [325, 207], [0.9585358], [324, 171], [230, 200], [0.9591025], [450, 228], [346, 252], [0.64378387], [299, 229], [210, 249], [0.39831764], [346, 231], [262, 255], [0.79003567], [406, 327], [309, 338], [0.62248796], [346, 326], [256, 341], [0.7867742], [345, 411], [245, 417], [0.9563366]]"
match keypoints image62 [[363, 50], [291, 107], [0.95939064], [372, 42], [297, 102], [0.9207004], [356, 44], [285, 101], [0.95659363], [406, 105], [309, 154], [0.96045285], [425, 168], [323, 207], [0.959978], [322, 171], [229, 199], [0.95981205], [450, 230], [345, 252], [0.7898769], [296, 229], [207, 250], [0.40141663], [395, 232], [303, 258], [0.88015366], [344, 231], [260, 258], [0.8106352], [404, 329], [308, 338], [0.55398804], [345, 326], [254, 341], [0.69483], [345, 411], [245, 417], [0.9340237]]"
match keypoints image63 [[360, 51], [289, 107], [0.9578491], [370, 43], [295, 102], [0.4477776], [353, 45], [282, 101], [0.94904524], [345, 51], [267, 104], [0.4899283], [403, 105], [307, 154], [0.96079546], [422, 168], [321, 207], [0.9592157], [319, 172], [227, 198], [0.9542413], [448, 230], [205, 249], [0.69849956], [393, 234], [301, 259], [0.77790076], [343, 232], [258, 257], [0.5762747], [403, 329], [307, 338], [0.76424813], [344, 327], [253, 342], [0.8153145], [412, 418], [310, 413], [0.80942166], [345, 411], [245, 417], [0.9076487]]"
match keypoints image64 [[358, 51], [286, 107], [0.93908906], [350, 45], [264, 104], [0.571885], [381, 50], [292, 102], [0.50210774], [400, 105], [305, 154], [0.9570579], [330, 111], [243, 149], [0.9526914], [421, 169], [319, 207], [0.95323026], [317, 171], [224, 200], [0.95501465], [446, 229], [341, 251], [0.8102581], [291, 230], [203, 249], [0.6698591], [391, 236], [299, 258], [0.90614796], [340, 233], [256, 256], [0.7246699], [400, 327], [306, 337], [0.87889206], [344, 326], [252, 339], [0.8258845], [345, 411], [244, 417], [0.9442918]]"
match keypoints image65 [[355, 52], [284, 107], [0.9576244], [364, 45], [290, 102], [0.74485505], [348, 46], [277, 101], [0.95044893], [340, 53], [262, 104], [0.52806926], [398, 105], [302, 154], [0.9589145], [419, 169], [318, 207], [0.9519963], [315, 173], [222, 200], [0.9570538], [445, 228], [341, 252], [0.46397668], [388, 234], [296, 256], [0.8186589], [337, 233], [253, 255], [0.68879795], [398, 326], [305, 339], [0.5414028], [343, 326], [251, 342], [0.6947415], [345, 411], [309, 413], [0.6906697]]"
match keypoints image66 [[352, 53], [281, 107], [0.9522558], [361, 45], [287, 102], [0.48184443], [346, 47], [274, 101], [0.93649274], [338, 53], [259, 104], [0.50690126], [395, 106], [300, 154], [0.9596709], [325, 113], [238, 149], [0.9538064], [416, 169], [316, 207], [0.95128393], [313, 173], [220, 200], [0.94938695], [443, 228], [339, 251], [0.63674295], [386, 234], [251, 257], [0.41142198], [335, 233], [198, 251], [0.44471368], [395, 326], [303, 338], [0.25942713], [344, 411], [309, 413], [0.7810049]]"
match keypoints image67 [[349, 54], [278, 107], [0.9540368], [343, 47], [272, 101], [0.93392324], [392, 107], [298, 154], [0.95532274], [322, 114], [236, 149], [0.9567668], [414, 170], [314, 206], [0.9450452], [310, 174], [217, 200], [0.95293194], [442, 228], [337, 251], [0.71135306], [334, 232], [249, 256], [0.7980605], [393, 326], [301, 338], [0.7022587], [409, 418], [308, 412], [0.86909336], [344, 411], [244, 417], [0.9501374]]"
match keypoints image68 [[339, 56], [269, 107], [0.95518], [332, 50], [262, 101], [0.88687825], [383, 108], [289, 154], [0.9586878], [313, 116], [227, 150], [0.9601474], [406, 169], [307, 206], [0.95722127], [301, 176], [208, 201], [0.95686054], [436, 227], [332, 249], [0.8479817], [373, 237], [285, 254], [0.9147673], [326, 236], [241, 255], [0.9050433], [385, 328], [295, 336], [0.47845343], [408, 418], [307, 411], [0.91471606], [344, 410], [244, 416], [0.9224601]]"
match keypoints image69 [[337, 57], [267, 107], [0.9509433], [329, 51], [260, 101], [0.9344807], [380, 108], [287, 154], [0.96002036], [311, 117], [225, 150], [0.9560649], [404, 170], [305, 206], [0.9557545], [299, 177], [206, 201], [0.9567462], [433, 225], [331, 249], [0.90118766], [372, 237], [283, 254], [0.80508065], [325, 237], [240, 255], [0.2937923], [384, 329], [294, 335], [0.60525626], [335, 326], [242, 340], [0.79283303], [408, 418], [306, 410], [0.9443917], [344, 410], [243, 416], [0.9407494]]"
match keypoints image70 [[334, 57], [265, 107], [0.9256752], [327, 51], [258, 101], [0.94544834], [321, 58], [243, 105], [0.7404921], [378, 108], [286, 154], [0.9599869], [309, 117], [223, 150], [0.95650107], [403, 170], [304, 206], [0.9570383], [296, 179], [204, 202], [0.95063615], [431, 225], [330, 249], [0.9097908], [273, 233], [185, 253], [0.8557811], [370, 237], [282, 253], [0.86661804], [323, 237], [239, 254], [0.7635869], [383, 330], [293, 335], [0.79931074], [335, 326], [241, 339], [0.8691625], [408, 418], [306, 410], [0.9534453], [344, 410], [244, 416], [0.9522009]]"
match keypoints image71 [[332, 58], [263, 107], [0.9479533], [325, 52], [256, 101], [0.9504664], [376, 109], [284, 154], [0.9609849], [308, 117], [221, 150], [0.9605151], [400, 168], [302, 205], [0.9543323], [295, 179], [203, 203], [0.9568852], [431, 225], [329, 249], [0.80238855], [370, 238], [281, 255], [0.06731531], [383, 332], [292, 336], [0.9246618], [335, 328], [241, 341], [0.841955], [408, 419], [306, 411], [0.9480199], [344, 410], [244, 416], [0.94743085]]"
match keypoints image72 [[330, 59], [261, 107], [0.95590943], [323, 53], [254, 101], [0.9598716], [374, 109], [282, 153], [0.9589052], [306, 118], [220, 150], [0.95630467], [399, 169], [301, 205], [0.9585257], [294, 179], [201, 203], [0.95910275], [429, 225], [328, 249], [0.8629727], [369, 238], [280, 254], [0.06997278], [322, 237], [236, 256], [0.55819255], [383, 332], [292, 336], [0.8313037], [333, 326], [240, 342], [0.8162022], [407, 418], [306, 411], [0.9537609], [344, 410], [243, 416], [0.9609077]]"
match keypoints image73 [[328, 59], [260, 107], [0.96160764], [337, 51], [266, 101], [0.95415616], [322, 53], [253, 101], [0.95974594], [373, 110], [281, 153], [0.9637966], [304, 118], [218, 150], [0.96322167], [398, 170], [300, 206], [0.9599146], [292, 179], [199, 204], [0.9584919], [428, 225], [327, 249], [0.9498362], [368, 237], [279, 255], [0.8945377], [320, 236], [235, 259], [0.8532637], [383, 333], [291, 336], [0.7486333], [334, 326], [239, 341], [0.8183777], [408, 418], [305, 410], [0.9561034], [344, 411], [243, 416], [0.9602488]]"
match keypoints image74 [[323, 60], [255, 107], [0.9642742], [316, 54], [248, 101], [0.9613021], [368, 110], [277, 153], [0.9640954], [299, 119], [214, 150], [0.96367073], [394, 169], [296, 205], [0.96295774], [288, 180], [196, 204], [0.96362823], [425, 223], [323, 248], [0.93800426], [265, 235], [178, 254], [0.090823665], [317, 235], [232, 260], [0.881708], [380, 327], [290, 336], [0.9209568], [409, 416], [305, 408], [0.9524127], [343, 410], [243, 416], [0.95786667]]"
match keypoints image75 [[322, 60], [254, 107], [0.9310018], [315, 54], [248, 101], [0.9185149], [367, 110], [276, 153], [0.9563998], [299, 120], [213, 150], [0.9564317], [393, 169], [296, 205], [0.9330902], [287, 180], [195, 204], [0.93179363], [424, 223], [323, 247], [0.93374354], [265, 235], [177, 254], [0.23356628], [317, 235], [232, 259], [0.7781612], [380, 325], [289, 336], [0.80960673], [332, 325], [238, 342], [0.6071039], [409, 416], [304, 408], [0.93319786], [343, 410], [243, 417], [0.95168424]]"
match keypoints image76 [[322, 60], [254, 107], [0.9081938], [330, 52], [247, 100], [0.3204891], [314, 54], [232, 104], [0.8245985], [367, 110], [275, 153], [0.9491903], [298, 119], [212, 150], [0.95561004], [392, 169], [295, 205], [0.8714246], [287, 180], [194, 204], [0.9399889], [424, 222], [322, 247], [0.95000017], [265, 235], [177, 254], [0.37713844], [317, 233], [231, 260], [0.5219902], [380, 324], [289, 336], [0.7149671], [332, 325], [238, 343], [0.49810722], [410, 416], [304, 408], [0.8637874], [343, 410], [243, 417], [0.8739943]]"
match keypoints image77 [[321, 60], [253, 107], [0.6073294], [314, 54], [247, 100], [0.4733643], [344, 57], [260, 101], [0.11380365], [367, 110], [275, 153], [0.92254084], [298, 119], [212, 150], [0.88986045], [392, 168], [295, 205], [0.8458262], [286, 180], [194, 204], [0.90510225], [424, 222], [322, 247], [0.8127575], [264, 235], [176, 254], [0.07054755], [364, 233], [275, 256], [0.8362282], [316, 232], [230, 260], [0.7658694], [380, 324], [289, 336], [0.45480606], [332, 325], [238, 343], [0.4067457], [410, 416], [303, 407], [0.79818624], [343, 410], [243, 417], [0.88024]]"
match keypoints image78 [[321, 60], [253, 107], [0.9574678], [314, 54], [247, 100], [0.9546768], [366, 110], [275, 153], [0.95857096], [392, 169], [294, 204], [0.9394146], [286, 180], [194, 204], [0.92672944], [424, 222], [322, 247], [0.9472149], [264, 235], [176, 254], [0.74000376], [364, 233], [275, 256], [0.9469764], [316, 233], [231, 260], [0.9142959], [380, 324], [289, 336], [0.86049944], [332, 325], [239, 344], [0.7832798], [343, 411], [243, 417], [0.94592285]]"
match keypoints image79 [[323, 60], [254, 107], [0.9596601], [316, 54], [248, 100], [0.9442553], [309, 61], [232, 104], [0.76045126], [367, 110], [275, 153], [0.9602694], [297, 119], [211, 150], [0.9591555], [392, 168], [294, 205], [0.95550317], [285, 180], [194, 204], [0.95769566], [425, 221], [322, 247], [0.8917273], [365, 234], [276, 256], [0.9316848], [317, 234], [232, 259], [0.8660799], [381, 322], [289, 336], [0.78684187], [332, 324], [239, 344], [0.726264], [344, 411], [243, 416], [0.9536063]]"
match keypoints image80 [[323, 60], [255, 107], [0.96201557], [332, 52], [261, 101], [0.8505934], [316, 54], [248, 100], [0.9563412], [310, 61], [232, 104], [0.7322685], [367, 110], [275, 153], [0.9555793], [297, 119], [212, 150], [0.96231085], [392, 169], [294, 205], [0.9317357], [285, 180], [194, 204], [0.95705104], [425, 222], [322, 247], [0.96133894], [366, 236], [277, 255], [0.9385637], [317, 236], [232, 259], [0.9468532], [382, 322], [288, 336], [0.82874393], [332, 325], [239, 343], [0.9059589], [410, 413], [298, 405], [0.9417565], [344, 411], [243, 416], [0.9463779]]"
match keypoints image81 [[324, 60], [255, 107], [0.9591679], [317, 54], [248, 100], [0.95852685], [368, 110], [275, 153], [0.96112305], [392, 168], [294, 205], [0.9615576], [286, 180], [195, 203], [0.96159476], [426, 222], [322, 246], [0.95082295], [367, 236], [277, 255], [0.9563955], [317, 236], [233, 259], [0.9567417], [382, 324], [288, 336], [0.55605394], [333, 326], [240, 342], [0.8414111], [410, 413], [297, 405], [0.34281272], [344, 411], [243, 416], [0.8737274]]"
match keypoints image82 [[325, 60], [256, 107], [0.9615084], [334, 52], [262, 101], [0.9551686], [317, 54], [249, 100], [0.951173], [368, 110], [276, 153], [0.9646782], [299, 119], [213, 150], [0.9640482], [394, 168], [295, 205], [0.96365625], [286, 179], [196, 202], [0.96446526], [427, 222], [322, 246], [0.9385601], [367, 236], [277, 255], [0.9407619], [318, 236], [234, 259], [0.93816453], [383, 325], [287, 335], [0.81957775], [334, 326], [240, 341], [0.8060788], [408, 412], [296, 406], [0.9415996], [344, 411], [243, 416], [0.9588572]]"
match keypoints image83 [[325, 60], [257, 107], [0.9602394], [334, 52], [263, 102], [0.79855245], [319, 54], [250, 100], [0.94803417], [369, 110], [276, 153], [0.96202224], [299, 119], [214, 149], [0.9625504], [394, 168], [295, 205], [0.9244348], [287, 179], [197, 202], [0.93940073], [428, 222], [322, 246], [0.91334295], [368, 235], [278, 255], [0.8873451], [319, 235], [235, 258], [0.82607824], [382, 324], [287, 335], [0.7909557], [407, 411], [293, 406], [0.95171106], [344, 411], [243, 416], [0.95593035]]"
match keypoints image84 [[327, 59], [258, 107], [0.9572525], [335, 52], [264, 102], [0.824396], [320, 53], [251, 101], [0.95243657], [370, 110], [277, 153], [0.95851547], [300, 118], [215, 150], [0.95857966], [395, 169], [296, 205], [0.9483154], [288, 179], [198, 203], [0.951388], [430, 222], [323, 247], [0.7382083], [320, 236], [235, 257], [0.86448425], [382, 325], [287, 335], [0.76072705], [334, 325], [241, 341], [0.7944696], [404, 411], [292, 407], [0.9224049], [344, 411], [243, 416], [0.9466916]]"
match keypoints image85 [[333, 59], [259, 107], [0.9589651], [341, 52], [265, 102], [0.92626375], [326, 53], [252, 101], [0.9509864], [375, 110], [278, 153], [0.9616108], [401, 169], [296, 206], [0.95911574], [292, 179], [199, 203], [0.9585527], [435, 223], [324, 247], [0.7513457], [373, 233], [278, 253], [0.94203854], [324, 237], [236, 256], [0.8421736], [382, 325], [286, 335], [0.7238617], [335, 324], [242, 340], [0.6780199], [401, 411], [290, 407], [0.8256433], [344, 411], [243, 416], [0.8987897]]"
match keypoints image86 [[334, 59], [264, 108], [0.9568521], [343, 52], [270, 103], [0.81090915], [328, 53], [257, 102], [0.9560177], [377, 110], [282, 154], [0.96039855], [307, 118], [221, 150], [0.96105987], [403, 170], [300, 206], [0.9372627], [293, 179], [205, 203], [0.94688505], [436, 223], [326, 249], [0.74634755], [271, 235], [188, 254], [0.07080536], [373, 230], [281, 252], [0.823805], [325, 233], [241, 255], [0.7130654], [383, 324], [286, 335], [0.8161552], [336, 324], [243, 339], [0.83650637], [401, 411], [290, 407], [0.902209], [344, 411], [244, 416], [0.8335837]]"
match keypoints image87 [[337, 59], [266, 108], [0.9591516], [345, 51], [271, 103], [0.80302334], [329, 53], [259, 102], [0.9575104], [379, 110], [284, 155], [0.96022564], [308, 118], [223, 150], [0.9616812], [404, 170], [301, 206], [0.9345763], [294, 179], [206, 202], [0.94576234], [437, 224], [327, 249], [0.68590176], [375, 229], [283, 252], [0.92012584], [326, 232], [242, 255], [0.79530764], [384, 323], [286, 335], [0.72055745], [337, 324], [245, 340], [0.5301884], [402, 412], [290, 407], [0.8988969], [344, 411], [244, 416], [0.9016759]]"
match keypoints image88 [[338, 59], [267, 108], [0.9279819], [347, 51], [273, 103], [0.4098096], [331, 53], [260, 102], [0.94155335], [381, 110], [285, 154], [0.9535581], [310, 118], [224, 150], [0.95096254], [406, 170], [301, 206], [0.9214925], [295, 179], [208, 201], [0.9395206], [439, 224], [328, 249], [0.863239], [328, 232], [243, 255], [0.59574324], [386, 324], [287, 336], [0.6196439], [338, 325], [245, 341], [0.7529634], [402, 412], [290, 407], [0.9107086], [344, 411], [244, 416], [0.9185773]]"
match keypoints image89 [[340, 58], [268, 108], [0.93994313], [333, 52], [262, 102], [0.8783118], [361, 56], [274, 103], [0.6322858], [382, 110], [286, 154], [0.9610912], [311, 117], [225, 150], [0.9629038], [407, 170], [302, 207], [0.95426124], [297, 178], [209, 201], [0.95600927], [440, 224], [328, 249], [0.78646964], [276, 234], [194, 252], [0.21840061], [329, 233], [244, 255], [0.86761534], [387, 324], [287, 337], [0.7863488], [402, 412], [290, 407], [0.9344856], [344, 411], [244, 416], [0.9292361]]"
match keypoints image90 [[342, 58], [270, 108], [0.9460851], [335, 52], [263, 102], [0.9451481], [383, 110], [287, 155], [0.96079594], [312, 117], [226, 150], [0.96172476], [408, 170], [303, 207], [0.9441209], [299, 178], [211, 202], [0.96016383], [442, 224], [329, 249], [0.62640846], [379, 228], [286, 252], [0.94225013], [331, 232], [246, 254], [0.83019954], [388, 324], [288, 336], [0.9071081], [402, 411], [290, 407], [0.8965781], [344, 411], [244, 416], [0.89958]]"
match keypoints image91 [[349, 57], [275, 109], [0.9147474], [342, 51], [269, 102], [0.87607867], [389, 109], [291, 155], [0.95780504], [318, 116], [231, 150], [0.95653206], [413, 170], [307, 208], [0.9332134], [303, 177], [215, 201], [0.94337994], [446, 225], [331, 250], [0.6901477], [384, 228], [290, 252], [0.9112503], [334, 231], [251, 255], [0.7823134], [391, 324], [290, 336], [0.8028175], [341, 324], [249, 340], [0.62687457], [402, 412], [290, 407], [0.92428535]]"
match keypoints image92 [[350, 57], [277, 109], [0.95893306], [344, 50], [271, 103], [0.945273], [371, 56], [283, 104], [0.5712768], [391, 109], [292, 156], [0.9604212], [319, 116], [232, 150], [0.9598139], [414, 169], [307, 208], [0.95938015], [305, 176], [217, 202], [0.9595561], [447, 225], [332, 249], [0.7788665], [282, 234], [202, 251], [0.12546715], [385, 230], [290, 252], [0.93110317], [392, 324], [290, 335], [0.55984044], [342, 324], [250, 340], [0.62101865], [403, 412], [290, 407], [0.94737124]]"
match keypoints image93 [[352, 56], [278, 109], [0.9301684], [345, 50], [272, 103], [0.9097828], [392, 109], [293, 156], [0.95691985], [320, 115], [233, 150], [0.9493752], [416, 170], [308, 208], [0.9431796], [305, 176], [217, 202], [0.9518227], [448, 225], [332, 250], [0.26339394], [283, 234], [203, 250], [0.6518551], [386, 229], [291, 253], [0.73721826], [337, 232], [252, 254], [0.79001325], [393, 324], [290, 335], [0.48288935], [343, 324], [250, 339], [0.5968321], [402, 412], [290, 407], [0.8002665]]"
match keypoints image94 [[354, 56], [279, 110], [0.9603495], [363, 49], [284, 105], [0.83119905], [347, 50], [273, 103], [0.95564127], [394, 110], [294, 156], [0.9617264], [321, 115], [235, 150], [0.9625421], [417, 170], [308, 208], [0.9584924], [306, 176], [218, 201], [0.95857304], [449, 225], [333, 250], [0.83865047], [284, 233], [205, 250], [0.105057724], [393, 324], [291, 335], [0.710553], [343, 324], [251, 341], [0.7639099], [403, 412], [290, 407], [0.9598837], [344, 411], [244, 417], [0.9552993]]"
match keypoints image95 [[355, 56], [280, 110], [0.9428023], [349, 49], [274, 103], [0.94024754], [395, 109], [295, 156], [0.95580256], [322, 115], [236, 150], [0.95795876], [418, 170], [309, 209], [0.9445656], [307, 176], [219, 201], [0.9504494], [450, 225], [205, 249], [0.108006954], [389, 228], [292, 254], [0.56637025], [339, 231], [254, 255], [0.7542071], [394, 323], [292, 335], [0.6259956], [344, 324], [252, 342], [0.7118831], [403, 412], [290, 407], [0.94095236], [344, 411], [244, 417], [0.9529978]]"
match keypoints image96 [[357, 56], [281, 110], [0.95469594], [366, 48], [287, 105], [0.66070646], [350, 49], [275, 103], [0.95189595], [396, 109], [296, 156], [0.961217], [324, 114], [237, 150], [0.9632196], [419, 170], [310, 208], [0.93636346], [308, 175], [220, 201], [0.9443734], [451, 225], [334, 250], [0.79746157], [286, 232], [206, 250], [0.8181371], [389, 228], [293, 252], [0.9530042], [340, 231], [254, 253], [0.8268662], [394, 323], [292, 333], [0.81465673], [344, 324], [253, 340], [0.82515115], [403, 412], [290, 407], [0.95437235], [344, 411], [244, 417], [0.9519548]]"
match keypoints image97 [[364, 55], [286, 110], [0.93040866], [356, 48], [280, 103], [0.8747577], [401, 108], [299, 156], [0.9573479], [329, 113], [241, 150], [0.95509505], [424, 170], [313, 209], [0.9235576], [313, 173], [225, 201], [0.9515593], [456, 226], [335, 251], [0.7479775], [394, 228], [296, 252], [0.8961844], [345, 231], [258, 254], [0.80621356], [398, 322], [293, 333], [0.5850715], [346, 322], [255, 338], [0.7874284], [403, 412], [290, 407], [0.83002275]]"
match keypoints image98 [[365, 54], [287, 110], [0.95069706], [358, 48], [281, 103], [0.92293066], [348, 55], [265, 106], [0.84712046], [403, 109], [300, 156], [0.9597084], [330, 113], [242, 149], [0.95683765], [425, 171], [313, 208], [0.9524192], [313, 174], [226, 200], [0.952966], [457, 226], [336, 251], [0.7848143], [290, 230], [212, 249], [0.74387145], [395, 229], [297, 254], [0.8455478], [346, 232], [259, 256], [0.8103369], [347, 322], [256, 338], [0.8866829], [403, 412], [290, 407], [0.91589165], [344, 411], [245, 417], [0.35243332]]"
match keypoints image99 [[367, 54], [289, 110], [0.960386], [360, 48], [283, 104], [0.9560016], [350, 54], [266, 106], [0.7025707], [405, 109], [301, 156], [0.96050096], [331, 113], [243, 150], [0.9593291], [427, 171], [314, 209], [0.9496394], [314, 174], [227, 200], [0.95588094], [458, 227], [337, 251], [0.8712485], [291, 230], [214, 248], [0.4652368], [396, 229], [298, 253], [0.9162795], [347, 232], [260, 255], [0.7808882], [347, 322], [257, 339], [0.845327], [403, 412], [290, 406], [0.9279003], [344, 411], [245, 417], [0.26673356]]"
match keypoints image100 [[369, 54], [290, 111], [0.9550015], [362, 48], [284, 104], [0.9510204], [352, 55], [268, 106], [0.52472407], [407, 109], [302, 156], [0.950204], [333, 112], [245, 150], [0.9483764], [428, 171], [315, 209], [0.9374486], [316, 173], [229, 200], [0.9495088], [460, 227], [338, 251], [0.7654875], [293, 230], [215, 249], [0.6863907], [398, 227], [299, 254], [0.90948194], [349, 229], [261, 256], [0.908456], [402, 320], [295, 333], [0.61240005], [348, 321], [257, 339], [0.6937064], [403, 412], [290, 406], [0.838133]]"
match keypoints image101 [[371, 54], [292, 111], [0.9235768], [380, 47], [286, 104], [0.20764396], [364, 48], [269, 106], [0.69115794], [408, 109], [303, 157], [0.95713], [334, 112], [246, 150], [0.9524815], [430, 171], [316, 209], [0.9194285], [317, 173], [229, 200], [0.9544001], [461, 227], [338, 251], [0.94070315], [294, 229], [216, 249], [0.45228502], [399, 227], [300, 254], [0.91338253], [350, 228], [261, 256], [0.8766773], [403, 321], [295, 333], [0.66820544], [349, 321], [258, 339], [0.78263795], [403, 412], [291, 406], [0.9262924], [344, 411], [245, 417], [0.2835432]]"
match keypoints image102 [[373, 54], [293, 111], [0.9605852], [365, 48], [287, 105], [0.9597818], [355, 54], [270, 106], [0.75640965], [410, 109], [304, 157], [0.9559044], [336, 112], [247, 150], [0.95800066], [431, 170], [317, 210], [0.94246745], [319, 173], [230, 200], [0.9521191], [462, 227], [338, 251], [0.8985095], [401, 226], [301, 256], [0.87368053], [352, 227], [262, 257], [0.9163145], [404, 321], [296, 334], [0.76058286], [350, 322], [259, 339], [0.70454705], [403, 412], [291, 406], [0.94629395]]"
match keypoints image103 [[379, 54], [294, 111], [0.95973706], [371, 47], [288, 105], [0.95199746], [360, 54], [271, 107], [0.93525285], [416, 109], [305, 158], [0.9514479], [341, 112], [248, 150], [0.9258644], [435, 171], [317, 210], [0.9515484], [323, 170], [231, 200], [0.9537898], [466, 227], [339, 252], [0.8740432], [298, 228], [218, 249], [0.78069574], [405, 227], [301, 255], [0.9292295], [356, 228], [263, 256], [0.876077], [406, 322], [296, 334], [0.7798207], [352, 321], [259, 340], [0.82963043], [404, 412], [291, 406], [0.7049725]]"
match keypoints image104 [[379, 53], [297, 111], [0.948085], [372, 47], [290, 105], [0.9554273], [361, 54], [274, 107], [0.9554059], [417, 109], [308, 158], [0.95484525], [341, 111], [252, 150], [0.9535471], [436, 170], [319, 210], [0.9437138], [323, 170], [234, 198], [0.95477265], [466, 227], [340, 252], [0.7804305], [298, 228], [220, 246], [0.90788054], [406, 227], [304, 254], [0.8840719], [357, 228], [265, 254], [0.80804414], [406, 322], [297, 336], [0.8175157], [351, 320], [260, 340], [0.6284809], [404, 412], [291, 406], [0.7958748]]"
match keypoints image105 [[379, 53], [297, 111], [0.9594339], [373, 46], [291, 105], [0.95182], [417, 108], [309, 158], [0.96370447], [342, 111], [252, 150], [0.9630347], [436, 170], [319, 210], [0.962938], [324, 169], [234, 199], [0.96314883], [466, 227], [340, 252], [0.9486446], [298, 228], [220, 246], [0.94114643], [407, 227], [304, 255], [0.91968393], [358, 227], [266, 255], [0.9156949], [406, 322], [298, 335], [0.7915877], [351, 320], [260, 341], [0.90110165], [404, 412], [291, 406], [0.90768576]]"
match keypoints image106 [[380, 53], [297, 111], [0.96533304], [373, 46], [291, 104], [0.96002835], [418, 108], [309, 157], [0.9668337], [343, 111], [252, 150], [0.9668578], [436, 170], [319, 210], [0.9670296], [323, 170], [234, 199], [0.96163875], [466, 227], [340, 252], [0.9537047], [298, 227], [220, 246], [0.9664191], [406, 226], [304, 254], [0.9261423], [357, 227], [266, 255], [0.8885229], [407, 322], [298, 335], [0.94448626], [350, 321], [260, 339], [0.9378238], [404, 413], [291, 406], [0.96555865], [342, 410], [246, 412], [0.965105]]"
match keypoints image107 [[388, 45], [290, 104], [0.6497469], [400, 53], [297, 111], [0.7048895], [362, 53], [274, 107], [0.9012379], [418, 108], [309, 157], [0.9572817], [343, 111], [252, 150], [0.9420763], [436, 169], [319, 209], [0.95947164], [323, 170], [234, 199], [0.95757276], [466, 227], [340, 252], [0.89895564], [298, 227], [219, 246], [0.8928308], [407, 226], [304, 254], [0.9489878], [357, 227], [266, 254], [0.89162374], [406, 322], [298, 335], [0.871632], [350, 321], [260, 339], [0.89233875], [404, 412], [291, 406], [0.917376], [341, 411], [246, 412], [0.9448579]]"
match keypoints image108 [[377, 53], [296, 111], [0.95327234], [370, 46], [290, 104], [0.95585024], [359, 53], [274, 107], [0.95839775], [415, 108], [308, 157], [0.96225464], [341, 111], [252, 150], [0.95932823], [434, 170], [319, 210], [0.95494545], [321, 170], [234, 199], [0.95825815], [465, 227], [339, 252], [0.86859673], [296, 227], [219, 246], [0.6160765], [406, 227], [304, 253], [0.9310728], [356, 228], [266, 254], [0.82213235], [406, 324], [298, 335], [0.74797267], [348, 324], [260, 339], [0.7831595], [404, 412], [291, 406], [0.92386633], [340, 411], [246, 413], [0.6669188]]"
match keypoints image109 [[374, 53], [296, 111], [0.9507005], [367, 47], [290, 104], [0.9475205], [357, 54], [273, 107], [0.69492745], [412, 108], [308, 157], [0.9577847], [338, 112], [251, 150], [0.95196], [431, 171], [318, 210], [0.9452466], [318, 170], [233, 199], [0.9456546], [463, 227], [339, 251], [0.86716825], [293, 228], [218, 247], [0.5260614], [403, 227], [304, 254], [0.7553091], [354, 227], [266, 255], [0.3951836], [406, 324], [298, 335], [0.7320197], [347, 326], [260, 339], [0.73150367], [404, 412], [291, 406], [0.8163375]]"
match keypoints image110 [[373, 53], [292, 110], [0.9612106], [365, 47], [286, 104], [0.9590771], [355, 54], [269, 106], [0.7392007], [410, 108], [303, 156], [0.9611018], [336, 112], [247, 150], [0.96083164], [430, 171], [314, 209], [0.9519176], [316, 170], [229, 200], [0.9527924], [461, 227], [336, 251], [0.94111955], [402, 228], [301, 255], [0.8798582], [353, 228], [263, 256], [0.8157863], [405, 323], [295, 336], [0.8052862], [347, 326], [260, 340], [0.52846146], [404, 412], [291, 406], [0.9224113], [340, 411], [247, 414], [0.8722118]]"
match keypoints image111 [[371, 54], [290, 110], [0.96057785], [363, 47], [284, 104], [0.9589737], [353, 54], [267, 106], [0.4526991], [409, 109], [301, 156], [0.9598815], [334, 112], [245, 150], [0.9570912], [428, 171], [313, 209], [0.9365894], [314, 171], [228, 200], [0.95440733], [460, 226], [335, 251], [0.84455955], [401, 228], [300, 255], [0.8883997], [351, 228], [263, 256], [0.7864949], [404, 322], [295, 334], [0.70947856], [347, 326], [260, 339], [0.6587343], [403, 412], [290, 406], [0.9449638], [340, 411], [247, 414], [0.927626]]"
match keypoints image112 [[368, 54], [289, 110], [0.93258595], [361, 47], [282, 103], [0.9386949], [350, 54], [266, 106], [0.9540802], [406, 109], [299, 156], [0.9598979], [332, 112], [244, 150], [0.9490319], [426, 171], [311, 209], [0.952734], [313, 171], [227, 200], [0.95873827], [457, 225], [334, 251], [0.87508416], [287, 230], [212, 249], [0.68769383], [399, 228], [299, 255], [0.89110804], [350, 229], [262, 256], [0.70447314], [404, 322], [294, 336], [0.49426532], [346, 326], [259, 340], [0.6119171], [403, 412], [290, 406], [0.9310728], [340, 411], [246, 413], [0.88428164]]"
match keypoints image113 [[366, 54], [287, 109], [0.74069905], [359, 47], [281, 103], [0.72890234], [348, 55], [264, 106], [0.9216432], [403, 109], [298, 156], [0.9554501], [330, 112], [242, 149], [0.9544695], [424, 171], [310, 209], [0.95170015], [311, 171], [225, 199], [0.9560608], [455, 226], [332, 250], [0.9509782], [397, 228], [298, 255], [0.90416557], [348, 230], [260, 256], [0.8992291], [403, 322], [294, 335], [0.90655035], [344, 327], [258, 339], [0.7766845], [403, 412], [290, 406], [0.9255763], [340, 411], [246, 413], [0.8194117]]"
match keypoints image114 [[364, 54], [286, 109], [0.94666356], [356, 47], [279, 102], [0.94559485], [401, 109], [297, 156], [0.95396006], [328, 112], [240, 149], [0.9493931], [421, 171], [308, 208], [0.9410042], [308, 171], [223, 200], [0.95530427], [453, 226], [331, 250], [0.84950966], [396, 228], [296, 251], [0.9459994], [346, 231], [259, 254], [0.80947125], [401, 322], [294, 334], [0.709232], [343, 326], [257, 339], [0.53988314], [403, 412], [290, 406], [0.86826116], [339, 411], [245, 414], [0.90025926]]"
match keypoints image115 [[361, 54], [284, 108], [0.9603585], [354, 47], [277, 102], [0.95872706], [344, 55], [260, 105], [0.4027059], [398, 108], [295, 155], [0.9597924], [325, 112], [239, 149], [0.95924103], [419, 171], [306, 208], [0.95717746], [306, 171], [222, 199], [0.95931405], [450, 225], [329, 251], [0.31291872], [394, 229], [295, 249], [0.94792837], [344, 231], [257, 252], [0.8782942], [400, 322], [293, 333], [0.48637328], [342, 327], [257, 339], [0.47013742], [403, 412], [290, 406], [0.89341015], [339, 412], [246, 414], [0.92978704]]"
match keypoints image116 [[354, 54], [277, 108], [0.9487973], [346, 48], [271, 101], [0.9342483], [318, 113], [232, 148], [0.9525162], [412, 171], [300, 208], [0.93851805], [300, 172], [216, 198], [0.9481017], [443, 225], [322, 249], [0.81832224], [388, 230], [290, 251], [0.619908], [402, 412], [290, 407], [0.7491254], [338, 414], [245, 415], [0.815484]]"
match keypoints image117 [[352, 54], [276, 107], [0.95276856], [344, 48], [269, 101], [0.9575353], [334, 56], [252, 104], [0.8667294], [390, 110], [286, 155], [0.9630411], [316, 113], [230, 148], [0.96181244], [410, 171], [298, 208], [0.95936114], [298, 172], [215, 198], [0.96121264], [442, 225], [320, 249], [0.81586313], [274, 231], [202, 250], [0.81417185], [386, 229], [289, 252], [0.9581241], [336, 232], [250, 254], [0.9417453], [393, 323], [291, 333], [0.53010345], [338, 329], [250, 339], [0.670448], [402, 412], [290, 407], [0.9253526], [338, 414], [244, 415], [0.95756596]]"
match keypoints image118 [[347, 55], [274, 107], [0.9223801], [340, 48], [268, 101], [0.9261567], [329, 57], [250, 104], [0.529053], [385, 110], [285, 155], [0.9594154], [312, 113], [229, 149], [0.95553964], [406, 172], [296, 207], [0.95147556], [294, 173], [214, 200], [0.95670015], [438, 225], [319, 249], [0.93114984], [383, 229], [287, 250], [0.95791346], [334, 232], [248, 252], [0.8971763], [392, 324], [291, 334], [0.58328426], [336, 331], [249, 339], [0.75460607], [402, 412], [290, 407], [0.91695386], [338, 414], [244, 416], [0.95638317]]"
match keypoints image119 [[345, 55], [273, 107], [0.961725], [338, 49], [266, 101], [0.9516929], [364, 55], [278, 102], [0.8520964], [383, 110], [284, 154], [0.96444], [310, 114], [228, 148], [0.9653517], [404, 172], [295, 207], [0.9606876], [292, 173], [212, 200], [0.96120304], [436, 225], [318, 249], [0.95190006], [381, 228], [286, 251], [0.960522], [332, 231], [248, 255], [0.93197936], [391, 324], [290, 334], [0.68518555], [335, 330], [248, 339], [0.7170294], [401, 412], [290, 407], [0.91219604], [338, 414], [244, 416], [0.95715874]]"
