data_bruh_jack\cam1_pose\cam1_20241016_003705_0000.png [[367, 43], [376, 33], [363, 38], [399, 35], [416, 88], [373, 102], [426, 159], [367, 176], [445, 224], [355, 227], [399, 240], [371, 239], [406, 335], [379, 334], [415, 430], [389, 407]]
data_bruh_jack\cam1_pose\cam1_20241016_003705_0001.png [[367, 43], [376, 32], [363, 38], [399, 35], [416, 88], [372, 102], [426, 158], [367, 176], [445, 223], [355, 227], [400, 240], [372, 239], [406, 335], [379, 333], [415, 431], [389, 407]]
data_bruh_jack\cam1_pose\cam1_20241016_003705_0002.png [[368, 42], [376, 32], [363, 37], [399, 35], [416, 87], [373, 101], [427, 158], [366, 175], [445, 223], [355, 227], [400, 239], [371, 237], [407, 334], [379, 333], [414, 431], [389, 407]]
data_bruh_jack\cam1_pose\cam1_20241016_003705_0003.png [[368, 42], [376, 32], [364, 37], [400, 35], [417, 87], [373, 102], [427, 158], [365, 174], [446, 223], [356, 228], [401, 239], [371, 239], [407, 335], [379, 334], [415, 431], [389, 407]]
data_bruh_jack\cam1_pose\cam1_20241016_003705_0004.png [[368, 42], [377, 32], [364, 37], [400, 35], [417, 87], [373, 101], [427, 158], [365, 173], [446, 222], [356, 227], [401, 239], [372, 237], [407, 335], [379, 334], [415, 431], [389, 407]]
data_bruh_jack\cam1_pose\cam1_20241016_003705_0005.png [[368, 42], [377, 32], [364, 37], [400, 35], [417, 87], [373, 101], [428, 159], [365, 174], [447, 223], [356, 227], [402, 239], [373, 237], [407, 335], [379, 333], [415, 431], [389, 407]]
data_bruh_jack\cam1_pose\cam1_20241016_003705_0006.png [[369, 42], [377, 32], [364, 36], [400, 35], [418, 87], [373, 102], [428, 159], [365, 174], [447, 222], [356, 227], [403, 239], [374, 238], [407, 335], [379, 333], [415, 430], [389, 407]]
data_bruh_jack\cam1_pose\cam1_20241016_003705_0007.png [[369, 42], [377, 32], [364, 36], [400, 34], [418, 87], [373, 102], [429, 159], [365, 175], [448, 223], [355, 227], [404, 239], [374, 238], [407, 334], [379, 333], [415, 431], [389, 407]]
data_bruh_jack\cam1_pose\cam1_20241016_003705_0008.png [[370, 41], [378, 31], [365, 36], [401, 33], [419, 86], [371, 103], [431, 158], [364, 176], [450, 221], [353, 224], [406, 236], [373, 235], [408, 332], [376, 329], [415, 429], [388, 406]]
data_bruh_jack\cam1_pose\cam1_20241016_003705_0009.png [[370, 41], [378, 31], [365, 36], [401, 33], [419, 86], [370, 103], [431, 157], [364, 176], [451, 221], [352, 223], [407, 233], [372, 232], [408, 332], [375, 329], [415, 430], [387, 406]]
data_bruh_jack\cam1_pose\cam1_20241016_003705_0010.png [[370, 41], [378, 30], [365, 35], [401, 33], [419, 86], [370, 102], [431, 156], [364, 175], [451, 221], [352, 222], [407, 229], [370, 229], [408, 331], [373, 327], [414, 430], [385, 405]]
data_bruh_jack\cam1_pose\cam1_20241016_003705_0011.png [[369, 40], [378, 30], [364, 35], [400, 33], [419, 86], [370, 102], [431, 156], [363, 174], [451, 220], [350, 222], [406, 228], [369, 228], [408, 329], [371, 325], [414, 431], [383, 404]]
data_bruh_jack\cam1_pose\cam1_20241016_003705_0012.png [[369, 40], [377, 30], [364, 35], [400, 33], [419, 85], [368, 103], [431, 156], [362, 173], [451, 219], [349, 222], [406, 227], [368, 226], [408, 328], [369, 322], [413, 429], [378, 404]]
data_bruh_jack\cam1_pose\cam1_20241016_003705_0013.png [[368, 40], [377, 30], [363, 35], [399, 33], [419, 85], [368, 102], [431, 156], [361, 173], [451, 219], [348, 222], [406, 227], [368, 225], [408, 328], [368, 320], [412, 428], [373, 406]]
data_bruh_jack\cam1_pose\cam1_20241016_003705_0014.png [[368, 40], [377, 30], [362, 35], [398, 33], [418, 85], [367, 103], [431, 155], [360, 171], [451, 218], [347, 222], [406, 229], [367, 228], [407, 331], [366, 321], [413, 428], [370, 405]]
data_bruh_jack\cam1_pose\cam1_20241016_003705_0015.png [[364, 42], [373, 33], [359, 36], [394, 37], [413, 87], [359, 105], [430, 157], [351, 172], [453, 217], [336, 224], [404, 234], [363, 231], [404, 333], [364, 326], [412, 429], [367, 409]]
data_bruh_jack\cam1_pose\cam1_20241016_003706_0016.png [[364, 42], [372, 33], [358, 37], [392, 38], [412, 89], [357, 105], [430, 157], [349, 171], [453, 217], [334, 224], [402, 235], [362, 233], [403, 335], [364, 327], [412, 429], [367, 409]]
data_bruh_jack\cam1_pose\cam1_20241016_003706_0017.png [[362, 43], [371, 34], [356, 37], [391, 38], [411, 90], [355, 105], [429, 157], [347, 171], [453, 216], [332, 222], [399, 236], [360, 233], [402, 333], [364, 327], [411, 429], [367, 409]]
data_bruh_jack\cam1_pose\cam1_20241016_003706_0018.png [[362, 44], [371, 34], [356, 38], [390, 39], [410, 90], [353, 105], [429, 157], [345, 171], [454, 215], [329, 223], [398, 235], [358, 233], [403, 333], [365, 328], [411, 428], [368, 410]]
data_bruh_jack\cam1_pose\cam1_20241016_003706_0019.png [[361, 43], [370, 34], [355, 37], [389, 39], [409, 90], [352, 105], [428, 157], [343, 170], [454, 216], [328, 223], [397, 233], [356, 231], [402, 332], [365, 328], [411, 427], [368, 410]]
data_bruh_jack\cam1_pose\cam1_20241016_003706_0020.png [[361, 43], [370, 34], [355, 37], [389, 39], [409, 90], [350, 105], [428, 157], [341, 170], [455, 216], [326, 223], [396, 234], [355, 231], [402, 332], [364, 329], [411, 428], [368, 410]]
data_bruh_jack\cam1_pose\cam1_20241016_003706_0021.png [[361, 43], [370, 34], [355, 36], [389, 39], [408, 91], [349, 105], [428, 157], [340, 170], [455, 216], [324, 223], [395, 235], [355, 233], [402, 333], [364, 329], [410, 426], [368, 409]]
data_bruh_jack\cam1_pose\cam1_20241016_003706_0022.png [[361, 42], [370, 34], [355, 36], [388, 39], [409, 91], [347, 105], [429, 158], [338, 170], [456, 216], [323, 222], [395, 234], [355, 232], [401, 331], [365, 329], [409, 425], [369, 409]]
data_bruh_jack\cam1_pose\cam1_20241016_003706_0023.png [[362, 42], [371, 34], [356, 36], [388, 39], [409, 91], [347, 105], [430, 158], [337, 168], [457, 216], [322, 222], [395, 233], [355, 231], [400, 329], [364, 327], [408, 422], [369, 408]]
data_bruh_jack\cam1_pose\cam1_20241016_003706_0024.png [[367, 42], [376, 34], [360, 36], [392, 39], [413, 93], [349, 105], [436, 160], [337, 170], [465, 221], [319, 223], [399, 231], [356, 230], [400, 325], [363, 323], [408, 421], [368, 408]]
data_bruh_jack\cam1_pose\cam1_20241016_003706_0025.png [[368, 42], [378, 33], [362, 36], [393, 39], [415, 93], [349, 105], [438, 161], [337, 169], [467, 222], [319, 223], [401, 232], [357, 230], [401, 323], [363, 321], [408, 420], [367, 407]]
data_bruh_jack\cam1_pose\cam1_20241016_003706_0026.png [[368, 42], [378, 33], [362, 36], [393, 39], [415, 93], [349, 105], [438, 161], [337, 169], [467, 222], [319, 223], [401, 232], [357, 230], [401, 323], [363, 321], [408, 420], [367, 407]]
data_bruh_jack\cam1_pose\cam1_20241016_003706_0027.png [[372, 41], [381, 32], [365, 35], [397, 38], [418, 93], [352, 104], [442, 162], [338, 167], [469, 222], [319, 222], [403, 232], [358, 229], [403, 326], [363, 321], [408, 423], [367, 407]]
data_bruh_jack\cam1_pose\cam1_20241016_003706_0028.png [[373, 41], [382, 32], [367, 34], [398, 36], [420, 93], [353, 103], [444, 162], [338, 167], [470, 222], [319, 222], [404, 234], [359, 231], [404, 325], [364, 322], [408, 424], [366, 408]]
data_bruh_jack\cam1_pose\cam1_20241016_003706_0029.png [[375, 40], [384, 31], [368, 33], [399, 36], [361, 38], [421, 93], [353, 102], [445, 162], [338, 167], [471, 222], [318, 221], [404, 233], [359, 230], [404, 324], [364, 321], [407, 424], [366, 407]]
data_bruh_jack\cam1_pose\cam1_20241016_003706_0030.png [[376, 39], [385, 30], [368, 33], [401, 35], [362, 38], [422, 93], [354, 102], [445, 162], [338, 167], [472, 222], [318, 221], [404, 231], [359, 227], [405, 326], [363, 322], [407, 424], [364, 407]]
data_bruh_jack\cam1_pose\cam1_20241016_003706_0031.png [[377, 39], [386, 30], [370, 32], [401, 35], [362, 38], [423, 93], [352, 101], [445, 163], [335, 165], [472, 222], [313, 221], [403, 226], [358, 222], [406, 324], [360, 322], [407, 423], [356, 406]]
data_bruh_jack\cam1_pose\cam1_20241016_003706_0032.png [[376, 39], [386, 30], [369, 32], [400, 35], [361, 38], [422, 93], [351, 101], [445, 162], [334, 165], [471, 222], [311, 221], [403, 227], [357, 221], [406, 325], [359, 323], [407, 423], [355, 407]]
data_bruh_jack\cam1_pose\cam1_20241016_003706_0033.png [[376, 39], [385, 30], [368, 33], [399, 35], [360, 38], [421, 93], [350, 102], [444, 162], [332, 165], [470, 221], [308, 221], [402, 227], [356, 223], [406, 326], [357, 322], [407, 423], [354, 407]]
data_bruh_jack\cam1_pose\cam1_20241016_003706_0034.png [[376, 39], [385, 30], [368, 33], [399, 35], [360, 38], [421, 93], [350, 102], [444, 162], [332, 165], [470, 221], [308, 221], [402, 227], [356, 223], [406, 326], [357, 322], [407, 423], [354, 407]]
data_bruh_jack\cam1_pose\cam1_20241016_003706_0035.png [[375, 39], [384, 31], [367, 33], [398, 36], [359, 39], [419, 94], [349, 102], [443, 163], [331, 166], [470, 221], [306, 222], [401, 227], [356, 223], [406, 325], [355, 322], [407, 424], [354, 408]]
data_bruh_jack\cam1_pose\cam1_20241016_003706_0036.png [[372, 41], [381, 33], [364, 35], [394, 39], [356, 41], [416, 95], [345, 104], [439, 162], [327, 166], [468, 222], [302, 223], [400, 230], [354, 226], [405, 326], [352, 324], [407, 425], [355, 410]]
data_bruh_jack\cam1_pose\cam1_20241016_003707_0037.png [[370, 42], [379, 33], [362, 36], [392, 38], [354, 42], [414, 96], [343, 104], [438, 162], [325, 167], [467, 222], [300, 223], [398, 229], [352, 227], [404, 327], [351, 326], [407, 424], [355, 410]]
data_bruh_jack\cam1_pose\cam1_20241016_003707_0038.png [[364, 42], [373, 34], [356, 36], [386, 40], [348, 41], [407, 97], [335, 105], [434, 165], [317, 167], [461, 220], [293, 224], [394, 226], [348, 226], [401, 320], [351, 322], [407, 419], [354, 410]]
data_bruh_jack\cam1_pose\cam1_20241016_003707_0039.png [[363, 42], [372, 34], [355, 36], [385, 39], [347, 42], [406, 97], [334, 104], [433, 165], [316, 167], [461, 220], [291, 224], [394, 225], [347, 226], [401, 320], [350, 322], [407, 419], [355, 410]]
data_bruh_jack\cam1_pose\cam1_20241016_003707_0040.png [[362, 42], [371, 34], [355, 35], [383, 39], [346, 42], [406, 97], [332, 104], [431, 164], [314, 167], [460, 219], [290, 223], [394, 223], [346, 223], [400, 318], [350, 321], [406, 417], [355, 410]]
data_bruh_jack\cam1_pose\cam1_20241016_003707_0041.png [[362, 42], [371, 34], [355, 35], [383, 39], [346, 42], [406, 97], [332, 104], [431, 164], [314, 167], [460, 219], [290, 223], [394, 223], [346, 223], [400, 318], [350, 321], [406, 417], [355, 410]]
data_bruh_jack\cam1_pose\cam1_20241016_003707_0042.png [[362, 41], [371, 33], [354, 35], [383, 39], [345, 42], [405, 97], [331, 104], [431, 164], [313, 167], [460, 219], [290, 223], [393, 224], [346, 224], [400, 318], [350, 321], [406, 416], [355, 410]]
data_bruh_jack\cam1_pose\cam1_20241016_003707_0043.png [[361, 41], [371, 33], [354, 35], [383, 39], [345, 41], [405, 96], [331, 103], [430, 163], [313, 167], [460, 219], [289, 222], [393, 224], [346, 224], [400, 317], [350, 321], [406, 417], [355, 410]]
data_bruh_jack\cam1_pose\cam1_20241016_003707_0044.png [[362, 41], [371, 33], [354, 35], [383, 39], [345, 42], [405, 97], [331, 103], [431, 164], [313, 167], [460, 219], [289, 222], [393, 225], [346, 226], [400, 316], [350, 321], [405, 417], [355, 410]]
data_bruh_jack\cam1_pose\cam1_20241016_003707_0045.png [[364, 42], [373, 34], [356, 35], [385, 40], [347, 41], [407, 98], [332, 104], [433, 164], [313, 167], [461, 220], [289, 222], [394, 226], [346, 226], [400, 320], [350, 323], [405, 416], [354, 410]]
data_bruh_jack\cam1_pose\cam1_20241016_003707_0046.png [[371, 41], [380, 33], [363, 35], [392, 39], [354, 42], [414, 98], [337, 104], [437, 164], [317, 167], [466, 223], [292, 223], [398, 226], [349, 225], [401, 323], [351, 324], [405, 418], [354, 410]]
data_bruh_jack\cam1_pose\cam1_20241016_003707_0047.png [[373, 41], [382, 33], [365, 35], [394, 40], [355, 41], [416, 99], [339, 103], [438, 164], [318, 166], [467, 222], [292, 222], [398, 227], [350, 225], [401, 322], [352, 323], [405, 419], [354, 409]]
data_bruh_jack\cam1_pose\cam1_20241016_003707_0048.png [[373, 41], [382, 33], [365, 35], [394, 40], [355, 41], [416, 99], [339, 103], [438, 164], [318, 166], [467, 222], [292, 222], [398, 227], [350, 225], [401, 322], [352, 323], [405, 419], [354, 409]]
data_bruh_jack\cam1_pose\cam1_20241016_003707_0049.png [[374, 41], [383, 33], [367, 34], [395, 39], [357, 41], [417, 98], [340, 102], [439, 164], [319, 165], [468, 222], [293, 222], [400, 227], [351, 225], [402, 323], [352, 324], [405, 418], [354, 409]]
data_bruh_jack\cam1_pose\cam1_20241016_003707_0050.png [[376, 41], [385, 33], [368, 34], [397, 39], [359, 40], [419, 98], [341, 102], [441, 164], [320, 165], [469, 223], [293, 222], [401, 231], [352, 228], [403, 324], [352, 325], [405, 419], [354, 409]]
data_bruh_jack\cam1_pose\cam1_20241016_003707_0051.png [[377, 40], [386, 32], [370, 33], [398, 38], [360, 39], [420, 98], [342, 102], [442, 165], [320, 164], [470, 223], [294, 221], [401, 231], [352, 228], [404, 324], [353, 325], [405, 418], [353, 409]]
data_bruh_jack\cam1_pose\cam1_20241016_003707_0052.png [[379, 39], [388, 32], [371, 33], [399, 38], [361, 39], [421, 98], [343, 101], [443, 164], [320, 163], [470, 223], [293, 220], [401, 232], [352, 228], [404, 325], [352, 324], [406, 418], [352, 409]]
data_bruh_jack\cam1_pose\cam1_20241016_003707_0053.png [[379, 39], [388, 31], [371, 33], [400, 38], [361, 39], [421, 98], [343, 101], [443, 164], [320, 163], [470, 222], [293, 220], [401, 231], [353, 228], [404, 325], [351, 323], [406, 419], [350, 410]]
data_bruh_jack\cam1_pose\cam1_20241016_003707_0054.png [[376, 39], [385, 31], [368, 33], [395, 39], [357, 39], [417, 98], [338, 101], [438, 162], [315, 163], [466, 220], [287, 219], [400, 229], [348, 226], [403, 320], [345, 320], [405, 418], [341, 413]]
data_bruh_jack\cam1_pose\cam1_20241016_003707_0055.png [[374, 40], [383, 32], [366, 33], [394, 39], [355, 39], [415, 98], [336, 102], [437, 164], [313, 164], [465, 220], [285, 220], [398, 228], [346, 226], [402, 320], [344, 318], [405, 419], [341, 414]]
data_bruh_jack\cam1_pose\cam1_20241016_003707_0056.png [[374, 40], [383, 32], [366, 33], [394, 39], [355, 39], [415, 98], [336, 102], [437, 164], [313, 164], [465, 220], [285, 220], [398, 228], [346, 226], [402, 320], [344, 318], [405, 419], [341, 414]]
data_bruh_jack\cam1_pose\cam1_20241016_003707_0057.png [[372, 41], [381, 33], [364, 34], [391, 39], [353, 41], [413, 99], [334, 102], [435, 164], [311, 165], [463, 220], [283, 221], [397, 229], [346, 227], [401, 320], [343, 319], [405, 419], [341, 414]]
data_bruh_jack\cam1_pose\cam1_20241016_003707_0058.png [[370, 41], [379, 34], [362, 35], [389, 41], [351, 41], [410, 99], [332, 102], [433, 164], [309, 165], [461, 220], [281, 222], [395, 230], [344, 228], [400, 320], [342, 319], [405, 419], [342, 415]]
data_bruh_jack\cam1_pose\cam1_20241016_003708_0059.png [[361, 42], [369, 34], [353, 35], [380, 41], [342, 42], [402, 99], [323, 103], [425, 162], [301, 166], [455, 217], [275, 222], [389, 231], [338, 230], [397, 322], [338, 323], [404, 418], [341, 414]]
data_bruh_jack\cam1_pose\cam1_20241016_003708_0060.png [[358, 42], [366, 34], [350, 35], [377, 41], [339, 42], [399, 99], [320, 103], [423, 161], [299, 166], [453, 217], [273, 222], [388, 231], [337, 230], [396, 321], [338, 322], [403, 417], [341, 414]]
data_bruh_jack\cam1_pose\cam1_20241016_003708_0061.png [[357, 41], [365, 34], [349, 34], [376, 41], [338, 41], [398, 99], [319, 103], [422, 162], [298, 165], [452, 216], [273, 222], [387, 231], [337, 231], [395, 320], [338, 321], [403, 416], [341, 414]]
data_bruh_jack\cam1_pose\cam1_20241016_003708_0062.png [[356, 41], [365, 34], [349, 34], [376, 41], [338, 41], [397, 99], [318, 103], [422, 162], [298, 165], [452, 216], [272, 221], [386, 230], [336, 229], [395, 317], [339, 319], [401, 413], [341, 413]]
data_bruh_jack\cam1_pose\cam1_20241016_003708_0063.png [[356, 41], [365, 34], [349, 34], [376, 41], [338, 41], [397, 99], [318, 103], [422, 162], [298, 165], [452, 216], [272, 221], [386, 230], [336, 229], [395, 317], [339, 319], [401, 413], [341, 413]]
data_bruh_jack\cam1_pose\cam1_20241016_003708_0064.png [[356, 41], [365, 34], [349, 34], [375, 41], [338, 41], [397, 99], [317, 103], [422, 162], [297, 165], [451, 216], [272, 221], [387, 230], [336, 230], [395, 316], [340, 318], [401, 412], [341, 413]]
data_bruh_jack\cam1_pose\cam1_20241016_003708_0065.png [[360, 42], [369, 35], [352, 35], [378, 41], [341, 41], [399, 100], [320, 102], [423, 163], [299, 165], [452, 218], [273, 221], [388, 228], [337, 227], [394, 315], [341, 318], [399, 411], [341, 413]]
data_bruh_jack\cam1_pose\cam1_20241016_003708_0066.png [[362, 42], [370, 35], [354, 35], [380, 42], [342, 42], [401, 101], [322, 102], [424, 164], [300, 165], [454, 219], [274, 222], [388, 227], [338, 226], [394, 315], [342, 319], [399, 412], [341, 413]]
data_bruh_jack\cam1_pose\cam1_20241016_003708_0067.png [[364, 42], [373, 35], [356, 36], [382, 42], [344, 41], [402, 101], [323, 102], [426, 164], [301, 166], [454, 219], [275, 222], [389, 227], [340, 227], [395, 318], [343, 320], [399, 412], [341, 414]]
data_bruh_jack\cam1_pose\cam1_20241016_003708_0068.png [[367, 43], [375, 36], [358, 36], [383, 43], [347, 42], [404, 101], [325, 103], [427, 165], [303, 166], [455, 220], [276, 222], [391, 229], [341, 228], [394, 320], [343, 321], [399, 413], [341, 414]]
data_bruh_jack\cam1_pose\cam1_20241016_003708_0069.png [[371, 44], [379, 36], [363, 36], [388, 44], [351, 42], [409, 102], [329, 103], [431, 166], [306, 166], [458, 221], [279, 222], [393, 227], [344, 227], [395, 321], [345, 321], [399, 413], [341, 414]]
data_bruh_jack\cam1_pose\cam1_20241016_003708_0070.png [[373, 44], [382, 36], [365, 36], [390, 43], [353, 42], [411, 102], [331, 102], [433, 166], [308, 164], [459, 221], [280, 221], [395, 227], [345, 226], [397, 322], [346, 323], [399, 412], [342, 414]]
data_bruh_jack\cam1_pose\cam1_20241016_003708_0071.png [[373, 44], [382, 36], [365, 36], [390, 43], [353, 42], [411, 102], [331, 102], [433, 166], [308, 164], [459, 221], [280, 221], [395, 227], [345, 226], [397, 322], [346, 323], [399, 412], [342, 414]]
data_bruh_jack\cam1_pose\cam1_20241016_003708_0072.png [[375, 43], [384, 36], [367, 36], [392, 43], [355, 42], [412, 102], [332, 102], [434, 166], [309, 164], [460, 221], [281, 221], [396, 229], [346, 229], [398, 322], [346, 323], [400, 413], [342, 413]]
data_bruh_jack\cam1_pose\cam1_20241016_003708_0073.png [[380, 42], [389, 34], [373, 35], [397, 42], [359, 39], [416, 101], [336, 100], [436, 165], [312, 161], [463, 221], [283, 218], [398, 227], [349, 225], [400, 316], [349, 319], [400, 413], [342, 411]]
data_bruh_jack\cam1_pose\cam1_20241016_003708_0074.png [[381, 42], [389, 34], [373, 34], [397, 42], [359, 39], [416, 101], [336, 100], [436, 164], [311, 162], [462, 221], [283, 218], [398, 226], [348, 224], [400, 317], [348, 319], [400, 413], [343, 412]]
data_bruh_jack\cam1_pose\cam1_20241016_003708_0075.png [[381, 41], [389, 34], [373, 34], [397, 42], [359, 39], [416, 101], [335, 100], [435, 165], [311, 162], [462, 221], [282, 218], [398, 225], [348, 224], [400, 316], [347, 318], [400, 413], [343, 411]]
data_bruh_jack\cam1_pose\cam1_20241016_003708_0076.png [[380, 41], [388, 34], [372, 34], [396, 41], [359, 39], [415, 101], [335, 100], [435, 165], [310, 162], [461, 221], [281, 219], [397, 227], [347, 226], [400, 317], [345, 319], [400, 413], [343, 412]]
data_bruh_jack\cam1_pose\cam1_20241016_003708_0077.png [[380, 42], [388, 35], [371, 34], [395, 41], [358, 39], [414, 102], [334, 100], [434, 165], [309, 162], [460, 220], [280, 219], [397, 231], [347, 230], [400, 319], [345, 321], [400, 413], [344, 415]]
data_bruh_jack\cam1_pose\cam1_20241016_003708_0078.png [[379, 42], [386, 35], [370, 34], [394, 41], [357, 40], [412, 102], [332, 100], [432, 165], [308, 162], [459, 221], [279, 220], [396, 231], [346, 230], [400, 320], [344, 320], [400, 413], [343, 416]]
data_bruh_jack\cam1_pose\cam1_20241016_003708_0079.png [[377, 42], [385, 35], [368, 34], [392, 41], [355, 40], [410, 102], [331, 101], [431, 166], [307, 162], [457, 221], [278, 220], [395, 233], [344, 232], [400, 321], [343, 322], [400, 414], [343, 416]]
data_bruh_jack\cam1_pose\cam1_20241016_003709_0080.png [[375, 42], [383, 35], [367, 35], [391, 41], [353, 41], [409, 103], [329, 101], [429, 167], [305, 163], [455, 221], [276, 221], [394, 233], [344, 232], [400, 322], [343, 324], [400, 413], [343, 417]]
data_bruh_jack\cam1_pose\cam1_20241016_003709_0081.png [[369, 41], [377, 34], [361, 34], [346, 40], [401, 102], [321, 99], [421, 164], [298, 164], [448, 219], [272, 222], [389, 228], [338, 228], [400, 316], [341, 322], [400, 411], [343, 416]]
data_bruh_jack\cam1_pose\cam1_20241016_003709_0082.png [[368, 41], [376, 34], [360, 34], [345, 40], [400, 102], [320, 99], [419, 164], [297, 164], [447, 219], [271, 222], [388, 228], [338, 228], [399, 314], [341, 322], [400, 411], [343, 416]]
data_bruh_jack\cam1_pose\cam1_20241016_003709_0083.png [[368, 41], [375, 34], [359, 33], [344, 40], [398, 102], [319, 99], [418, 164], [296, 164], [446, 219], [271, 222], [387, 227], [337, 227], [398, 313], [341, 322], [399, 411], [343, 416]]
data_bruh_jack\cam1_pose\cam1_20241016_003709_0084.png [[367, 41], [374, 33], [358, 33], [344, 39], [398, 102], [318, 99], [417, 164], [296, 163], [445, 218], [271, 222], [387, 227], [337, 227], [398, 314], [341, 321], [397, 412], [343, 415]]
data_bruh_jack\cam1_pose\cam1_20241016_003709_0085.png [[367, 41], [374, 33], [358, 33], [343, 39], [397, 102], [318, 99], [417, 164], [296, 163], [444, 218], [271, 222], [387, 226], [337, 226], [397, 313], [341, 321], [396, 412], [343, 415]]
data_bruh_jack\cam1_pose\cam1_20241016_003709_0086.png [[368, 41], [374, 33], [359, 33], [344, 39], [397, 102], [318, 98], [416, 164], [296, 163], [443, 218], [271, 221], [387, 226], [338, 226], [396, 314], [341, 321], [394, 412], [343, 414]]
data_bruh_jack\cam1_pose\cam1_20241016_003709_0087.png [[368, 41], [375, 33], [359, 33], [344, 39], [397, 102], [318, 98], [416, 164], [296, 163], [443, 218], [272, 222], [388, 226], [338, 227], [396, 315], [342, 322], [392, 412], [343, 415]]
data_bruh_jack\cam1_pose\cam1_20241016_003709_0088.png [[369, 41], [376, 34], [361, 33], [345, 38], [398, 102], [319, 98], [416, 164], [297, 163], [443, 219], [272, 221], [387, 225], [338, 224], [395, 316], [342, 322], [390, 412], [343, 415]]
data_bruh_jack\cam1_pose\cam1_20241016_003709_0089.png [[374, 42], [382, 35], [366, 34], [350, 40], [402, 105], [324, 99], [419, 166], [301, 164], [445, 221], [275, 221], [389, 227], [341, 225], [394, 321], [343, 325], [389, 413], [343, 416]]
data_bruh_jack\cam1_pose\cam1_20241016_003709_0090.png [[376, 42], [383, 36], [368, 35], [353, 40], [404, 105], [326, 99], [421, 167], [303, 164], [446, 222], [276, 221], [390, 227], [342, 225], [394, 321], [343, 325], [389, 413], [343, 416]]
data_bruh_jack\cam1_pose\cam1_20241016_003709_0091.png [[378, 43], [385, 36], [370, 35], [354, 41], [406, 105], [328, 99], [422, 167], [304, 163], [446, 222], [277, 221], [392, 228], [343, 226], [394, 324], [344, 327], [390, 414], [344, 416]]
data_bruh_jack\cam1_pose\cam1_20241016_003709_0092.png [[380, 43], [387, 36], [371, 35], [356, 41], [407, 105], [330, 99], [423, 168], [306, 162], [448, 222], [278, 220], [393, 229], [344, 227], [395, 323], [344, 326], [390, 414], [344, 416]]
data_bruh_jack\cam1_pose\cam1_20241016_003709_0093.png [[381, 43], [389, 36], [373, 35], [358, 41], [409, 105], [331, 98], [424, 169], [308, 161], [448, 222], [280, 218], [394, 230], [346, 228], [397, 324], [346, 327], [389, 415], [344, 416]]
data_bruh_jack\cam1_pose\cam1_20241016_003709_0094.png [[383, 42], [390, 36], [374, 35], [359, 41], [410, 105], [332, 98], [425, 168], [309, 160], [449, 223], [281, 218], [395, 229], [347, 227], [397, 323], [347, 325], [389, 415], [344, 417]]
data_bruh_jack\cam1_pose\cam1_20241016_003709_0095.png [[384, 42], [391, 35], [376, 34], [397, 42], [360, 41], [411, 105], [334, 98], [425, 168], [310, 160], [449, 223], [282, 217], [395, 228], [347, 226], [397, 322], [348, 323], [390, 414], [344, 417]]
data_bruh_jack\cam1_pose\cam1_20241016_003709_0096.png [[386, 41], [393, 35], [377, 33], [362, 39], [412, 105], [335, 96], [426, 167], [311, 158], [449, 222], [283, 215], [395, 227], [347, 224], [397, 321], [347, 321], [389, 415], [344, 418]]
data_bruh_jack\cam1_pose\cam1_20241016_003709_0097.png [[386, 41], [393, 34], [377, 33], [362, 39], [411, 105], [335, 96], [425, 167], [311, 158], [449, 222], [283, 215], [395, 227], [347, 224], [397, 321], [346, 322], [389, 415], [343, 417]]
data_bruh_jack\cam1_pose\cam1_20241016_003709_0098.png [[385, 41], [392, 34], [377, 33], [361, 39], [410, 105], [334, 96], [424, 167], [311, 158], [448, 222], [282, 215], [394, 229], [347, 226], [396, 322], [345, 323], [389, 415], [343, 418]]
data_bruh_jack\cam1_pose\cam1_20241016_003709_0099.png [[385, 41], [392, 34], [376, 33], [361, 39], [409, 104], [334, 96], [423, 168], [310, 158], [446, 221], [281, 216], [393, 228], [346, 225], [395, 321], [344, 322], [389, 415], [343, 418]]
