data_bruh_jack\cam2_pose\cam2_20241016_003705_0000.png [[172, 119], [181, 114], [166, 113], [189, 119], [157, 117], [203, 164], [143, 165], [221, 218], [127, 217], [239, 266], [104, 263], [188, 271], [147, 269], [190, 349], [148, 349], [187, 428], [146, 421]]
data_bruh_jack\cam2_pose\cam2_20241016_003705_0001.png [[173, 119], [181, 114], [167, 113], [190, 119], [157, 117], [204, 164], [143, 165], [221, 218], [127, 217], [240, 265], [105, 263], [189, 272], [148, 269], [190, 350], [148, 349], [187, 428], [146, 421]]
data_bruh_jack\cam2_pose\cam2_20241016_003705_0002.png [[174, 119], [181, 114], [167, 113], [190, 118], [157, 117], [205, 164], [144, 165], [222, 218], [127, 217], [240, 265], [105, 263], [190, 270], [148, 268], [190, 349], [148, 348], [187, 428], [146, 421]]
data_bruh_jack\cam2_pose\cam2_20241016_003705_0003.png [[174, 119], [182, 114], [168, 113], [191, 119], [158, 117], [205, 164], [144, 165], [222, 218], [127, 217], [241, 266], [105, 263], [190, 270], [149, 267], [190, 349], [148, 348], [187, 428], [146, 421]]
data_bruh_jack\cam2_pose\cam2_20241016_003705_0004.png [[175, 119], [182, 114], [169, 113], [191, 118], [158, 117], [206, 164], [144, 165], [223, 218], [127, 217], [241, 265], [106, 263], [191, 269], [149, 267], [191, 350], [148, 349], [187, 428], [146, 421]]
data_bruh_jack\cam2_pose\cam2_20241016_003705_0005.png [[175, 119], [183, 114], [169, 113], [191, 118], [159, 117], [206, 164], [145, 165], [223, 218], [128, 217], [242, 265], [106, 263], [191, 269], [150, 267], [191, 350], [149, 348], [187, 428], [146, 421]]
data_bruh_jack\cam2_pose\cam2_20241016_003705_0006.png [[176, 119], [184, 114], [170, 113], [193, 118], [160, 117], [208, 164], [145, 165], [224, 217], [128, 217], [243, 265], [106, 263], [192, 270], [151, 267], [192, 349], [149, 348], [187, 428], [146, 421]]
data_bruh_jack\cam2_pose\cam2_20241016_003705_0007.png [[177, 119], [184, 114], [171, 113], [193, 118], [160, 117], [208, 164], [146, 165], [225, 217], [128, 217], [244, 265], [106, 263], [193, 269], [151, 266], [193, 348], [148, 347], [187, 428], [146, 421]]
data_bruh_jack\cam2_pose\cam2_20241016_003705_0008.png [[177, 119], [185, 113], [171, 113], [193, 118], [160, 117], [209, 164], [146, 165], [225, 216], [129, 216], [244, 264], [106, 263], [193, 270], [151, 267], [193, 349], [146, 347], [187, 428], [145, 421]]
data_bruh_jack\cam2_pose\cam2_20241016_003705_0009.png [[177, 119], [185, 113], [171, 113], [193, 118], [160, 116], [209, 164], [146, 165], [225, 216], [128, 216], [244, 264], [106, 263], [193, 270], [151, 267], [193, 349], [145, 347], [187, 428], [143, 421]]
data_bruh_jack\cam2_pose\cam2_20241016_003705_0010.png [[177, 119], [185, 113], [171, 113], [193, 118], [160, 116], [209, 164], [145, 164], [225, 216], [128, 216], [244, 263], [106, 263], [193, 270], [151, 267], [192, 350], [145, 347], [187, 428], [141, 421]]
data_bruh_jack\cam2_pose\cam2_20241016_003705_0011.png [[177, 118], [184, 113], [171, 112], [193, 118], [160, 116], [208, 163], [145, 164], [225, 215], [128, 216], [244, 263], [105, 263], [193, 269], [150, 267], [192, 350], [142, 346], [187, 428], [139, 421]]
data_bruh_jack\cam2_pose\cam2_20241016_003705_0012.png [[176, 118], [184, 113], [170, 112], [191, 117], [159, 115], [208, 163], [143, 164], [224, 215], [127, 215], [244, 262], [104, 263], [193, 269], [149, 267], [192, 348], [141, 346], [187, 428], [134, 423]]
data_bruh_jack\cam2_pose\cam2_20241016_003705_0013.png [[174, 117], [181, 112], [167, 112], [188, 117], [156, 115], [203, 163], [139, 163], [222, 215], [122, 215], [242, 261], [99, 262], [191, 268], [146, 266], [190, 347], [137, 346], [187, 427], [128, 425]]
data_bruh_jack\cam2_pose\cam2_20241016_003705_0014.png [[173, 118], [180, 112], [166, 112], [187, 117], [154, 115], [202, 163], [137, 164], [221, 215], [119, 216], [241, 261], [97, 262], [190, 268], [145, 265], [189, 347], [136, 347], [187, 427], [128, 425]]
data_bruh_jack\cam2_pose\cam2_20241016_003705_0015.png [[171, 118], [179, 113], [165, 112], [185, 117], [153, 116], [200, 163], [136, 164], [220, 215], [116, 218], [241, 262], [94, 262], [188, 269], [144, 265], [189, 347], [136, 348], [187, 428], [128, 426]]
data_bruh_jack\cam2_pose\cam2_20241016_003706_0016.png [[169, 118], [176, 113], [162, 112], [182, 118], [149, 115], [197, 164], [131, 164], [217, 216], [112, 217], [238, 261], [89, 263], [185, 270], [140, 266], [187, 346], [134, 348], [187, 428], [129, 427]]
data_bruh_jack\cam2_pose\cam2_20241016_003706_0017.png [[167, 118], [175, 113], [161, 112], [180, 117], [148, 114], [196, 164], [128, 163], [216, 216], [110, 216], [237, 260], [87, 263], [183, 268], [139, 265], [187, 344], [134, 346], [187, 428], [129, 426]]
data_bruh_jack\cam2_pose\cam2_20241016_003706_0018.png [[166, 117], [173, 112], [160, 111], [179, 117], [146, 114], [194, 165], [127, 162], [214, 215], [107, 216], [235, 260], [85, 262], [182, 269], [136, 267], [186, 344], [134, 347], [186, 427], [129, 427]]
data_bruh_jack\cam2_pose\cam2_20241016_003706_0019.png [[166, 117], [173, 112], [159, 111], [179, 117], [146, 114], [193, 165], [125, 162], [213, 215], [106, 215], [234, 260], [83, 262], [181, 267], [136, 266], [185, 342], [134, 346], [186, 427], [130, 426]]
data_bruh_jack\cam2_pose\cam2_20241016_003706_0020.png [[165, 117], [173, 112], [158, 111], [178, 117], [145, 113], [193, 165], [123, 161], [212, 215], [104, 216], [233, 260], [82, 262], [181, 265], [135, 263], [185, 341], [134, 346], [184, 425], [130, 426]]
data_bruh_jack\cam2_pose\cam2_20241016_003706_0021.png [[165, 117], [172, 112], [159, 110], [177, 117], [145, 113], [192, 165], [122, 161], [212, 215], [103, 214], [233, 260], [81, 261], [180, 264], [135, 262], [184, 341], [134, 345], [183, 424], [130, 426]]
data_bruh_jack\cam2_pose\cam2_20241016_003706_0022.png [[166, 117], [173, 112], [159, 110], [177, 117], [145, 113], [191, 164], [122, 161], [211, 215], [103, 214], [232, 259], [80, 261], [180, 263], [134, 261], [183, 341], [134, 344], [181, 423], [130, 426]]
data_bruh_jack\cam2_pose\cam2_20241016_003706_0023.png [[168, 118], [175, 113], [161, 111], [179, 119], [146, 113], [193, 165], [123, 161], [212, 217], [103, 214], [233, 261], [80, 261], [181, 268], [136, 265], [181, 344], [134, 345], [176, 423], [130, 426]]
data_bruh_jack\cam2_pose\cam2_20241016_003706_0024.png [[170, 118], [176, 114], [163, 111], [181, 119], [148, 114], [194, 166], [124, 161], [213, 218], [104, 214], [233, 262], [80, 261], [181, 269], [136, 267], [181, 345], [134, 346], [176, 423], [129, 426]]
data_bruh_jack\cam2_pose\cam2_20241016_003706_0025.png [[173, 119], [179, 114], [166, 112], [151, 114], [196, 166], [127, 162], [214, 218], [106, 215], [233, 263], [81, 261], [182, 269], [138, 267], [180, 346], [135, 345], [176, 424], [129, 426]]
data_bruh_jack\cam2_pose\cam2_20241016_003706_0026.png [[175, 119], [181, 114], [169, 112], [153, 114], [198, 166], [129, 161], [215, 219], [107, 214], [234, 263], [82, 261], [183, 269], [139, 266], [180, 346], [136, 345], [176, 424], [128, 426]]
data_bruh_jack\cam2_pose\cam2_20241016_003706_0027.png [[177, 119], [183, 114], [170, 112], [188, 119], [154, 114], [199, 166], [130, 160], [216, 219], [108, 213], [234, 263], [83, 261], [184, 267], [140, 264], [181, 347], [136, 345], [177, 424], [128, 425]]
data_bruh_jack\cam2_pose\cam2_20241016_003706_0028.png [[178, 119], [184, 114], [172, 112], [155, 114], [200, 166], [131, 159], [217, 219], [109, 213], [234, 263], [84, 261], [185, 266], [141, 264], [181, 346], [136, 345], [177, 424], [128, 425]]
data_bruh_jack\cam2_pose\cam2_20241016_003706_0029.png [[179, 119], [185, 114], [172, 112], [157, 114], [201, 166], [132, 159], [217, 219], [109, 212], [235, 263], [84, 260], [186, 266], [142, 263], [182, 347], [136, 345], [177, 424], [127, 425]]
data_bruh_jack\cam2_pose\cam2_20241016_003706_0030.png [[181, 119], [187, 114], [174, 112], [158, 113], [202, 167], [132, 159], [217, 219], [110, 211], [234, 263], [83, 260], [186, 271], [142, 267], [184, 347], [135, 345], [177, 425], [124, 426]]
data_bruh_jack\cam2_pose\cam2_20241016_003706_0031.png [[181, 119], [187, 114], [174, 112], [158, 113], [202, 166], [132, 159], [216, 219], [109, 210], [233, 263], [82, 259], [187, 272], [141, 267], [184, 348], [134, 346], [177, 425], [123, 427]]
data_bruh_jack\cam2_pose\cam2_20241016_003706_0032.png [[180, 119], [186, 114], [174, 112], [157, 113], [201, 166], [131, 159], [216, 219], [108, 210], [233, 263], [81, 259], [186, 273], [141, 267], [184, 348], [133, 345], [177, 425], [122, 428]]
data_bruh_jack\cam2_pose\cam2_20241016_003706_0033.png [[179, 119], [185, 114], [173, 112], [157, 114], [200, 166], [130, 159], [215, 219], [107, 211], [232, 263], [80, 258], [185, 272], [140, 267], [183, 349], [132, 345], [177, 425], [122, 428]]
data_bruh_jack\cam2_pose\cam2_20241016_003706_0034.png [[177, 119], [183, 114], [171, 112], [154, 114], [197, 166], [128, 159], [212, 219], [104, 211], [231, 263], [76, 259], [184, 273], [139, 270], [183, 350], [131, 348], [177, 425], [121, 429]]
data_bruh_jack\cam2_pose\cam2_20241016_003706_0035.png [[176, 119], [182, 114], [169, 112], [152, 114], [196, 167], [126, 159], [211, 219], [102, 211], [230, 263], [74, 260], [182, 272], [137, 269], [182, 349], [130, 347], [177, 425], [122, 429]]
data_bruh_jack\cam2_pose\cam2_20241016_003706_0036.png [[174, 119], [180, 114], [167, 112], [151, 114], [194, 167], [125, 159], [210, 219], [100, 211], [229, 264], [73, 260], [182, 272], [136, 268], [182, 348], [130, 346], [177, 425], [122, 430]]
data_bruh_jack\cam2_pose\cam2_20241016_003707_0037.png [[169, 118], [175, 113], [163, 111], [146, 113], [189, 167], [118, 159], [205, 219], [95, 212], [224, 263], [68, 260], [178, 272], [131, 269], [181, 347], [129, 350], [177, 424], [122, 430]]
data_bruh_jack\cam2_pose\cam2_20241016_003707_0038.png [[168, 117], [174, 113], [161, 111], [144, 113], [188, 166], [117, 158], [204, 219], [94, 211], [223, 262], [67, 260], [177, 272], [130, 269], [180, 348], [128, 350], [176, 424], [122, 430]]
data_bruh_jack\cam2_pose\cam2_20241016_003707_0039.png [[167, 117], [173, 112], [161, 110], [143, 112], [186, 166], [116, 158], [203, 218], [92, 211], [222, 262], [66, 260], [176, 270], [130, 267], [179, 347], [128, 351], [176, 423], [122, 430]]
data_bruh_jack\cam2_pose\cam2_20241016_003707_0040.png [[167, 117], [172, 112], [160, 110], [142, 111], [185, 165], [115, 157], [202, 218], [92, 210], [221, 261], [65, 259], [176, 270], [129, 267], [178, 347], [128, 351], [175, 423], [122, 430]]
data_bruh_jack\cam2_pose\cam2_20241016_003707_0041.png [[166, 116], [172, 111], [160, 109], [142, 111], [185, 165], [115, 156], [201, 218], [91, 210], [221, 261], [65, 258], [175, 268], [128, 266], [178, 345], [128, 350], [174, 422], [122, 430]]
data_bruh_jack\cam2_pose\cam2_20241016_003707_0042.png [[166, 116], [172, 111], [160, 109], [142, 111], [184, 165], [114, 156], [200, 218], [91, 210], [220, 261], [65, 258], [176, 269], [129, 267], [178, 346], [128, 350], [173, 422], [122, 430]]
data_bruh_jack\cam2_pose\cam2_20241016_003707_0043.png [[167, 117], [172, 112], [160, 109], [142, 111], [184, 165], [115, 156], [200, 218], [92, 210], [220, 261], [65, 258], [176, 268], [129, 266], [177, 346], [129, 350], [171, 423], [122, 430]]
data_bruh_jack\cam2_pose\cam2_20241016_003707_0044.png [[167, 117], [173, 112], [161, 110], [143, 111], [185, 166], [115, 156], [200, 218], [92, 210], [220, 261], [66, 259], [176, 270], [130, 267], [176, 347], [128, 351], [170, 423], [122, 430]]
data_bruh_jack\cam2_pose\cam2_20241016_003707_0045.png [[171, 118], [177, 114], [165, 111], [147, 112], [188, 167], [119, 157], [203, 220], [97, 210], [222, 264], [70, 259], [178, 274], [132, 271], [177, 350], [129, 352], [171, 425], [122, 430]]
data_bruh_jack\cam2_pose\cam2_20241016_003707_0046.png [[173, 119], [178, 114], [167, 111], [149, 113], [190, 168], [121, 158], [204, 221], [98, 210], [223, 264], [71, 259], [178, 273], [134, 270], [177, 351], [129, 352], [171, 425], [122, 430]]
data_bruh_jack\cam2_pose\cam2_20241016_003707_0047.png [[175, 119], [181, 114], [168, 112], [150, 113], [191, 168], [123, 158], [205, 221], [100, 210], [223, 264], [73, 259], [180, 273], [135, 269], [178, 351], [130, 350], [171, 426], [122, 430]]
data_bruh_jack\cam2_pose\cam2_20241016_003707_0048.png [[176, 119], [182, 114], [170, 112], [152, 113], [192, 169], [125, 157], [206, 221], [101, 210], [223, 264], [74, 258], [181, 271], [136, 267], [178, 349], [131, 349], [171, 426], [122, 430]]
data_bruh_jack\cam2_pose\cam2_20241016_003707_0049.png [[178, 120], [183, 115], [172, 113], [153, 113], [193, 168], [127, 157], [206, 221], [103, 209], [224, 264], [76, 257], [181, 272], [137, 268], [179, 351], [131, 350], [170, 426], [122, 430]]
data_bruh_jack\cam2_pose\cam2_20241016_003707_0050.png [[179, 120], [184, 115], [173, 112], [155, 113], [194, 168], [127, 157], [207, 221], [104, 209], [224, 264], [77, 257], [182, 272], [138, 268], [179, 350], [132, 350], [171, 426], [121, 429]]
data_bruh_jack\cam2_pose\cam2_20241016_003707_0051.png [[180, 119], [185, 114], [174, 112], [155, 113], [195, 168], [128, 156], [208, 220], [104, 209], [225, 264], [77, 256], [182, 272], [139, 268], [180, 349], [133, 349], [171, 426], [121, 429]]
data_bruh_jack\cam2_pose\cam2_20241016_003707_0052.png [[181, 119], [186, 114], [174, 112], [156, 113], [195, 168], [128, 156], [208, 221], [104, 208], [225, 264], [77, 256], [183, 272], [139, 267], [180, 350], [133, 348], [171, 426], [121, 429]]
data_bruh_jack\cam2_pose\cam2_20241016_003707_0053.png [[180, 119], [185, 114], [174, 112], [155, 112], [194, 167], [127, 156], [206, 220], [104, 207], [223, 263], [75, 255], [181, 273], [137, 269], [179, 350], [130, 348], [171, 426], [119, 430]]
data_bruh_jack\cam2_pose\cam2_20241016_003707_0054.png [[179, 119], [184, 114], [173, 111], [154, 112], [193, 167], [127, 156], [205, 219], [103, 207], [222, 263], [74, 255], [181, 273], [137, 269], [179, 349], [130, 348], [171, 426], [118, 431]]
data_bruh_jack\cam2_pose\cam2_20241016_003707_0055.png [[178, 119], [183, 114], [172, 112], [153, 112], [191, 167], [125, 156], [203, 221], [101, 208], [221, 263], [74, 256], [180, 274], [136, 270], [179, 348], [129, 348], [171, 426], [118, 432]]
data_bruh_jack\cam2_pose\cam2_20241016_003707_0056.png [[176, 119], [181, 114], [170, 112], [151, 112], [189, 167], [124, 156], [202, 221], [100, 208], [220, 263], [72, 258], [179, 275], [135, 272], [178, 349], [128, 351], [171, 426], [118, 432]]
data_bruh_jack\cam2_pose\cam2_20241016_003707_0057.png [[175, 119], [179, 114], [169, 112], [149, 112], [187, 167], [121, 156], [200, 220], [98, 209], [218, 263], [71, 258], [178, 275], [134, 271], [178, 348], [127, 351], [171, 425], [118, 433]]
data_bruh_jack\cam2_pose\cam2_20241016_003707_0058.png [[173, 119], [178, 114], [166, 111], [147, 111], [185, 167], [119, 156], [199, 219], [96, 209], [216, 261], [70, 258], [176, 275], [131, 271], [177, 347], [126, 349], [170, 425], [118, 433]]
data_bruh_jack\cam2_pose\cam2_20241016_003708_0059.png [[171, 118], [176, 114], [164, 111], [145, 111], [183, 166], [117, 156], [197, 220], [94, 210], [215, 261], [68, 258], [175, 274], [130, 270], [176, 347], [125, 350], [170, 425], [118, 433]]
data_bruh_jack\cam2_pose\cam2_20241016_003708_0060.png [[165, 116], [170, 111], [158, 109], [139, 109], [177, 165], [111, 154], [192, 218], [89, 209], [211, 260], [64, 258], [170, 272], [125, 270], [173, 348], [122, 351], [169, 424], [118, 433]]
data_bruh_jack\cam2_pose\cam2_20241016_003708_0061.png [[163, 116], [169, 111], [157, 108], [138, 109], [176, 165], [110, 153], [191, 218], [88, 208], [210, 260], [64, 258], [170, 273], [125, 272], [172, 348], [122, 351], [167, 423], [118, 433]]
data_bruh_jack\cam2_pose\cam2_20241016_003708_0062.png [[163, 115], [168, 111], [157, 108], [137, 108], [176, 164], [109, 153], [190, 218], [88, 208], [209, 260], [64, 258], [169, 272], [125, 271], [171, 348], [122, 351], [166, 423], [118, 432]]
data_bruh_jack\cam2_pose\cam2_20241016_003708_0063.png [[163, 115], [168, 111], [157, 108], [137, 108], [175, 164], [109, 153], [190, 218], [88, 208], [208, 260], [64, 258], [169, 273], [125, 271], [170, 348], [122, 352], [164, 423], [118, 433]]
data_bruh_jack\cam2_pose\cam2_20241016_003708_0064.png [[163, 115], [167, 111], [157, 108], [136, 108], [175, 165], [109, 152], [190, 218], [88, 208], [208, 260], [64, 258], [169, 273], [124, 272], [169, 350], [123, 353], [163, 424], [118, 433]]
data_bruh_jack\cam2_pose\cam2_20241016_003708_0065.png [[163, 116], [168, 111], [157, 108], [137, 108], [174, 165], [109, 152], [189, 218], [88, 208], [208, 260], [64, 258], [167, 273], [124, 273], [168, 350], [123, 354], [161, 423], [118, 432]]
data_bruh_jack\cam2_pose\cam2_20241016_003708_0066.png [[166, 117], [171, 113], [161, 110], [140, 110], [176, 166], [112, 154], [189, 219], [92, 209], [208, 261], [70, 258], [168, 271], [125, 269], [167, 350], [124, 353], [159, 423], [118, 432]]
data_bruh_jack\cam2_pose\cam2_20241016_003708_0067.png [[168, 118], [173, 114], [162, 111], [142, 110], [177, 166], [113, 155], [190, 220], [94, 209], [208, 262], [71, 258], [169, 272], [127, 270], [167, 351], [125, 353], [159, 424], [118, 432]]
data_bruh_jack\cam2_pose\cam2_20241016_003708_0068.png [[170, 119], [174, 114], [164, 112], [143, 111], [178, 167], [115, 155], [190, 221], [95, 209], [208, 263], [73, 258], [170, 271], [127, 269], [167, 351], [126, 353], [159, 424], [118, 432]]
data_bruh_jack\cam2_pose\cam2_20241016_003708_0069.png [[171, 119], [176, 115], [165, 112], [145, 111], [179, 167], [117, 156], [191, 221], [97, 209], [208, 263], [75, 258], [170, 270], [128, 268], [168, 351], [127, 353], [159, 425], [118, 432]]
data_bruh_jack\cam2_pose\cam2_20241016_003708_0070.png [[172, 120], [177, 116], [167, 113], [146, 112], [180, 168], [118, 156], [191, 221], [99, 209], [208, 263], [76, 258], [171, 273], [130, 270], [169, 351], [128, 353], [159, 425], [118, 432]]
data_bruh_jack\cam2_pose\cam2_20241016_003708_0071.png [[174, 120], [178, 116], [168, 113], [148, 113], [181, 168], [120, 156], [192, 221], [101, 209], [209, 263], [78, 257], [172, 273], [131, 269], [170, 351], [129, 353], [159, 425], [118, 432]]
data_bruh_jack\cam2_pose\cam2_20241016_003708_0072.png [[175, 120], [179, 116], [169, 113], [149, 113], [182, 168], [122, 155], [193, 221], [102, 209], [209, 263], [80, 257], [173, 271], [133, 267], [170, 351], [131, 353], [159, 425], [119, 431]]
data_bruh_jack\cam2_pose\cam2_20241016_003708_0073.png [[178, 120], [182, 116], [173, 113], [152, 112], [183, 167], [125, 154], [193, 221], [106, 207], [209, 263], [83, 255], [175, 273], [135, 268], [172, 351], [133, 353], [160, 425], [121, 431]]
data_bruh_jack\cam2_pose\cam2_20241016_003708_0074.png [[178, 120], [183, 116], [173, 113], [152, 112], [183, 167], [125, 154], [193, 221], [106, 207], [208, 263], [84, 255], [175, 273], [136, 268], [172, 352], [133, 353], [160, 425], [121, 430]]
data_bruh_jack\cam2_pose\cam2_20241016_003708_0075.png [[178, 120], [182, 116], [173, 113], [152, 112], [182, 167], [125, 154], [192, 221], [106, 207], [208, 263], [84, 255], [175, 273], [135, 267], [172, 351], [133, 353], [160, 425], [122, 431]]
data_bruh_jack\cam2_pose\cam2_20241016_003708_0076.png [[178, 120], [182, 116], [173, 113], [152, 112], [182, 167], [125, 154], [191, 221], [106, 207], [207, 263], [84, 255], [175, 273], [135, 268], [172, 351], [133, 353], [160, 425], [122, 432]]
data_bruh_jack\cam2_pose\cam2_20241016_003708_0077.png [[178, 120], [182, 116], [172, 113], [152, 112], [181, 167], [124, 153], [191, 222], [106, 207], [206, 263], [84, 255], [174, 273], [134, 268], [172, 350], [133, 352], [160, 425], [122, 435]]
data_bruh_jack\cam2_pose\cam2_20241016_003708_0078.png [[177, 120], [181, 116], [171, 113], [151, 111], [179, 167], [123, 154], [189, 221], [105, 207], [205, 263], [84, 256], [173, 273], [134, 268], [171, 351], [133, 353], [160, 426], [122, 435]]
data_bruh_jack\cam2_pose\cam2_20241016_003708_0079.png [[176, 120], [180, 116], [170, 113], [150, 111], [178, 167], [122, 153], [188, 222], [104, 208], [203, 263], [83, 257], [172, 272], [133, 268], [171, 351], [133, 354], [160, 425], [122, 435]]
data_bruh_jack\cam2_pose\cam2_20241016_003709_0080.png [[175, 120], [179, 116], [170, 113], [149, 111], [177, 167], [121, 153], [187, 221], [103, 208], [202, 263], [83, 257], [171, 270], [132, 267], [171, 351], [133, 354], [160, 425], [122, 435]]
data_bruh_jack\cam2_pose\cam2_20241016_003709_0081.png [[172, 118], [176, 114], [166, 110], [145, 110], [172, 165], [117, 152], [181, 219], [101, 207], [196, 261], [82, 258], [169, 272], [130, 272], [170, 352], [132, 356], [160, 424], [122, 436]]
data_bruh_jack\cam2_pose\cam2_20241016_003709_0082.png [[172, 117], [175, 113], [166, 110], [145, 109], [170, 165], [116, 152], [180, 219], [101, 207], [195, 261], [82, 258], [169, 271], [130, 272], [169, 351], [131, 355], [160, 423], [122, 436]]
data_bruh_jack\cam2_pose\cam2_20241016_003709_0083.png [[171, 117], [175, 113], [166, 110], [144, 109], [170, 165], [116, 152], [179, 219], [101, 208], [193, 261], [82, 258], [167, 269], [129, 270], [169, 351], [132, 354], [158, 423], [122, 435]]
data_bruh_jack\cam2_pose\cam2_20241016_003709_0084.png [[171, 117], [174, 112], [166, 110], [144, 108], [169, 165], [116, 151], [178, 219], [101, 208], [192, 260], [83, 257], [167, 269], [128, 270], [167, 350], [131, 353], [157, 423], [122, 435]]
data_bruh_jack\cam2_pose\cam2_20241016_003709_0085.png [[171, 117], [174, 112], [166, 110], [144, 108], [169, 165], [117, 151], [178, 219], [101, 208], [191, 260], [84, 257], [166, 270], [128, 270], [166, 351], [132, 354], [155, 423], [122, 435]]
data_bruh_jack\cam2_pose\cam2_20241016_003709_0086.png [[171, 117], [175, 113], [166, 110], [144, 108], [169, 164], [116, 151], [177, 219], [102, 208], [191, 260], [85, 257], [166, 270], [128, 270], [166, 351], [132, 354], [154, 423], [122, 435]]
data_bruh_jack\cam2_pose\cam2_20241016_003709_0087.png [[172, 117], [175, 113], [166, 110], [145, 108], [169, 164], [117, 151], [176, 219], [103, 209], [191, 260], [86, 257], [166, 268], [128, 269], [166, 351], [133, 353], [153, 423], [122, 435]]
data_bruh_jack\cam2_pose\cam2_20241016_003709_0088.png [[172, 117], [175, 113], [167, 110], [146, 108], [169, 164], [117, 151], [176, 220], [103, 208], [190, 261], [87, 257], [167, 269], [129, 270], [165, 351], [133, 353], [151, 425], [122, 435]]
data_bruh_jack\cam2_pose\cam2_20241016_003709_0089.png [[172, 118], [176, 114], [167, 111], [146, 109], [169, 165], [118, 151], [176, 220], [105, 209], [190, 261], [88, 256], [167, 269], [129, 270], [164, 352], [133, 354], [151, 425], [122, 435]]
data_bruh_jack\cam2_pose\cam2_20241016_003709_0090.png [[175, 120], [179, 116], [170, 113], [149, 111], [171, 166], [122, 152], [178, 223], [109, 207], [191, 264], [93, 256], [169, 272], [134, 272], [165, 353], [134, 354], [151, 426], [122, 435]]
data_bruh_jack\cam2_pose\cam2_20241016_003709_0091.png [[176, 120], [179, 117], [171, 113], [150, 112], [172, 167], [124, 152], [178, 223], [111, 207], [191, 264], [94, 255], [169, 272], [134, 272], [166, 353], [135, 354], [151, 426], [122, 434]]
data_bruh_jack\cam2_pose\cam2_20241016_003709_0092.png [[176, 121], [180, 117], [172, 114], [151, 112], [173, 167], [125, 152], [179, 223], [113, 206], [191, 264], [95, 254], [169, 269], [135, 268], [166, 353], [136, 354], [151, 426], [122, 434]]
data_bruh_jack\cam2_pose\cam2_20241016_003709_0093.png [[178, 121], [181, 117], [172, 114], [152, 113], [173, 167], [126, 152], [179, 223], [113, 206], [191, 264], [97, 254], [170, 268], [136, 267], [166, 353], [137, 353], [151, 426], [123, 434]]
data_bruh_jack\cam2_pose\cam2_20241016_003709_0094.png [[178, 121], [182, 117], [173, 114], [152, 113], [174, 167], [127, 152], [180, 222], [115, 206], [191, 264], [98, 254], [170, 267], [136, 267], [167, 351], [138, 350], [151, 426], [123, 433]]
data_bruh_jack\cam2_pose\cam2_20241016_003709_0095.png [[178, 120], [182, 117], [173, 114], [153, 113], [174, 167], [128, 152], [180, 222], [115, 206], [191, 264], [99, 254], [171, 266], [137, 267], [167, 351], [139, 350], [151, 426], [124, 434]]
data_bruh_jack\cam2_pose\cam2_20241016_003709_0096.png [[179, 120], [182, 117], [174, 113], [154, 112], [174, 166], [129, 151], [178, 222], [118, 205], [190, 264], [102, 252], [170, 266], [137, 266], [167, 351], [139, 350], [151, 425], [128, 435]]
data_bruh_jack\cam2_pose\cam2_20241016_003709_0097.png [[179, 120], [182, 116], [174, 113], [154, 112], [173, 166], [129, 151], [178, 222], [118, 205], [190, 264], [103, 251], [170, 266], [137, 265], [166, 351], [140, 350], [151, 425], [127, 435]]
data_bruh_jack\cam2_pose\cam2_20241016_003709_0098.png [[179, 120], [182, 116], [174, 113], [153, 112], [172, 166], [129, 150], [177, 221], [118, 204], [188, 263], [103, 252], [170, 266], [137, 266], [166, 350], [140, 350], [151, 425], [127, 435]]
data_bruh_jack\cam2_pose\cam2_20241016_003709_0099.png [[179, 120], [182, 116], [173, 112], [153, 112], [172, 166], [129, 151], [176, 222], [118, 205], [187, 263], [103, 252], [169, 266], [137, 266], [166, 351], [140, 352], [151, 426], [127, 436]]
