match keypoints image0 [[367, 43], [172, 119], [0.85088986], [376, 33], [189, 119], [0.3767696], [416, 88], [203, 164], [0.9563957], [373, 102], [143, 165], [0.9024568], [426, 159], [221, 218], [0.7833511], [367, 176], [127, 217], [0.80514145], [445, 224], [239, 266], [0.9499623], [355, 227], [104, 263], [0.23964424], [399, 240], [188, 271], [0.52910924], [406, 335], [190, 349], [0.6171459], [415, 430], [187, 428], [0.8684874], [389, 407], [146, 421], [0.9126255]]"
match keypoints image1 [[367, 43], [173, 119], [0.6729696], [376, 32], [167, 113], [0.6406575], [416, 88], [204, 164], [0.95231664], [372, 102], [143, 165], [0.89696735], [426, 158], [221, 218], [0.85477436], [367, 176], [127, 217], [0.81710124], [445, 223], [240, 265], [0.85021055], [355, 227], [105, 263], [0.55089897], [379, 333], [190, 350], [0.092728294], [415, 431], [187, 428], [0.7883022], [389, 407], [146, 421], [0.8310443]]"
match keypoints image2 [[368, 42], [174, 119], [0.9485723], [376, 32], [190, 118], [0.6457027], [416, 87], [205, 164], [0.9487468], [373, 101], [144, 165], [0.81662756], [427, 158], [222, 218], [0.7775494], [366, 175], [127, 217], [0.69931924], [445, 223], [240, 265], [0.85345554], [355, 227], [105, 263], [0.5328149], [407, 334], [190, 349], [0.11069996], [379, 333], [148, 348], [0.116178975], [414, 431], [187, 428], [0.825038], [389, 407], [146, 421], [0.8166753]]"
match keypoints image3 [[368, 42], [174, 119], [0.9514881], [376, 32], [191, 119], [0.29076198], [417, 87], [205, 164], [0.95561165], [373, 102], [144, 165], [0.9133702], [427, 158], [222, 218], [0.62835944], [365, 174], [127, 217], [0.8637751], [446, 223], [241, 266], [0.8929129], [356, 228], [105, 263], [0.30347645], [407, 335], [190, 349], [0.05673819], [379, 334], [148, 348], [0.07872954], [415, 431], [187, 428], [0.6906057], [389, 407], [146, 421], [0.7725804]]"
match keypoints image4 [[368, 42], [175, 119], [0.9548107], [417, 87], [206, 164], [0.95678383], [373, 101], [144, 165], [0.92975223], [427, 158], [223, 218], [0.61919457], [365, 173], [127, 217], [0.81493485], [446, 222], [241, 265], [0.8803777], [356, 227], [106, 263], [0.7061354], [379, 334], [148, 349], [0.07350334], [415, 431], [187, 428], [0.7689558], [389, 407], [146, 421], [0.89575976]]"
match keypoints image5 [[368, 42], [175, 119], [0.87786484], [377, 32], [169, 113], [0.28604987], [417, 87], [206, 164], [0.95512825], [373, 101], [145, 165], [0.8838378], [428, 159], [223, 218], [0.3644356], [365, 174], [128, 217], [0.6643371], [447, 223], [242, 265], [0.84515935], [356, 227], [106, 263], [0.67372906], [415, 431], [187, 428], [0.74336445], [389, 407], [146, 421], [0.8506824]]"
match keypoints image6 [[369, 42], [176, 119], [0.7848281], [364, 36], [170, 113], [0.92372006], [400, 35], [193, 118], [0.6402437], [418, 87], [208, 164], [0.9536683], [373, 102], [145, 165], [0.94261146], [428, 159], [224, 217], [0.5522922], [365, 174], [128, 217], [0.89191353], [447, 222], [243, 265], [0.8947971], [356, 227], [106, 263], [0.5799377], [415, 430], [187, 428], [0.59420556], [389, 407], [146, 421], [0.75207967]]"
match keypoints image7 [[369, 42], [177, 119], [0.59850496], [377, 32], [171, 113], [0.69453186], [418, 87], [208, 164], [0.9561061], [373, 102], [146, 165], [0.9284668], [429, 159], [225, 217], [0.41156736], [365, 175], [128, 217], [0.923462], [448, 223], [244, 265], [0.87682295], [355, 227], [106, 263], [0.77977264], [404, 239], [151, 266], [0.12273634], [415, 431], [187, 428], [0.42454368], [389, 407], [146, 421], [0.76339626]]"
match keypoints image8 [[370, 41], [177, 119], [0.848598], [378, 31], [171, 113], [0.3309657], [401, 33], [193, 118], [0.5800028], [419, 86], [209, 164], [0.95225966], [371, 103], [146, 165], [0.78650594], [431, 158], [225, 216], [0.6365145], [364, 176], [129, 216], [0.6641323], [450, 221], [244, 264], [0.88667935], [353, 224], [106, 263], [0.8254982], [406, 236], [193, 270], [0.44352645], [373, 235], [151, 267], [0.6755214], [376, 329], [146, 347], [0.91407967], [415, 429], [187, 428], [0.7054803], [388, 406], [145, 421], [0.8276236]]"
match keypoints image9 [[370, 41], [177, 119], [0.92308277], [378, 31], [171, 113], [0.357616], [401, 33], [193, 118], [0.61068994], [419, 86], [209, 164], [0.9535035], [370, 103], [146, 165], [0.8272038], [431, 157], [225, 216], [0.7429644], [364, 176], [128, 216], [0.71330637], [451, 221], [244, 264], [0.888003], [352, 223], [106, 263], [0.81971043], [407, 233], [193, 270], [0.21702746], [372, 232], [151, 267], [0.75386775], [375, 329], [145, 347], [0.76679313], [415, 430], [187, 428], [0.45616415], [387, 406], [143, 421], [0.72385603]]"
match keypoints image10 [[401, 33], [177, 119], [0.61580825], [419, 86], [209, 164], [0.9535601], [370, 102], [145, 164], [0.81639516], [431, 156], [225, 216], [0.61146367], [364, 175], [128, 216], [0.5420982], [451, 221], [244, 263], [0.7877919], [352, 222], [106, 263], [0.65253913], [370, 229], [151, 267], [0.7578379], [373, 327], [145, 347], [0.5634063], [385, 405], [187, 428], [0.5888361]]"
match keypoints image11 [[369, 40], [177, 118], [0.8476477], [378, 30], [171, 112], [0.27722967], [419, 86], [208, 163], [0.7601072], [370, 102], [225, 215], [0.84908164], [363, 174], [128, 216], [0.16804154], [451, 220], [244, 263], [0.8889813], [350, 222], [105, 263], [0.41737458], [406, 228], [193, 269], [0.68554], [369, 228], [150, 267], [0.86859345], [371, 325], [142, 346], [0.6761952], [383, 404], [187, 428], [0.6729535]]"
match keypoints image12 [[369, 40], [159, 115], [0.43473879], [377, 30], [176, 118], [0.61729634], [419, 85], [208, 163], [0.9554453], [368, 103], [143, 164], [0.81951076], [431, 156], [224, 215], [0.81201136], [362, 173], [127, 215], [0.7167913], [451, 219], [244, 262], [0.6974783], [349, 222], [104, 263], [0.3478366], [368, 226], [149, 267], [0.9281842], [369, 322], [141, 346], [0.57566637], [378, 404], [187, 428], [0.8601817]]"
match keypoints image13 [[368, 40], [174, 117], [0.9329353], [377, 30], [181, 112], [0.87351996], [399, 33], [188, 117], [0.33801055], [419, 85], [203, 163], [0.9523507], [368, 102], [139, 163], [0.9009893], [431, 156], [222, 215], [0.64235157], [361, 173], [122, 215], [0.7717223], [451, 219], [242, 261], [0.8904203], [348, 222], [99, 262], [0.22874974], [406, 227], [191, 268], [0.73253584], [368, 225], [146, 266], [0.87814623], [368, 320], [190, 347], [0.63774186], [373, 406], [187, 427], [0.86761653]]"
match keypoints image14 [[368, 40], [173, 118], [0.94926727], [377, 30], [180, 112], [0.840031], [362, 35], [166, 112], [0.9194768], [398, 33], [187, 117], [0.29077372], [418, 85], [202, 163], [0.9459529], [367, 103], [137, 164], [0.369348], [451, 218], [241, 261], [0.8545475], [347, 222], [119, 216], [0.533195], [366, 321], [189, 347], [0.8250353], [370, 405], [187, 427], [0.8947463]]"
match keypoints image15 [[364, 42], [171, 118], [0.9604464], [373, 33], [185, 117], [0.87727547], [359, 36], [165, 112], [0.95706517], [413, 87], [200, 163], [0.96512824], [359, 105], [136, 164], [0.9253219], [430, 157], [220, 215], [0.77873826], [351, 172], [116, 218], [0.9641977], [453, 217], [241, 262], [0.96176535], [336, 224], [94, 262], [0.823673], [404, 234], [188, 269], [0.9634635], [363, 231], [144, 265], [0.9630923], [404, 333], [189, 347], [0.84769285], [364, 326], [136, 348], [0.8675665], [412, 429], [187, 428], [0.9219733], [367, 409], [128, 426], [0.91708124]]"
match keypoints image16 [[364, 42], [169, 118], [0.95140797], [372, 33], [182, 118], [0.7042216], [412, 89], [197, 164], [0.9631429], [357, 105], [131, 164], [0.87297195], [430, 157], [217, 216], [0.7713427], [349, 171], [112, 217], [0.9583272], [453, 217], [238, 261], [0.9459035], [334, 224], [89, 263], [0.81141645], [402, 235], [185, 270], [0.9601222], [362, 233], [140, 266], [0.95716673], [403, 335], [187, 346], [0.75756633], [364, 327], [134, 348], [0.6305201], [412, 429], [187, 428], [0.9386143], [367, 409], [129, 427], [0.90126216]]"
match keypoints image17 [[362, 43], [167, 118], [0.7840905], [356, 37], [161, 112], [0.8528663], [391, 38], [180, 117], [0.4939263], [411, 90], [196, 164], [0.9600061], [355, 105], [128, 163], [0.9187886], [429, 157], [216, 216], [0.57469684], [347, 171], [110, 216], [0.95770067], [453, 216], [237, 260], [0.93951297], [332, 222], [87, 263], [0.68064666], [399, 236], [183, 268], [0.95878446], [360, 233], [139, 265], [0.95938176], [402, 333], [187, 344], [0.8468912], [364, 327], [134, 346], [0.5917443], [411, 429], [187, 428], [0.82669735], [367, 409], [129, 426], [0.8651088]]"
match keypoints image18 [[362, 44], [166, 117], [0.9120151], [390, 39], [179, 117], [0.23555154], [410, 90], [194, 165], [0.961576], [353, 105], [127, 162], [0.941585], [429, 157], [214, 215], [0.19159311], [345, 171], [107, 216], [0.9623877], [454, 215], [235, 260], [0.93373066], [398, 235], [182, 269], [0.9502663], [358, 233], [136, 267], [0.9388936], [403, 333], [186, 344], [0.8779754], [365, 328], [134, 347], [0.8647246], [411, 428], [186, 427], [0.9279605], [368, 410], [129, 427], [0.9167165]]"
match keypoints image19 [[361, 43], [146, 114], [0.8537828], [370, 34], [159, 111], [0.7863363], [389, 39], [179, 117], [0.49447325], [409, 90], [193, 165], [0.96256095], [352, 105], [125, 162], [0.9487179], [428, 157], [213, 215], [0.2593382], [343, 170], [106, 215], [0.96140563], [454, 216], [234, 260], [0.9539537], [397, 233], [181, 267], [0.9605346], [356, 231], [136, 266], [0.9582458], [402, 332], [185, 342], [0.93251187], [365, 328], [134, 346], [0.9259564], [411, 427], [186, 427], [0.8882813], [368, 410], [130, 426], [0.88715845]]"
match keypoints image20 [[361, 43], [165, 117], [0.960751], [370, 34], [173, 112], [0.9077914], [355, 37], [158, 111], [0.94911903], [389, 39], [178, 117], [0.6665344], [409, 90], [193, 165], [0.9648158], [350, 105], [123, 161], [0.94128025], [428, 157], [212, 215], [0.3714758], [341, 170], [104, 216], [0.9642221], [455, 216], [233, 260], [0.918075], [326, 223], [82, 262], [0.9156325], [396, 234], [181, 265], [0.96155167], [355, 231], [135, 263], [0.9619548], [402, 332], [185, 341], [0.83707654], [364, 329], [134, 346], [0.87056386], [411, 428], [184, 425], [0.81684977], [368, 410], [130, 426], [0.85494363]]"
match keypoints image21 [[361, 43], [165, 117], [0.9550807], [370, 34], [172, 112], [0.92213094], [389, 39], [177, 117], [0.85099006], [408, 91], [192, 165], [0.96522486], [349, 105], [122, 161], [0.926573], [428, 157], [212, 215], [0.9368179], [340, 170], [103, 214], [0.9640313], [455, 216], [233, 260], [0.95885], [324, 223], [81, 261], [0.93161374], [395, 235], [180, 264], [0.9625983], [355, 233], [135, 262], [0.9609263], [402, 333], [184, 341], [0.8829555], [364, 329], [134, 345], [0.9223396], [410, 426], [183, 424], [0.90043426], [368, 409], [130, 426], [0.80770284]]"
match keypoints image22 [[361, 42], [166, 117], [0.9610871], [370, 34], [173, 112], [0.931133], [355, 36], [159, 110], [0.9548933], [388, 39], [177, 117], [0.73689544], [409, 91], [191, 164], [0.96339524], [347, 105], [122, 161], [0.88151693], [429, 158], [211, 215], [0.7701815], [338, 170], [103, 214], [0.95852345], [456, 216], [232, 259], [0.9410591], [395, 234], [180, 263], [0.9616342], [355, 232], [134, 261], [0.9564885], [401, 331], [183, 341], [0.7897951], [365, 329], [134, 344], [0.8264065], [409, 425], [181, 423], [0.75535125], [369, 409], [130, 426], [0.75567424]]"
match keypoints image23 [[362, 42], [168, 118], [0.95537335], [371, 34], [175, 113], [0.53616214], [356, 36], [161, 111], [0.926035], [388, 39], [179, 119], [0.50148875], [409, 91], [193, 165], [0.9618309], [347, 105], [123, 161], [0.92473465], [430, 158], [212, 217], [0.80290323], [337, 168], [103, 214], [0.9565424], [457, 216], [233, 261], [0.9461888], [322, 222], [80, 261], [0.8503587], [395, 233], [181, 268], [0.95988715], [355, 231], [136, 265], [0.95915234], [400, 329], [181, 344], [0.92557675], [364, 327], [134, 345], [0.76215345], [408, 422], [176, 423], [0.86046827], [369, 408], [130, 426], [0.86460793]]"
match keypoints image24 [[367, 42], [170, 118], [0.94588304], [376, 34], [176, 114], [0.4992567], [360, 36], [148, 114], [0.52416193], [392, 39], [181, 119], [0.62452126], [413, 93], [194, 166], [0.95718294], [349, 105], [124, 161], [0.9438509], [436, 160], [213, 218], [0.42975742], [337, 170], [104, 214], [0.9575413], [465, 221], [233, 262], [0.9478755], [319, 223], [80, 261], [0.9175081], [399, 231], [181, 269], [0.9514746], [356, 230], [136, 267], [0.9386698], [400, 325], [181, 345], [0.8972016], [363, 323], [134, 346], [0.9362014], [408, 421], [176, 423], [0.86556697], [368, 408], [129, 426], [0.71982974]]"
match keypoints image25 [[368, 42], [173, 119], [0.9608197], [378, 33], [179, 114], [0.7537753], [362, 36], [166, 112], [0.9474914], [415, 93], [196, 166], [0.9655075], [349, 105], [127, 162], [0.96299016], [438, 161], [214, 218], [0.6387622], [337, 169], [106, 215], [0.9645766], [467, 222], [233, 263], [0.957465], [319, 223], [81, 261], [0.78530735], [401, 232], [182, 269], [0.96344715], [357, 230], [138, 267], [0.95444745], [401, 323], [180, 346], [0.89360833], [363, 321], [135, 345], [0.9253433], [408, 420], [176, 424], [0.901248], [367, 407], [129, 426], [0.95508707]]"
match keypoints image26 [[368, 42], [153, 114], [0.74854195], [378, 33], [169, 112], [0.5177915], [393, 39], [175, 119], [0.692052], [415, 93], [198, 166], [0.96304893], [349, 105], [129, 161], [0.9550843], [438, 161], [215, 219], [0.7318421], [337, 169], [107, 214], [0.9419227], [467, 222], [234, 263], [0.9477428], [319, 223], [82, 261], [0.7659163], [401, 232], [183, 269], [0.96127754], [357, 230], [139, 266], [0.94967383], [401, 323], [180, 346], [0.93750453], [363, 321], [136, 345], [0.935301], [408, 420], [176, 424], [0.842382], [367, 407], [128, 426], [0.83907527]]"
match keypoints image27 [[372, 41], [177, 119], [0.5781118], [381, 32], [170, 112], [0.6859214], [365, 35], [154, 114], [0.922481], [397, 38], [188, 119], [0.77361923], [418, 93], [199, 166], [0.96159434], [352, 104], [130, 160], [0.9465295], [442, 162], [216, 219], [0.9566073], [338, 167], [108, 213], [0.95115256], [469, 222], [234, 263], [0.9485871], [319, 222], [83, 261], [0.8122294], [403, 232], [184, 267], [0.95786184], [358, 229], [140, 264], [0.9392843], [403, 326], [181, 347], [0.8602256], [363, 321], [136, 345], [0.9014188], [408, 423], [177, 424], [0.71581817], [367, 407], [128, 425], [0.6609497]]"
match keypoints image28 [[382, 32], [172, 112], [0.28875878], [367, 34], [155, 114], [0.7528881], [398, 36], [178, 119], [0.7912696], [420, 93], [200, 166], [0.96231127], [353, 103], [131, 159], [0.95461124], [444, 162], [217, 219], [0.82868236], [338, 167], [109, 213], [0.94331247], [470, 222], [234, 263], [0.9372019], [319, 222], [84, 261], [0.9065931], [404, 234], [185, 266], [0.95240295], [359, 231], [141, 264], [0.9369175], [404, 325], [181, 346], [0.8747917], [364, 322], [136, 345], [0.8956429], [408, 424], [177, 424], [0.6627731], [366, 408], [128, 425], [0.7652417]]"
match keypoints image29 [[384, 31], [172, 112], [0.7310387], [368, 33], [157, 114], [0.8315487], [399, 36], [179, 119], [0.8802197], [421, 93], [201, 166], [0.9608438], [445, 162], [217, 219], [0.90163964], [338, 167], [109, 212], [0.9552198], [318, 221], [84, 260], [0.8833541], [404, 233], [186, 266], [0.960353], [359, 230], [142, 263], [0.9523423], [404, 324], [182, 347], [0.30004147], [364, 321], [136, 345], [0.2689643], [366, 407], [177, 424], [0.65914863]]"
match keypoints image30 [[376, 39], [181, 119], [0.93972427], [385, 30], [187, 114], [0.6788856], [368, 33], [174, 112], [0.8997271], [422, 93], [202, 167], [0.9504931], [354, 102], [132, 159], [0.89696735], [445, 162], [217, 219], [0.90354794], [338, 167], [110, 211], [0.93592423], [472, 222], [234, 263], [0.91872597], [318, 221], [83, 260], [0.5930501], [404, 231], [186, 271], [0.92670953], [359, 227], [142, 267], [0.93008775], [405, 326], [184, 347], [0.8749418], [363, 322], [135, 345], [0.89132047], [407, 424], [177, 425], [0.53732646], [364, 407], [124, 426], [0.45292944]]"
match keypoints image31 [[377, 39], [181, 119], [0.964205], [386, 30], [187, 114], [0.84285736], [370, 32], [174, 112], [0.9582175], [362, 38], [158, 113], [0.84290075], [423, 93], [202, 166], [0.9674966], [352, 101], [132, 159], [0.9616276], [445, 163], [216, 219], [0.9620213], [335, 165], [109, 210], [0.96627575], [472, 222], [233, 263], [0.949881], [313, 221], [82, 259], [0.6718541], [403, 226], [187, 272], [0.96458256], [358, 222], [141, 267], [0.96367526], [406, 324], [184, 348], [0.9480265], [360, 322], [134, 346], [0.94316185], [407, 423], [177, 425], [0.92541677], [356, 406], [123, 427], [0.92375535]]"
match keypoints image32 [[376, 39], [180, 119], [0.9649343], [386, 30], [186, 114], [0.91883117], [369, 32], [174, 112], [0.95902747], [422, 93], [201, 166], [0.965697], [351, 101], [131, 159], [0.95800275], [445, 162], [216, 219], [0.9590021], [334, 165], [108, 210], [0.9651376], [471, 222], [233, 263], [0.95412594], [311, 221], [81, 259], [0.7834159], [403, 227], [186, 273], [0.9587975], [357, 221], [141, 267], [0.95883936], [406, 325], [184, 348], [0.92356837], [359, 323], [133, 345], [0.9331892], [407, 423], [177, 425], [0.8166081], [355, 407], [122, 428], [0.9046632]]"
match keypoints image33 [[376, 39], [179, 119], [0.9608319], [368, 33], [173, 112], [0.95857835], [360, 38], [157, 114], [0.93655455], [421, 93], [200, 166], [0.9661836], [350, 102], [130, 159], [0.9570688], [444, 162], [215, 219], [0.83324075], [332, 165], [107, 211], [0.9659139], [470, 221], [232, 263], [0.9588037], [308, 221], [80, 258], [0.741707], [402, 227], [185, 272], [0.9626803], [356, 223], [140, 267], [0.96349454], [406, 326], [183, 349], [0.90081066], [357, 322], [132, 345], [0.9497202], [407, 423], [177, 425], [0.9316532], [354, 407], [122, 428], [0.9384831]]"
match keypoints image34 [[376, 39], [177, 119], [0.959872], [368, 33], [171, 112], [0.95746416], [360, 38], [154, 114], [0.88163006], [421, 93], [197, 166], [0.95802355], [350, 102], [128, 159], [0.96091205], [444, 162], [212, 219], [0.643854], [332, 165], [104, 211], [0.96084744], [470, 221], [231, 263], [0.93095803], [308, 221], [76, 259], [0.8755911], [402, 227], [184, 273], [0.93775934], [356, 223], [139, 270], [0.9423057], [406, 326], [183, 350], [0.8780407], [357, 322], [131, 348], [0.8592372], [407, 423], [177, 425], [0.53809154], [354, 407], [121, 429], [0.72664684]]"
match keypoints image35 [[375, 39], [176, 119], [0.9613855], [384, 31], [182, 114], [0.8647765], [367, 33], [169, 112], [0.95010144], [419, 94], [196, 167], [0.9626991], [349, 102], [126, 159], [0.95575535], [443, 163], [211, 219], [0.93471384], [331, 166], [102, 211], [0.9588812], [470, 221], [230, 263], [0.90177464], [306, 222], [74, 260], [0.28277197], [401, 227], [182, 272], [0.9568731], [356, 223], [137, 269], [0.9617931], [406, 325], [182, 349], [0.82591087], [355, 322], [130, 347], [0.85628414], [407, 424], [177, 425], [0.81668633], [354, 408], [122, 429], [0.7669409]]"
match keypoints image36 [[372, 41], [174, 119], [0.9638037], [381, 33], [180, 114], [0.9267356], [364, 35], [167, 112], [0.9390516], [356, 41], [151, 114], [0.8153655], [416, 95], [194, 167], [0.9655849], [345, 104], [125, 159], [0.9655959], [439, 162], [210, 219], [0.92481685], [327, 166], [100, 211], [0.9632505], [468, 222], [229, 264], [0.9249379], [302, 223], [73, 260], [0.73639596], [400, 230], [182, 272], [0.96453637], [354, 226], [136, 268], [0.9638823], [405, 326], [182, 348], [0.9173401], [352, 324], [130, 346], [0.8908879], [407, 425], [177, 425], [0.91290253], [355, 410], [122, 430], [0.92370605]]"
match keypoints image37 [[370, 42], [169, 118], [0.9577616], [379, 33], [175, 113], [0.5223493], [362, 36], [163, 111], [0.83783066], [354, 42], [146, 113], [0.71897835], [414, 96], [189, 167], [0.96244156], [343, 104], [118, 159], [0.96123743], [438, 162], [205, 219], [0.9469981], [325, 167], [95, 212], [0.96272933], [467, 222], [224, 263], [0.9605041], [398, 229], [178, 272], [0.9590917], [352, 227], [131, 269], [0.9611008], [404, 327], [181, 347], [0.8440796], [351, 326], [129, 350], [0.86609936], [407, 424], [177, 424], [0.87856907]]"
match keypoints image38 [[364, 42], [168, 117], [0.94890815], [373, 34], [174, 113], [0.29038477], [407, 97], [188, 166], [0.9577744], [335, 105], [117, 158], [0.92405975], [434, 165], [204, 219], [0.93745], [317, 167], [94, 211], [0.9311079], [461, 220], [223, 262], [0.94394064], [394, 226], [177, 272], [0.9417938], [348, 226], [130, 269], [0.95294213], [401, 320], [180, 348], [0.7722533], [351, 322], [128, 350], [0.7318642], [407, 419], [176, 424], [0.8612734], [354, 410], [122, 430], [0.6039959]]"
match keypoints image39 [[363, 42], [167, 117], [0.9577196], [372, 34], [173, 112], [0.51026803], [347, 42], [143, 112], [0.5445881], [406, 97], [186, 166], [0.96362126], [334, 104], [116, 158], [0.9610963], [433, 165], [203, 218], [0.8249904], [316, 167], [92, 211], [0.96340585], [461, 220], [222, 262], [0.9543231], [394, 225], [176, 270], [0.95880187], [347, 226], [130, 267], [0.95954555], [401, 320], [179, 347], [0.8834257], [350, 322], [128, 351], [0.87761045], [407, 419], [176, 423], [0.9386971], [355, 410], [122, 430], [0.9260299]]"
match keypoints image40 [[362, 42], [167, 117], [0.9266998], [355, 35], [160, 110], [0.8943304], [383, 39], [172, 112], [0.8767661], [346, 42], [142, 111], [0.497334], [406, 97], [185, 165], [0.9500649], [332, 104], [115, 157], [0.9398253], [431, 164], [202, 218], [0.93267274], [314, 167], [92, 210], [0.8929117], [460, 219], [221, 261], [0.9544356], [394, 223], [176, 270], [0.92363924], [346, 223], [129, 267], [0.92136025], [400, 318], [178, 347], [0.842082], [350, 321], [128, 351], [0.85131705], [406, 417], [175, 423], [0.8105935], [355, 410], [122, 430], [0.74570113]]"
match keypoints image41 [[362, 42], [166, 116], [0.94648796], [355, 35], [160, 109], [0.9028742], [383, 39], [172, 111], [0.90014017], [346, 42], [142, 111], [0.37231088], [406, 97], [185, 165], [0.95707184], [332, 104], [115, 156], [0.95604146], [431, 164], [201, 218], [0.94730055], [314, 167], [91, 210], [0.94123846], [460, 219], [221, 261], [0.9576244], [394, 223], [175, 268], [0.9418639], [346, 223], [128, 266], [0.9338564], [400, 318], [178, 345], [0.86223596], [350, 321], [128, 350], [0.87734216], [406, 417], [174, 422], [0.835935], [355, 410], [122, 430], [0.77506757]]"
match keypoints image42 [[362, 41], [166, 116], [0.95717263], [354, 35], [160, 109], [0.90903175], [345, 42], [142, 111], [0.3929468], [405, 97], [184, 165], [0.9551155], [331, 104], [114, 156], [0.9565282], [431, 164], [200, 218], [0.92859566], [313, 167], [91, 210], [0.9082222], [460, 219], [220, 261], [0.9501333], [393, 224], [176, 269], [0.9367074], [346, 224], [129, 267], [0.9246182], [400, 318], [178, 346], [0.8861355], [350, 321], [128, 350], [0.87855816], [406, 416], [173, 422], [0.8905324], [355, 410], [122, 430], [0.82741743]]"
match keypoints image43 [[361, 41], [167, 117], [0.9298797], [354, 35], [160, 109], [0.90869606], [383, 39], [172, 112], [0.931048], [345, 41], [142, 111], [0.2806528], [405, 96], [184, 165], [0.963274], [331, 103], [115, 156], [0.96468604], [430, 163], [200, 218], [0.94051725], [313, 167], [92, 210], [0.9640048], [460, 219], [220, 261], [0.9598096], [393, 224], [176, 268], [0.9603937], [346, 224], [129, 266], [0.96092397], [400, 317], [177, 346], [0.79778314], [350, 321], [129, 350], [0.7836806], [406, 417], [171, 423], [0.9442967], [355, 410], [122, 430], [0.9248936]]"
match keypoints image44 [[362, 41], [167, 117], [0.9589838], [354, 35], [161, 110], [0.9562527], [383, 39], [173, 112], [0.6423163], [345, 42], [143, 111], [0.47435194], [405, 97], [185, 166], [0.9621837], [331, 103], [115, 156], [0.96412736], [431, 164], [200, 218], [0.93916947], [313, 167], [92, 210], [0.95788836], [460, 219], [220, 261], [0.9610465], [393, 225], [176, 270], [0.95699626], [346, 226], [130, 267], [0.95935154], [400, 316], [176, 347], [0.89534503], [350, 321], [128, 351], [0.8618576], [405, 417], [170, 423], [0.9229091], [355, 410], [122, 430], [0.9125254]]"
match keypoints image45 [[364, 42], [171, 118], [0.95805097], [373, 34], [177, 114], [0.77113634], [356, 35], [165, 111], [0.9468453], [347, 41], [147, 112], [0.6185741], [407, 98], [188, 167], [0.95930165], [332, 104], [119, 157], [0.95940804], [433, 164], [203, 220], [0.9492734], [313, 167], [97, 210], [0.95721596], [461, 220], [222, 264], [0.9643667], [394, 226], [178, 274], [0.9574018], [346, 226], [132, 271], [0.9598761], [400, 320], [177, 350], [0.89820945], [350, 323], [129, 352], [0.8705832], [405, 416], [171, 425], [0.93222874], [354, 410], [122, 430], [0.9182075]]"
match keypoints image46 [[371, 41], [173, 119], [0.9636491], [380, 33], [178, 114], [0.78137165], [363, 35], [167, 111], [0.94677985], [354, 42], [149, 113], [0.41060218], [414, 98], [190, 168], [0.9660247], [337, 104], [121, 158], [0.965554], [437, 164], [204, 221], [0.9510624], [317, 167], [98, 210], [0.96499383], [466, 223], [223, 264], [0.9648618], [398, 226], [178, 273], [0.9648243], [349, 225], [134, 270], [0.9656314], [401, 323], [177, 351], [0.9002393], [351, 324], [129, 352], [0.8701702], [405, 418], [171, 425], [0.8907477], [354, 410], [122, 430], [0.9232806]]"
match keypoints image47 [[373, 41], [175, 119], [0.96153903], [355, 41], [150, 113], [0.2764461], [416, 99], [191, 168], [0.96429265], [339, 103], [123, 158], [0.96191216], [438, 164], [205, 221], [0.9401565], [318, 166], [100, 210], [0.9625958], [467, 222], [223, 264], [0.9475813], [292, 222], [73, 259], [0.9502282], [398, 227], [180, 273], [0.960268], [350, 225], [135, 269], [0.959837], [401, 322], [178, 351], [0.8912444], [352, 323], [130, 350], [0.90272367], [405, 419], [171, 426], [0.8506477], [354, 409], [122, 430], [0.8862275]]"
match keypoints image48 [[373, 41], [176, 119], [0.9558091], [355, 41], [152, 113], [0.39841795], [416, 99], [192, 169], [0.9627661], [339, 103], [125, 157], [0.9602103], [438, 164], [206, 221], [0.8746322], [318, 166], [101, 210], [0.9618915], [467, 222], [223, 264], [0.93617415], [292, 222], [74, 258], [0.9243539], [398, 227], [181, 271], [0.9579368], [350, 225], [136, 267], [0.96003586], [401, 322], [178, 349], [0.8812383], [352, 323], [131, 349], [0.8672321], [405, 419], [171, 426], [0.8549832], [354, 409], [122, 430], [0.897963]]"
match keypoints image49 [[374, 41], [178, 120], [0.9513057], [367, 34], [172, 113], [0.93854713], [357, 41], [153, 113], [0.77544755], [417, 98], [193, 168], [0.9652587], [340, 102], [127, 157], [0.96250814], [439, 164], [206, 221], [0.8984009], [319, 165], [103, 209], [0.96432185], [468, 222], [224, 264], [0.94133383], [293, 222], [76, 257], [0.9519866], [400, 227], [181, 272], [0.9622723], [351, 225], [137, 268], [0.96263874], [402, 323], [179, 351], [0.8923832], [352, 324], [131, 350], [0.93276966], [354, 409], [122, 430], [0.8969738]]"
match keypoints image50 [[376, 41], [179, 120], [0.8620794], [368, 34], [173, 112], [0.4827563], [359, 40], [155, 113], [0.30483752], [419, 98], [194, 168], [0.95335275], [341, 102], [127, 157], [0.9510188], [441, 164], [207, 221], [0.8013871], [320, 165], [104, 209], [0.94812506], [469, 223], [224, 264], [0.9022043], [293, 222], [77, 257], [0.9160844], [401, 231], [182, 272], [0.9465404], [352, 228], [138, 268], [0.9450452], [403, 324], [179, 350], [0.8571941], [352, 325], [132, 350], [0.9385758], [405, 419], [171, 426], [0.80801713], [354, 409], [121, 429], [0.8460646]]"
match keypoints image51 [[377, 40], [180, 119], [0.9593525], [370, 33], [174, 112], [0.950846], [360, 39], [155, 113], [0.5226547], [420, 98], [195, 168], [0.96292365], [342, 102], [128, 156], [0.9609031], [442, 165], [208, 220], [0.8599221], [320, 164], [104, 209], [0.95519906], [470, 223], [225, 264], [0.9147045], [401, 231], [182, 272], [0.9587557], [352, 228], [139, 268], [0.9545286], [404, 324], [180, 349], [0.90313315], [353, 325], [133, 349], [0.9129521], [405, 418], [171, 426], [0.93825114], [353, 409], [121, 429], [0.9131687]]"
match keypoints image52 [[379, 39], [181, 119], [0.93282723], [371, 33], [174, 112], [0.8481301], [361, 39], [156, 113], [0.71790653], [421, 98], [195, 168], [0.96105915], [343, 101], [128, 156], [0.95458263], [443, 164], [208, 221], [0.8191081], [320, 163], [104, 208], [0.95850086], [470, 223], [225, 264], [0.94980806], [293, 220], [77, 256], [0.74648046], [401, 232], [183, 272], [0.95884967], [352, 228], [139, 267], [0.95829016], [404, 325], [180, 350], [0.8370858], [352, 324], [133, 348], [0.89091444], [352, 409], [121, 429], [0.92343336]]"
match keypoints image53 [[379, 39], [180, 119], [0.95928884], [371, 33], [174, 112], [0.96132636], [421, 98], [194, 167], [0.96518385], [343, 101], [127, 156], [0.9650367], [443, 164], [206, 220], [0.94546044], [320, 163], [104, 207], [0.9571731], [470, 222], [223, 263], [0.9631961], [293, 220], [75, 255], [0.9376414], [401, 231], [181, 273], [0.9640375], [353, 228], [137, 269], [0.9617087], [404, 325], [179, 350], [0.86483985], [351, 323], [130, 348], [0.88652015], [406, 419], [171, 426], [0.8391721], [350, 410], [119, 430], [0.7869556]]"
match keypoints image54 [[376, 39], [179, 119], [0.90546936], [368, 33], [173, 111], [0.8787542], [357, 39], [154, 112], [0.9542694], [417, 98], [193, 167], [0.9641455], [338, 101], [127, 156], [0.9637541], [438, 162], [205, 219], [0.9304998], [315, 163], [103, 207], [0.95656836], [466, 220], [222, 263], [0.9550597], [287, 219], [74, 255], [0.9480052], [400, 229], [181, 273], [0.9551627], [348, 226], [137, 269], [0.95512575], [403, 320], [179, 349], [0.89752656], [345, 320], [130, 348], [0.8977121], [405, 418], [171, 426], [0.9354263], [341, 413], [118, 431], [0.91391015]]"
match keypoints image55 [[374, 40], [178, 119], [0.9614116], [366, 33], [172, 112], [0.95809144], [355, 39], [153, 112], [0.9638327], [415, 98], [191, 167], [0.96609885], [336, 102], [125, 156], [0.9647808], [437, 164], [203, 221], [0.9295902], [313, 164], [101, 208], [0.95912194], [465, 220], [221, 263], [0.9646236], [398, 228], [180, 274], [0.96348065], [346, 226], [136, 270], [0.95822346], [402, 320], [179, 348], [0.85339755], [344, 318], [129, 348], [0.8354649], [405, 419], [171, 426], [0.9354963], [341, 414], [118, 432], [0.84965676]]"
match keypoints image56 [[374, 40], [176, 119], [0.9499741], [366, 33], [170, 112], [0.93160594], [355, 39], [151, 112], [0.96466213], [415, 98], [189, 167], [0.9654352], [336, 102], [124, 156], [0.96457404], [437, 164], [202, 221], [0.92425543], [313, 164], [100, 208], [0.9514388], [465, 220], [220, 263], [0.9638049], [398, 228], [179, 275], [0.9628483], [346, 226], [135, 272], [0.9594776], [402, 320], [178, 349], [0.8950945], [344, 318], [128, 351], [0.8870842], [405, 419], [171, 426], [0.9354468], [341, 414], [118, 432], [0.8940754]]"
match keypoints image57 [[372, 41], [175, 119], [0.9333002], [364, 34], [169, 112], [0.7476897], [353, 41], [149, 112], [0.6975139], [413, 99], [187, 167], [0.9625931], [334, 102], [121, 156], [0.961806], [435, 164], [200, 220], [0.9396102], [311, 165], [98, 209], [0.94751513], [463, 220], [218, 263], [0.9613247], [397, 229], [178, 275], [0.95884895], [346, 227], [134, 271], [0.9547942], [401, 320], [178, 348], [0.880311], [343, 319], [127, 351], [0.8936062], [405, 419], [171, 425], [0.922857], [341, 414], [118, 433], [0.9115232]]"
match keypoints image58 [[370, 41], [173, 119], [0.90164065], [362, 35], [166, 111], [0.9596931], [351, 41], [147, 111], [0.33772025], [410, 99], [185, 167], [0.9589907], [332, 102], [119, 156], [0.94395506], [433, 164], [199, 219], [0.93949145], [309, 165], [96, 209], [0.92417085], [461, 220], [216, 261], [0.96044314], [281, 222], [70, 258], [0.9301795], [395, 230], [176, 275], [0.9498751], [344, 228], [131, 271], [0.94097865], [400, 320], [177, 347], [0.8964729], [342, 319], [126, 349], [0.93442875], [405, 419], [170, 425], [0.88554394], [342, 415], [118, 433], [0.8347722]]"
match keypoints image59 [[361, 42], [171, 118], [0.88080543], [353, 35], [164, 111], [0.7989733], [342, 42], [145, 111], [0.7424804], [402, 99], [183, 166], [0.9622466], [323, 103], [117, 156], [0.9639915], [425, 162], [197, 220], [0.9308748], [301, 166], [94, 210], [0.9581629], [455, 217], [215, 261], [0.96262926], [275, 222], [68, 258], [0.9337812], [389, 231], [175, 274], [0.9534112], [338, 230], [130, 270], [0.9538227], [397, 322], [176, 347], [0.9084301], [338, 323], [125, 350], [0.92977107], [404, 418], [170, 425], [0.8834057], [341, 414], [118, 433], [0.8782754]]"
match keypoints image60 [[358, 42], [165, 116], [0.9541123], [350, 35], [158, 109], [0.9339604], [339, 42], [139, 109], [0.7515218], [399, 99], [177, 165], [0.9650528], [320, 103], [111, 154], [0.96675986], [423, 161], [192, 218], [0.95998055], [299, 166], [89, 209], [0.95586437], [453, 217], [211, 260], [0.9658197], [273, 222], [64, 258], [0.8744545], [388, 231], [170, 272], [0.9623856], [337, 230], [125, 270], [0.9638693], [396, 321], [173, 348], [0.94526756], [338, 322], [122, 351], [0.92831475], [403, 417], [169, 424], [0.94162136], [341, 414], [118, 433], [0.9121199]]"
match keypoints image61 [[357, 41], [163, 116], [0.96028334], [349, 34], [157, 108], [0.9547146], [338, 41], [138, 109], [0.65211254], [398, 99], [176, 165], [0.95199156], [319, 103], [110, 153], [0.92750967], [422, 162], [191, 218], [0.95067084], [298, 165], [88, 208], [0.8860779], [452, 216], [210, 260], [0.95921135], [273, 222], [64, 258], [0.7918558], [387, 231], [170, 273], [0.9192247], [337, 231], [125, 272], [0.89629126], [395, 320], [172, 348], [0.86872685], [338, 321], [122, 351], [0.8884537], [403, 416], [167, 423], [0.84396976], [341, 414], [118, 433], [0.77990323]]"
match keypoints image62 [[356, 41], [163, 115], [0.95470273], [349, 34], [157, 108], [0.9519775], [397, 99], [176, 164], [0.9548865], [318, 103], [109, 153], [0.93048275], [422, 162], [190, 218], [0.93229055], [298, 165], [88, 208], [0.9538814], [452, 216], [209, 260], [0.9615826], [272, 221], [64, 258], [0.8368469], [386, 230], [169, 272], [0.93380994], [336, 229], [125, 271], [0.92975515], [395, 317], [171, 348], [0.89191014], [339, 319], [122, 351], [0.9008699], [401, 413], [166, 423], [0.8401106], [341, 413], [118, 432], [0.81825906]]"
match keypoints image63 [[356, 41], [163, 115], [0.9554838], [349, 34], [157, 108], [0.8889245], [397, 99], [175, 164], [0.9590627], [318, 103], [109, 153], [0.9583112], [422, 162], [190, 218], [0.94802284], [298, 165], [88, 208], [0.95609], [452, 216], [208, 260], [0.95861715], [272, 221], [64, 258], [0.8420582], [386, 230], [169, 273], [0.9458329], [336, 229], [125, 271], [0.94796705], [395, 317], [170, 348], [0.8887774], [339, 319], [122, 352], [0.8441456], [401, 413], [164, 423], [0.64557976], [341, 413], [118, 433], [0.734337]]"
match keypoints image64 [[356, 41], [167, 111], [0.61337715], [349, 34], [157, 108], [0.93766904], [397, 99], [175, 165], [0.9406076], [317, 103], [109, 152], [0.91179574], [422, 162], [190, 218], [0.8937737], [297, 165], [88, 208], [0.93911564], [451, 216], [208, 260], [0.95577276], [272, 221], [64, 258], [0.8654875], [387, 230], [169, 273], [0.89767957], [336, 230], [124, 272], [0.90953577], [395, 316], [169, 350], [0.866311], [340, 318], [123, 353], [0.85227084], [401, 412], [163, 424], [0.762132], [341, 413], [118, 433], [0.8265115]]"
match keypoints image65 [[360, 42], [163, 116], [0.949651], [352, 35], [157, 108], [0.928748], [341, 41], [137, 108], [0.5599986], [399, 100], [174, 165], [0.95085305], [320, 102], [109, 152], [0.95167315], [423, 163], [189, 218], [0.93667114], [299, 165], [88, 208], [0.9460756], [452, 218], [208, 260], [0.95342845], [273, 221], [64, 258], [0.8108926], [388, 228], [167, 273], [0.9329956], [337, 227], [124, 273], [0.91808355], [394, 315], [168, 350], [0.82972777], [341, 318], [123, 354], [0.8375688], [399, 411], [161, 423], [0.86024547], [341, 413], [118, 432], [0.80073845]]"
match keypoints image66 [[362, 42], [166, 117], [0.9583155], [354, 35], [161, 110], [0.89820194], [342, 42], [140, 110], [0.7975808], [401, 101], [176, 166], [0.9566894], [322, 102], [112, 154], [0.9594014], [424, 164], [189, 219], [0.95069236], [300, 165], [92, 209], [0.94613427], [454, 219], [208, 261], [0.9569039], [274, 222], [70, 258], [0.9413875], [388, 227], [168, 271], [0.9491265], [338, 226], [125, 269], [0.9531442], [394, 315], [167, 350], [0.8675959], [342, 319], [124, 353], [0.8783977], [399, 412], [159, 423], [0.8539213], [341, 413], [118, 432], [0.7802428]]"
match keypoints image67 [[364, 42], [168, 118], [0.94833255], [356, 36], [162, 111], [0.89460105], [344, 41], [142, 110], [0.34024358], [402, 101], [177, 166], [0.96051466], [323, 102], [113, 155], [0.9617447], [426, 164], [190, 220], [0.95003366], [301, 166], [94, 209], [0.9534976], [454, 219], [208, 262], [0.95595044], [275, 222], [71, 258], [0.90908355], [389, 227], [169, 272], [0.9529562], [340, 227], [127, 270], [0.9555226], [395, 318], [167, 351], [0.9227718], [343, 320], [125, 353], [0.888952], [399, 412], [159, 424], [0.8898219], [341, 414], [118, 432], [0.83285964]]"
match keypoints image68 [[367, 43], [170, 119], [0.9569901], [358, 36], [164, 112], [0.960282], [404, 101], [178, 167], [0.9569383], [325, 103], [115, 155], [0.96332544], [427, 165], [190, 221], [0.94690734], [303, 166], [95, 209], [0.96073544], [455, 220], [208, 263], [0.9568886], [276, 222], [73, 258], [0.9544578], [391, 229], [170, 271], [0.94828105], [341, 228], [127, 269], [0.9588259], [394, 320], [167, 351], [0.8803991], [343, 321], [126, 353], [0.9246354], [399, 413], [159, 424], [0.83983624], [341, 414], [118, 432], [0.8145611]]"
match keypoints image69 [[371, 44], [171, 119], [0.933813], [363, 36], [165, 112], [0.929748], [351, 42], [145, 111], [0.13770668], [409, 102], [179, 167], [0.9649902], [329, 103], [117, 156], [0.9657019], [431, 166], [191, 221], [0.9625079], [306, 166], [97, 209], [0.964917], [458, 221], [208, 263], [0.96399677], [279, 222], [75, 258], [0.94242007], [393, 227], [170, 270], [0.9626559], [344, 227], [128, 268], [0.9629893], [395, 321], [168, 351], [0.94350684], [345, 321], [127, 353], [0.9358764], [399, 413], [159, 425], [0.8763995], [341, 414], [118, 432], [0.93330264]]"
match keypoints image70 [[373, 44], [172, 120], [0.96391815], [365, 36], [167, 113], [0.96044546], [411, 102], [180, 168], [0.9651009], [331, 102], [118, 156], [0.96603614], [433, 166], [191, 221], [0.95571125], [308, 164], [99, 209], [0.96348065], [459, 221], [208, 263], [0.96443564], [280, 221], [76, 258], [0.9594259], [395, 227], [171, 273], [0.96063054], [345, 226], [130, 270], [0.96049744], [397, 322], [169, 351], [0.9245582], [346, 323], [128, 353], [0.93941104], [399, 412], [159, 425], [0.88518447], [342, 414], [118, 432], [0.85709685]]"
match keypoints image71 [[373, 44], [174, 120], [0.9584469], [365, 36], [168, 113], [0.9658124], [411, 102], [181, 168], [0.95783836], [331, 102], [120, 156], [0.9613715], [433, 166], [192, 221], [0.95623815], [308, 164], [101, 209], [0.95183635], [459, 221], [209, 263], [0.9586747], [280, 221], [78, 257], [0.9571428], [395, 227], [172, 273], [0.938408], [345, 226], [131, 269], [0.93972355], [397, 322], [170, 351], [0.901504], [346, 323], [129, 353], [0.94469774], [399, 412], [159, 425], [0.85405177], [342, 414], [118, 432], [0.80771846]]"
match keypoints image72 [[375, 43], [175, 120], [0.64356285], [367, 36], [169, 113], [0.9208523], [355, 42], [149, 113], [0.5112888], [412, 102], [182, 168], [0.94666356], [332, 102], [122, 155], [0.95024633], [434, 166], [193, 221], [0.8995918], [309, 164], [102, 209], [0.9284088], [460, 221], [209, 263], [0.9488482], [281, 221], [80, 257], [0.9483163], [396, 229], [173, 271], [0.9298691], [346, 229], [133, 267], [0.93925494], [398, 322], [170, 351], [0.8638822], [346, 323], [131, 353], [0.93897396], [400, 413], [159, 425], [0.82181937], [342, 413], [119, 431], [0.8244145]]"
match keypoints image73 [[380, 42], [178, 120], [0.9630301], [373, 35], [173, 113], [0.9373856], [359, 39], [152, 112], [0.9541998], [416, 101], [183, 167], [0.96469456], [336, 100], [125, 154], [0.9636433], [436, 165], [193, 221], [0.9231534], [312, 161], [106, 207], [0.9632423], [463, 221], [209, 263], [0.9642627], [398, 227], [175, 273], [0.9629121], [349, 225], [135, 268], [0.96281916], [400, 316], [172, 351], [0.84570664], [349, 319], [133, 353], [0.953639], [400, 413], [160, 425], [0.80886084], [342, 411], [121, 431], [0.71919453]]"
match keypoints image74 [[381, 42], [178, 120], [0.96189743], [373, 34], [173, 113], [0.95487624], [359, 39], [152, 112], [0.9629089], [416, 101], [183, 167], [0.9644055], [336, 100], [125, 154], [0.9633105], [436, 164], [193, 221], [0.8055259], [311, 162], [106, 207], [0.9593401], [462, 221], [208, 263], [0.96113086], [398, 226], [175, 273], [0.9621371], [348, 224], [136, 268], [0.9619844], [400, 317], [172, 352], [0.8610301], [348, 319], [133, 353], [0.94841576], [400, 413], [160, 425], [0.8485747], [343, 412], [121, 430], [0.78510004]]"
match keypoints image75 [[381, 41], [178, 120], [0.9668585], [373, 34], [173, 113], [0.9648862], [359, 39], [152, 112], [0.9670791], [416, 101], [182, 167], [0.9676881], [335, 100], [125, 154], [0.9675519], [435, 165], [192, 221], [0.94895566], [311, 162], [106, 207], [0.96445245], [462, 221], [208, 263], [0.96588004], [282, 218], [84, 255], [0.9643747], [398, 225], [175, 273], [0.96595347], [348, 224], [135, 267], [0.965464], [400, 316], [172, 351], [0.9218678], [347, 318], [133, 353], [0.95720845], [400, 413], [160, 425], [0.8946129], [343, 411], [122, 431], [0.8718261]]"
match keypoints image76 [[380, 41], [178, 120], [0.96712756], [372, 34], [173, 113], [0.9662688], [359, 39], [152, 112], [0.96672994], [415, 101], [182, 167], [0.9674994], [335, 100], [125, 154], [0.96753234], [435, 165], [191, 221], [0.8909877], [310, 162], [106, 207], [0.9504045], [461, 221], [207, 263], [0.9618805], [281, 219], [84, 255], [0.96446484], [397, 227], [175, 273], [0.9567312], [347, 226], [135, 268], [0.9608149], [400, 317], [172, 351], [0.9067286], [345, 319], [133, 353], [0.92950606], [400, 413], [160, 425], [0.91630614], [343, 412], [122, 432], [0.9116443]]"
match keypoints image77 [[380, 42], [178, 120], [0.9639299], [371, 34], [172, 113], [0.9405834], [358, 39], [152, 112], [0.9604869], [414, 102], [181, 167], [0.96470076], [334, 100], [124, 153], [0.96504813], [434, 165], [191, 222], [0.8644757], [309, 162], [106, 207], [0.9575408], [460, 220], [206, 263], [0.9333825], [280, 219], [84, 255], [0.95942456], [397, 231], [174, 273], [0.9482738], [347, 230], [134, 268], [0.9562482], [400, 319], [172, 350], [0.8447929], [345, 321], [133, 352], [0.89697075], [400, 413], [160, 425], [0.8116738], [344, 415], [122, 435], [0.8179688]]"
match keypoints image78 [[379, 42], [177, 120], [0.9546156], [370, 34], [171, 113], [0.924251], [357, 40], [151, 111], [0.928496], [412, 102], [179, 167], [0.95932084], [332, 100], [123, 154], [0.95448154], [432, 165], [189, 221], [0.8363058], [308, 162], [105, 207], [0.94194466], [459, 221], [205, 263], [0.9228499], [396, 231], [173, 273], [0.9372292], [346, 230], [134, 268], [0.9396304], [400, 320], [171, 351], [0.84153306], [344, 320], [133, 353], [0.8841693], [400, 413], [160, 426], [0.8070988], [343, 416], [122, 435], [0.73672503]]"
match keypoints image79 [[377, 42], [176, 120], [0.96302825], [368, 34], [170, 113], [0.9423967], [355, 40], [150, 111], [0.9557672], [410, 102], [178, 167], [0.9626968], [331, 101], [122, 153], [0.9601863], [431, 166], [188, 222], [0.75760776], [307, 162], [104, 208], [0.9447448], [457, 221], [203, 263], [0.94256926], [278, 220], [83, 257], [0.92771226], [395, 233], [172, 272], [0.885176], [344, 232], [133, 268], [0.92893666], [400, 321], [171, 351], [0.74970454], [343, 322], [133, 354], [0.77190226], [400, 414], [160, 425], [0.77187175], [343, 416], [122, 435], [0.8056465]]"
match keypoints image80 [[375, 42], [175, 120], [0.96544486], [367, 35], [170, 113], [0.96407723], [353, 41], [149, 111], [0.9617443], [409, 103], [177, 167], [0.96556133], [329, 101], [121, 153], [0.9635951], [429, 167], [187, 221], [0.91288877], [305, 163], [103, 208], [0.94245934], [455, 221], [202, 263], [0.95501596], [276, 221], [83, 257], [0.9424043], [394, 233], [171, 270], [0.94889665], [344, 232], [132, 267], [0.94733036], [400, 322], [171, 351], [0.9040718], [343, 324], [133, 354], [0.8738745], [400, 413], [160, 425], [0.8858178], [343, 417], [122, 435], [0.8483234]]"
match keypoints image81 [[369, 41], [172, 118], [0.965354], [361, 34], [166, 110], [0.95989627], [346, 40], [145, 110], [0.9654677], [401, 102], [172, 165], [0.9660231], [321, 99], [117, 152], [0.9653024], [421, 164], [181, 219], [0.9533966], [298, 164], [101, 207], [0.9516809], [448, 219], [196, 261], [0.9348747], [272, 222], [82, 258], [0.95125324], [389, 228], [169, 272], [0.9589987], [338, 228], [130, 272], [0.9494685], [400, 316], [170, 352], [0.78093475], [341, 322], [132, 356], [0.9155067], [400, 411], [160, 424], [0.7463747], [343, 416], [122, 436], [0.76782125]]"
match keypoints image82 [[368, 41], [172, 117], [0.9645794], [360, 34], [166, 110], [0.9631224], [345, 40], [145, 109], [0.9642972], [400, 102], [170, 165], [0.9656242], [320, 99], [116, 152], [0.96485305], [419, 164], [180, 219], [0.87819964], [297, 164], [101, 207], [0.9588818], [447, 219], [195, 261], [0.9402269], [271, 222], [82, 258], [0.95900965], [388, 228], [169, 271], [0.9613218], [338, 228], [130, 272], [0.95776594], [399, 314], [169, 351], [0.56772655], [341, 322], [131, 355], [0.91826767], [400, 411], [160, 423], [0.7307896], [343, 416], [122, 436], [0.7535678]]"
match keypoints image83 [[368, 41], [171, 117], [0.95678365], [359, 33], [166, 110], [0.9147232], [344, 40], [144, 109], [0.9582401], [398, 102], [170, 165], [0.96438694], [319, 99], [116, 152], [0.9613163], [418, 164], [179, 219], [0.9420388], [296, 164], [101, 208], [0.95660347], [446, 219], [193, 261], [0.92873734], [271, 222], [82, 258], [0.8882207], [387, 227], [167, 269], [0.94941205], [337, 227], [129, 270], [0.94691056], [398, 313], [169, 351], [0.42083287], [341, 322], [132, 354], [0.8717889], [399, 411], [158, 423], [0.6814122], [343, 416], [122, 435], [0.6518672]]"
match keypoints image84 [[367, 41], [171, 117], [0.96031517], [358, 33], [166, 110], [0.89754516], [344, 39], [144, 108], [0.9537497], [398, 102], [169, 165], [0.9622101], [318, 99], [116, 151], [0.9540186], [417, 164], [178, 219], [0.89580774], [296, 163], [101, 208], [0.949593], [445, 218], [192, 260], [0.77953905], [271, 222], [83, 257], [0.93796915], [387, 227], [167, 269], [0.9307714], [337, 227], [128, 270], [0.9347969], [398, 314], [167, 350], [0.6962277], [341, 321], [131, 353], [0.8893569], [397, 412], [157, 423], [0.5735889], [343, 415], [122, 435], [0.53774726]]"
match keypoints image85 [[367, 41], [171, 117], [0.96136373], [358, 33], [166, 110], [0.9481784], [343, 39], [144, 108], [0.96069324], [397, 102], [169, 165], [0.963198], [318, 99], [117, 151], [0.9601364], [417, 164], [178, 219], [0.91623014], [296, 163], [101, 208], [0.9496965], [444, 218], [191, 260], [0.82647586], [271, 222], [84, 257], [0.95202017], [387, 226], [166, 270], [0.949401], [337, 226], [128, 270], [0.9261861], [397, 313], [166, 351], [0.66931325], [341, 321], [132, 354], [0.8073987], [396, 412], [155, 423], [0.35594317], [343, 415], [122, 435], [0.3563803]]"
match keypoints image86 [[368, 41], [171, 117], [0.9598777], [359, 33], [166, 110], [0.95193124], [344, 39], [144, 108], [0.9608726], [397, 102], [169, 164], [0.9631702], [318, 98], [116, 151], [0.9581743], [416, 164], [177, 219], [0.91691387], [296, 163], [102, 208], [0.9474478], [443, 218], [191, 260], [0.8674145], [271, 221], [85, 257], [0.94882697], [387, 226], [166, 270], [0.94963753], [338, 226], [128, 270], [0.9075079], [396, 314], [166, 351], [0.72714454], [341, 321], [132, 354], [0.82263756], [394, 412], [154, 423], [0.50707334], [343, 414], [122, 435], [0.3420112]]"
match keypoints image87 [[368, 41], [172, 117], [0.9553961], [359, 33], [166, 110], [0.9170399], [344, 39], [145, 108], [0.9626693], [397, 102], [169, 164], [0.9649593], [318, 98], [117, 151], [0.9644255], [416, 164], [176, 219], [0.8129109], [296, 163], [103, 209], [0.95576113], [443, 218], [191, 260], [0.9405343], [272, 222], [86, 257], [0.9549304], [388, 226], [166, 268], [0.95272315], [338, 227], [128, 269], [0.9547947], [396, 315], [166, 351], [0.82340974], [342, 322], [133, 353], [0.7057007], [392, 412], [153, 423], [0.89316714], [343, 415], [122, 435], [0.77806735]]"
match keypoints image88 [[369, 41], [172, 117], [0.9611489], [361, 33], [167, 110], [0.9576993], [345, 38], [146, 108], [0.9615691], [398, 102], [169, 164], [0.96363187], [319, 98], [117, 151], [0.9633691], [416, 164], [176, 220], [0.7664188], [297, 163], [103, 208], [0.9487437], [443, 219], [190, 261], [0.7610024], [272, 221], [87, 257], [0.9597112], [387, 225], [167, 269], [0.94541883], [338, 224], [129, 270], [0.93329996], [395, 316], [165, 351], [0.73131496], [342, 322], [133, 353], [0.6164374], [390, 412], [122, 435], [0.506048]]"
match keypoints image89 [[374, 42], [172, 118], [0.9626385], [366, 34], [167, 111], [0.9611787], [350, 40], [146, 109], [0.96098465], [402, 105], [169, 165], [0.963085], [324, 99], [118, 151], [0.9618855], [419, 166], [176, 220], [0.8959562], [301, 164], [105, 209], [0.92917323], [445, 221], [190, 261], [0.9292623], [275, 221], [88, 256], [0.96021557], [389, 227], [167, 269], [0.94433653], [341, 225], [129, 270], [0.87920266], [394, 321], [164, 352], [0.79588914], [343, 325], [133, 354], [0.7191886], [389, 413], [151, 425], [0.74016535], [343, 416], [122, 435], [0.50994134]]"
match keypoints image90 [[376, 42], [175, 120], [0.9603441], [368, 35], [170, 113], [0.95461875], [353, 40], [149, 111], [0.96437657], [404, 105], [171, 166], [0.9647033], [326, 99], [122, 152], [0.96497405], [421, 167], [178, 223], [0.8959853], [303, 164], [109, 207], [0.9563298], [446, 222], [191, 264], [0.8728525], [276, 221], [93, 256], [0.9567191], [390, 227], [169, 272], [0.9520851], [342, 225], [134, 272], [0.9529717], [394, 321], [165, 353], [0.87104017], [343, 325], [134, 354], [0.8629527], [389, 413], [151, 426], [0.86686146], [343, 416], [122, 435], [0.84315]]"
match keypoints image91 [[378, 43], [176, 120], [0.7009912], [370, 35], [171, 113], [0.82298833], [354, 41], [150, 112], [0.9558144], [406, 105], [172, 167], [0.9602673], [328, 99], [124, 152], [0.95928496], [422, 167], [178, 223], [0.70592785], [304, 163], [111, 207], [0.9326378], [446, 222], [191, 264], [0.9499868], [277, 221], [94, 255], [0.818685], [392, 228], [169, 272], [0.9334399], [343, 226], [134, 272], [0.94647986], [394, 324], [166, 353], [0.77667564], [344, 327], [135, 354], [0.5992454], [390, 414], [151, 426], [0.9099348], [344, 416], [122, 434], [0.8019855]]"
match keypoints image92 [[380, 43], [176, 121], [0.96166223], [371, 35], [172, 114], [0.8335132], [356, 41], [151, 112], [0.9551681], [407, 105], [173, 167], [0.9624125], [330, 99], [125, 152], [0.9599533], [423, 168], [179, 223], [0.88795984], [306, 162], [113, 206], [0.8703696], [448, 222], [191, 264], [0.9203536], [278, 220], [95, 254], [0.8817654], [393, 229], [169, 269], [0.94458556], [344, 227], [135, 268], [0.93638337], [395, 323], [166, 353], [0.8281591], [344, 326], [136, 354], [0.73900145], [390, 414], [151, 426], [0.8700038], [344, 416], [122, 434], [0.530199]]"
match keypoints image93 [[381, 43], [178, 121], [0.9637992], [373, 35], [172, 114], [0.9620842], [358, 41], [152, 113], [0.9328112], [409, 105], [173, 167], [0.9648062], [331, 98], [126, 152], [0.96192956], [424, 169], [179, 223], [0.38407305], [308, 161], [113, 206], [0.9568933], [448, 222], [191, 264], [0.96341455], [280, 218], [97, 254], [0.9261639], [394, 230], [170, 268], [0.9566217], [346, 228], [136, 267], [0.95434386], [397, 324], [166, 353], [0.785527], [346, 327], [137, 353], [0.7814616], [389, 415], [151, 426], [0.9478484], [344, 416], [123, 434], [0.7445871]]"
match keypoints image94 [[383, 42], [178, 121], [0.96423256], [374, 35], [173, 114], [0.96194196], [359, 41], [152, 113], [0.9625504], [410, 105], [174, 167], [0.963438], [332, 98], [127, 152], [0.9647102], [425, 168], [180, 222], [0.88250744], [309, 160], [115, 206], [0.9600327], [449, 223], [191, 264], [0.9188338], [281, 218], [98, 254], [0.9570399], [395, 229], [170, 267], [0.95381725], [347, 227], [136, 267], [0.958104], [397, 323], [167, 351], [0.89787287], [347, 325], [138, 350], [0.8372323], [389, 415], [151, 426], [0.79957247], [344, 417], [123, 433], [0.44156018]]"
match keypoints image95 [[384, 42], [178, 120], [0.9557709], [376, 34], [173, 114], [0.94405496], [360, 41], [153, 113], [0.95159197], [411, 105], [174, 167], [0.96011126], [334, 98], [128, 152], [0.9565608], [425, 168], [180, 222], [0.17415178], [310, 160], [115, 206], [0.93031085], [449, 223], [191, 264], [0.9047156], [282, 217], [99, 254], [0.88721174], [395, 228], [171, 266], [0.92429286], [347, 226], [137, 267], [0.95348716], [397, 322], [167, 351], [0.8731572], [348, 323], [139, 350], [0.83278435], [390, 414], [151, 426], [0.81807077], [344, 417], [124, 434], [0.50735104]]"
match keypoints image96 [[386, 41], [179, 120], [0.75478613], [377, 33], [174, 113], [0.6684352], [362, 39], [154, 112], [0.93355393], [412, 105], [174, 166], [0.9588492], [335, 96], [129, 151], [0.9571941], [426, 167], [178, 222], [0.7735235], [311, 158], [118, 205], [0.9269292], [449, 222], [190, 264], [0.83700967], [283, 215], [102, 252], [0.3687184], [395, 227], [170, 266], [0.8937932], [347, 224], [137, 266], [0.94583994], [397, 321], [167, 351], [0.68477273], [347, 321], [139, 350], [0.74956405], [389, 415], [151, 425], [0.65210986], [344, 418], [128, 435], [0.11439565]]"
match keypoints image97 [[386, 41], [179, 120], [0.95998394], [377, 33], [174, 113], [0.86889297], [362, 39], [154, 112], [0.9418701], [411, 105], [173, 166], [0.96189857], [335, 96], [129, 151], [0.95757324], [425, 167], [178, 222], [0.82078934], [311, 158], [118, 205], [0.93919027], [449, 222], [190, 264], [0.89752674], [283, 215], [103, 251], [0.9418171], [395, 227], [170, 266], [0.93183273], [347, 224], [137, 265], [0.95523626], [397, 321], [166, 351], [0.7447943], [346, 322], [140, 350], [0.61919457], [389, 415], [151, 425], [0.8108711], [343, 417], [127, 435], [0.3610282]]"
match keypoints image98 [[385, 41], [179, 120], [0.95904875], [377, 33], [174, 113], [0.8173972], [361, 39], [153, 112], [0.9486044], [410, 105], [172, 166], [0.9605082], [334, 96], [129, 150], [0.95637196], [424, 167], [177, 221], [0.3435206], [311, 158], [118, 204], [0.91610086], [448, 222], [188, 263], [0.88506585], [282, 215], [103, 252], [0.9435615], [394, 229], [170, 266], [0.85455203], [347, 226], [137, 266], [0.8960912], [396, 322], [166, 350], [0.39852127], [389, 415], [151, 425], [0.6817252], [343, 418], [127, 435], [0.28536904]]"
match keypoints image99 [[385, 41], [179, 120], [0.9616851], [376, 33], [173, 112], [0.95969605], [361, 39], [153, 112], [0.96234846], [409, 104], [172, 166], [0.9643873], [334, 96], [129, 151], [0.9601643], [423, 168], [176, 222], [0.8300776], [310, 158], [118, 205], [0.9552173], [446, 221], [187, 263], [0.9557923], [281, 216], [103, 252], [0.92006314], [393, 228], [169, 266], [0.94137806], [346, 225], [137, 266], [0.9564607], [395, 321], [166, 351], [0.86720896], [344, 322], [140, 352], [0.49435866], [389, 415], [151, 426], [0.8869381], [343, 418], [127, 436], [0.4425112]]"
